320 -1.29 0.44 0.0 0.435 0.48 1
321 -2.25 1.87 0.0 0.435 0.48 1
322 -3.29 2.54 0.0 0.435 0.48 1
323 -2.39 3.24 0.0 0.435 0.48 1
324 -1.86 1.2 0.0 0.435 0.48 1
325 9.34 3.79 0.0 0.435 0.48 1
326 9.03 4.21 0.0 0.435 0.48 1
327 8.32 4.92 0.0 0.435 0.48 1
328 7.22 4.63 0.0 0.435 0.48 1
329 7.76 4.15 0.0 0.435 0.48 1
330 11.18 6.44 0.0 0.435 0.48 1
331 5.55 6.89 0.0 0.435 0.48 1
332 8.83 5.77 0.0 0.435 0.48 1
333 9.55 5.42 0.0 0.435 0.48 1
334 -1.59 5.2 0.0 0.435 0.48 1
335 -2.07 5.1 0.0 0.435 0.48 1
336 -2.37 5.86 0.0 0.435 0.48 1
337 -1.61 6.42 0.0 0.435 0.48 1
338 -1.32 7.2 0.0 0.435 0.48 1
