238 12.43 3.6 0.0 0.435 0.48 1
257 -4.95 4.36 0.0 0.435 0.48 1
258 13.77 6.59 0.0 0.435 0.48 1
259 12.4 6.56 0.0 0.435 0.48 1
260 -4.92 3.45 0.0 0.435 0.48 1
261 -2.83 4.38 0.0 0.435 0.48 1
262 -2.93 3.23 0.0 0.435 0.48 1
263 10.44 6.9 0.0 0.435 0.48 1
264 10.65 7.69 0.0 0.435 0.48 1
265 10.46 3.73 0.0 0.435 0.48 1
266 11.23 4.26 0.0 0.435 0.48 1
267 10.54 4.67 0.0 0.435 0.48 1
268 10.72 5.11 0.0 0.435 0.48 1
269 13.2 5.03 0.0 0.435 0.48 1
270 12.51 4.36 0.0 0.435 0.48 1
273 1.82 5.39 0.0 0.435 0.48 1
275 8.01 5.58 0.0 0.435 0.48 1
276 5.29 7.15 0.0 0.435 0.48 1
278 8.67 6.27 0.0 0.435 0.48 1
279 9.09 5.49 0.0 0.435 0.48 1
280 3.41 7.18 0.0 0.435 0.48 1
281 9.99 5.8 0.0 0.435 0.48 1
283 11.21 6.17 0.0 0.435 0.48 1
284 13.74 5.86 0.0 0.435 0.48 1
285 -3.93 5.63 0.0 0.435 0.48 1
286 -3.81 9.19 0.0 0.435 0.48 1
287 13.52 6.18 0.0 0.435 0.48 1
