238 12.42 3.64 0.0 0.435 0.48 1
257 -3.93 4.45 0.0 0.435 0.48 1
258 13.29 7.02 0.0 0.435 0.48 1
259 12.04 6.66 0.0 0.435 0.48 1
260 -3.95 3.39 0.0 0.435 0.48 1
261 -1.43 4.65 0.0 0.435 0.48 1
262 -1.82 3.24 0.0 0.435 0.48 1
263 9.65 6.89 0.0 0.435 0.48 1
264 9.85 7.64 0.0 0.435 0.48 1
265 9.66 3.38 0.0 0.435 0.48 1
266 10.43 4.18 0.0 0.435 0.48 1
267 9.79 4.61 0.0 0.435 0.48 1
268 9.96 5.09 0.0 0.435 0.48 1
269 12.15 5.0 0.0 0.435 0.48 1
270 11.68 4.14 0.0 0.435 0.48 1
273 2.75 5.57 0.0 0.435 0.48 1
275 8.62 5.83 0.0 0.435 0.48 1
276 4.22 7.02 0.0 0.435 0.48 1
278 9.36 6.24 0.0 0.435 0.48 1
279 9.75 5.68 0.0 0.435 0.48 1
280 2.34 6.85 0.0 0.435 0.48 1
281 10.59 5.92 0.0 0.435 0.48 1
283 12.07 6.11 0.0 0.435 0.48 1
284 13.74 5.86 0.0 0.435 0.48 1
