238 12.5 3.6 0.0 0.435 0.48 1
250 1.14 5.1 0.0 0.435 0.48 1
252 13.57 5.31 0.0 0.435 0.48 1
254 12.96 5.75 0.0 0.435 0.48 1
255 2.11 4.71 0.0 0.435 0.48 1
256 2.53 5.19 0.0 0.435 0.48 1
257 4.44 6.01 0.0 0.435 0.48 1
258 6.15 7.92 0.0 0.435 0.48 1
259 6.09 7.08 0.0 0.435 0.48 1
260 4.34 5.3 0.0 0.435 0.48 1
261 6.79 6.6 0.0 0.435 0.48 1
262 7.33 6.03 0.0 0.435 0.48 1
263 1.57 6.1 0.0 0.435 0.48 1
264 1.42 6.73 0.0 0.435 0.48 1
265 2.0 2.21 0.0 0.435 0.48 1
266 2.06 3.0 0.0 0.435 0.48 1
267 1.68 3.38 0.0 0.435 0.48 1
268 1.94 3.85 0.0 0.435 0.48 1
269 3.84 3.76 0.0 0.435 0.48 1
270 2.84 2.75 0.0 0.435 0.48 1
272 3.17 4.24 0.0 0.435 0.48 1
273 11.4 6.8 0.0 0.435 0.48 1
274 13.87 5.21 0.0 0.435 0.48 1
