238 12.79 3.86 0.0 0.435 0.48 1
257 -7.58 4.44 0.0 0.435 0.48 1
260 -7.69 3.69 0.0 0.435 0.48 1
261 -5.76 4.6 0.0 0.435 0.48 1
262 -6.0 3.41 0.0 0.435 0.48 1
263 12.08 6.58 0.0 0.435 0.48 1
264 12.35 7.3 0.0 0.435 0.48 1
265 11.96 4.27 0.0 0.435 0.48 1
266 13.41 4.79 0.0 0.435 0.48 1
267 11.99 5.02 0.0 0.435 0.48 1
268 12.19 5.4 0.0 0.435 0.48 1
273 -1.18 4.74 0.0 0.435 0.48 1
275 6.25 5.15 0.0 0.435 0.48 1
276 8.3 7.24 0.0 0.435 0.48 1
278 6.72 6.02 0.0 0.435 0.48 1
279 7.35 5.67 0.0 0.435 0.48 1
280 6.91 7.81 0.0 0.435 0.48 1
281 7.85 4.24 0.0 0.435 0.48 1
283 8.37 6.4 0.0 0.435 0.48 1
284 13.78 5.86 0.0 0.435 0.48 1
285 -0.91 5.95 0.0 0.435 0.48 1
286 -2.85 9.25 0.0 0.435 0.48 1
287 11.3 6.08 0.0 0.435 0.48 1
288 13.68 4.8 0.0 0.435 0.48 1
289 12.82 5.83 0.0 0.435 0.48 1
