171 -3.05 8.05 0.0 0.435 0.48 1
176 -3.57 6.9 0.0 0.435 0.48 1
177 11.68 6.59 0.0 0.435 0.48 1
178 10.88 5.67 0.0 0.435 0.48 1
179 10.94 4.8 0.0 0.435 0.48 1
180 8.47 4.33 0.0 0.435 0.48 1
181 8.2 4.81 0.0 0.435 0.48 1
182 9.93 6.18 0.0 0.435 0.48 1
183 9.01 6.45 0.0 0.435 0.48 1
184 9.35 7.23 0.0 0.435 0.48 1
185 1.02 6.01 0.0 0.435 0.48 1
186 0.19 7.2 0.0 0.435 0.48 1
187 -0.05 8.14 0.0 0.435 0.48 1
188 0.15 8.94 0.0 0.435 0.48 1
189 10.63 7.83 0.0 0.435 0.48 1
190 -2.64 3.35 0.0 0.435 0.48 1
