238 12.86 4.03 0.0 0.435 0.48 1
263 12.35 6.53 0.0 0.435 0.48 1
264 12.7 7.19 0.0 0.435 0.48 1
265 12.18 4.41 0.0 0.435 0.48 1
267 12.13 5.0 0.0 0.435 0.48 1
268 12.46 5.57 0.0 0.435 0.48 1
275 5.65 4.95 0.0 0.435 0.48 1
276 9.18 7.25 0.0 0.435 0.48 1
278 6.01 5.9 0.0 0.435 0.48 1
279 6.75 6.01 0.0 0.435 0.48 1
280 7.98 7.8 0.0 0.435 0.48 1
281 6.73 3.88 0.0 0.435 0.48 1
283 7.7 6.33 0.0 0.435 0.48 1
285 0.19 6.23 0.0 0.435 0.48 1
286 -2.38 9.26 0.0 0.435 0.48 1
287 10.52 6.12 0.0 0.435 0.48 1
289 12.23 5.98 0.0 0.435 0.48 1
290 13.8 6.61 0.0 0.435 0.48 1
