238 12.59 3.58 0.0 0.435 0.48 1
250 2.93 5.39 0.0 0.435 0.48 1
252 12.93 5.35 0.0 0.435 0.48 1
253 13.54 5.0 0.0 0.435 0.48 1
254 12.18 5.82 0.0 0.435 0.48 1
255 3.57 4.62 0.0 0.435 0.48 1
256 3.92 5.5 0.0 0.435 0.48 1
257 6.04 6.45 0.0 0.435 0.48 1
258 4.43 7.61 0.0 0.435 0.48 1
259 4.33 6.82 0.0 0.435 0.48 1
260 6.24 5.75 0.0 0.435 0.48 1
261 8.72 7.31 0.0 0.435 0.48 1
262 9.77 6.69 0.0 0.435 0.48 1
263 -0.19 5.44 0.0 0.435 0.48 1
264 -0.39 6.18 0.0 0.435 0.48 1
265 -0.13 1.95 0.0 0.435 0.48 1
266 0.0 2.69 0.0 0.435 0.48 1
267 -0.2 3.41 0.0 0.435 0.48 1
268 0.37 4.03 0.0 0.435 0.48 1
269 1.96 3.52 0.0 0.435 0.48 1
270 0.96 2.27 0.0 0.435 0.48 1
272 0.31 4.56 0.0 0.435 0.48 1
273 13.18 6.25 0.0 0.435 0.48 1
