342 -4.35 -0.27 0.0 0.435 0.48 1
345 -3.35 -0.98 0.0 0.435 0.48 1
346 13.85 6.2 0.0 0.435 0.48 1
347 13.98 5.17 0.0 0.435 0.48 1
348 -2.39 3.96 0.0 0.435 0.48 1
349 10.09 5.25 0.0 0.435 0.48 1
350 4.59 5.82 0.0 0.435 0.48 1
351 5.47 2.9 0.0 0.435 0.48 1
352 4.3 3.55 0.0 0.435 0.48 1
353 4.06 4.17 0.0 0.435 0.48 1
354 6.01 6.68 0.0 0.435 0.48 1
355 2.2 8.09 0.0 0.435 0.48 1
356 -4.46 1.58 0.0 0.435 0.48 1
357 -5.94 6.35 0.0 0.435 0.48 1
358 -6.05 7.26 0.0 0.435 0.48 1
359 -4.12 12.14 0.0 0.435 0.48 1
