342 -3.96 0.4 0.0 0.435 0.48 1
345 -2.68 -0.09 0.0 0.435 0.48 1
346 12.6 5.66 0.0 0.435 0.48 1
347 12.67 4.84 0.0 0.435 0.48 1
348 -1.56 4.0 0.0 0.435 0.48 1
349 8.88 5.26 0.0 0.435 0.48 1
350 3.64 5.81 0.0 0.435 0.48 1
351 4.42 2.71 0.0 0.435 0.48 1
352 3.36 3.31 0.0 0.435 0.48 1
353 3.0 3.81 0.0 0.435 0.48 1
354 7.01 6.49 0.0 0.435 0.48 1
355 1.38 8.29 0.0 0.435 0.48 1
356 -5.54 1.26 0.0 0.435 0.48 1
357 -6.4 6.26 0.0 0.435 0.48 1
358 -6.55 7.2 0.0 0.435 0.48 1
359 -4.9 12.67 0.0 0.435 0.48 1
