238 12.43 3.73 0.0 0.435 0.48 1
257 -1.76 4.92 0.0 0.435 0.48 1
258 12.01 7.36 0.0 0.435 0.48 1
259 11.24 6.95 0.0 0.435 0.48 1
260 -1.66 3.83 0.0 0.435 0.48 1
261 0.16 4.93 0.0 0.435 0.48 1
262 0.28 3.54 0.0 0.435 0.48 1
263 8.0 6.96 0.0 0.435 0.48 1
264 8.11 7.48 0.0 0.435 0.48 1
265 8.05 3.16 0.0 0.435 0.48 1
266 8.39 3.96 0.0 0.435 0.48 1
267 8.14 4.51 0.0 0.435 0.48 1
268 8.2 5.14 0.0 0.435 0.48 1
269 10.25 4.9 0.0 0.435 0.48 1
270 9.93 3.99 0.0 0.435 0.48 1
272 13.16 5.2 0.0 0.435 0.48 1
273 4.73 5.81 0.0 0.435 0.48 1
275 9.76 6.01 0.0 0.435 0.48 1
276 2.12 6.71 0.0 0.435 0.48 1
277 13.75 6.05 0.0 0.435 0.48 1
278 10.48 6.48 0.0 0.435 0.48 1
279 11.04 5.82 0.0 0.435 0.48 1
280 0.24 6.22 0.0 0.435 0.48 1
281 11.83 5.96 0.0 0.435 0.48 1
282 13.79 6.2 0.0 0.435 0.48 1
