238 12.48 3.79 0.0 0.435 0.48 1
257 -1.01 4.99 0.0 0.435 0.48 1
258 11.4 7.6 0.0 0.435 0.48 1
259 10.66 7.0 0.0 0.435 0.48 1
260 -0.97 3.95 0.0 0.435 0.48 1
261 1.07 5.24 0.0 0.435 0.48 1
262 1.26 3.86 0.0 0.435 0.48 1
263 7.08 6.94 0.0 0.435 0.48 1
264 7.21 7.67 0.0 0.435 0.48 1
265 7.33 3.04 0.0 0.435 0.48 1
266 7.54 3.83 0.0 0.435 0.48 1
267 7.21 4.39 0.0 0.435 0.48 1
268 7.24 5.01 0.0 0.435 0.48 1
269 9.26 4.83 0.0 0.435 0.48 1
270 9.04 3.83 0.0 0.435 0.48 1
272 12.08 5.06 0.0 0.435 0.48 1
273 5.73 5.95 0.0 0.435 0.48 1
274 13.87 5.21 0.0 0.435 0.48 1
275 10.27 6.17 0.0 0.435 0.48 1
276 1.04 6.59 0.0 0.435 0.48 1
277 13.75 6.05 0.0 0.435 0.48 1
278 11.15 6.58 0.0 0.435 0.48 1
279 11.66 6.04 0.0 0.435 0.48 1
280 -0.87 5.95 0.0 0.435 0.48 1
281 12.51 6.17 0.0 0.435 0.48 1
