238 12.37 3.56 0.0 0.435 0.48 1
250 4.45 5.83 0.0 0.435 0.48 1
251 12.84 5.71 0.0 0.435 0.48 1
252 11.91 5.41 0.0 0.435 0.48 1
253 12.63 4.91 0.0 0.435 0.48 1
254 10.48 5.53 0.0 0.435 0.48 1
255 5.27 5.2 0.0 0.435 0.48 1
256 5.38 6.0 0.0 0.435 0.48 1
257 7.74 6.97 0.0 0.435 0.48 1
258 2.91 7.26 0.0 0.435 0.48 1
259 2.64 6.36 0.0 0.435 0.48 1
260 8.13 6.48 0.0 0.435 0.48 1
261 10.83 7.5 0.0 0.435 0.48 1
262 12.27 6.74 0.0 0.435 0.48 1
263 -1.98 5.1 0.0 0.435 0.48 1
264 -2.16 5.98 0.0 0.435 0.48 1
265 -2.07 1.9 0.0 0.435 0.48 1
266 -1.85 2.67 0.0 0.435 0.48 1
267 -2.0 3.25 0.0 0.435 0.48 1
268 -1.38 3.89 0.0 0.435 0.48 1
269 0.1 3.41 0.0 0.435 0.48 1
270 -0.92 1.99 0.0 0.435 0.48 1
272 -2.43 4.2 0.0 0.435 0.48 1
