238 12.67 3.61 0.0 0.435 0.48 1
250 -0.38 4.33 0.0 0.435 0.48 1
254 13.12 5.78 0.0 0.435 0.48 1
255 0.99 4.16 0.0 0.435 0.48 1
256 0.87 5.02 0.0 0.435 0.48 1
257 2.8 5.7 0.0 0.435 0.48 1
258 8.15 7.88 0.0 0.435 0.48 1
259 7.87 7.03 0.0 0.435 0.48 1
260 2.58 4.96 0.0 0.435 0.48 1
261 4.75 5.96 0.0 0.435 0.48 1
262 5.22 5.34 0.0 0.435 0.48 1
263 3.57 6.63 0.0 0.435 0.48 1
264 3.33 7.35 0.0 0.435 0.48 1
265 4.02 2.4 0.0 0.435 0.48 1
266 3.98 3.28 0.0 0.435 0.48 1
267 3.43 3.69 0.0 0.435 0.48 1
268 3.56 4.44 0.0 0.435 0.48 1
269 5.53 4.14 0.0 0.435 0.48 1
270 5.04 2.92 0.0 0.435 0.48 1
272 6.48 4.62 0.0 0.435 0.48 1
273 9.43 6.49 0.0 0.435 0.48 1
274 13.87 5.21 0.0 0.435 0.48 1
275 12.33 6.31 0.0 0.435 0.48 1
276 -3.3 5.59 0.0 0.435 0.48 1
277 13.75 6.05 0.0 0.435 0.48 1
