0 -0.7476976458387163 -5.665855352480921 -2.266041923666283 0.5157367379314969 0.5037983671423495 1
6 -0.47831721595077514 -6.225160952506328 -2.2077689658425887 0.5468160569131937 0.523794124673597 2
12 5.619927541821664 5.142556112121943 0.34012933966172115 0.49464092977877133 0.3761425661980115 1
18 6.394550131554425 5.251885959199644 1.1345396286744502 0.45264864632348784 0.4927809056696167 3
24 5.731653550340927 4.577013573933378 1.1371594953718702 0.40719149995470083 0.4307440883671517 1
30 6.64436804378872 4.577438909414694 1.5566661783178963 0.4572155218208949 0.3451294728154704 0
36 7.6127857160684655 5.492460013541562 1.1210182685449355 0.5066529800705126 0.4015648668522621 0
41 4.920929747073913 1.4055420981471767 0.784988645846445 0.6093306714064372 0.5385823488727259 2
46 7.694043169581632 -2.560908129235046 0.680714766976326 0.5865789111451367 0.5314001267200897 2
51 0.25971298207839766 -11.39105341036114 -2.3050999763127034 0.6333292405273094 0.6845641094847765 2
57 2.324411381402353 -7.9979103596956 -2.696314905074959 0.6176937142109756 0.6127380791833658 2
63 5.628326191770139 2.901216623079671 0.8759686263893542 0.5489376156124876 0.6571186878303529 3
68 4.41559195424609 -6.2629040612138045 -0.607050973438652 0.7333871153175023 0.5579628329590414 1
73 5.2747421818976505 -6.093624302346472 -0.5976855884220205 0.5515924654263077 0.6631096723966362 2
78 5.2129460257187965 -6.6330258645535505 -0.6229234312970499 0.5564642144778584 0.5750314300380592 2
83 -6.285200440066313 -8.775154107119967 -2.3404579601195135 0.513882988160315 0.5390669622178768 3
88 -3.3953015162360862 -5.045304040532798 0.842026424985255 0.563296097683334 0.4390089722664679 2
93 -3.363210012557068 0.3127676288153044 2.2705746647603915 0.5354058198528495 0.48875955455471987 3
103 3.229544483666773 -7.122114270090984 0.3419062771467136 0.5470930095137105 0.5901489236324335 2
108 4.323629918388321 -8.186798265499503 0.2806731980983606 0.5185484197617339 0.5901706462206157 2
113 9.403852913269157 -3.678931994237794 0.8026700639648099 0.6994049902816852 0.7189833513968893 2
124 -5.103368144469545 -4.050894617448043 -0.5276893910326609 0.5041596902824901 0.3140330545990619 2
129 -5.369370936270187 -4.589142425101738 -0.8940510444662016 0.4450702743749086 0.3596557875856944 2
144 0.25150366476176855 2.7589556320684654 -2.351026957804152 0.5172810531342548 0.4485101853594612 3
149 1.0298384962116056 3.3126187465489645 -2.3811516540466324 0.4884734713395109 0.42907482056110513 3
171 2.3278582364453237 -0.021065860018833288 -2.2205715668614596 0.5833690432378354 0.537535938853181 1
177 2.1503151230233963 0.8576410006713528 -2.1871171876513804 0.5856394517497321 0.48549772734473673 2
183 1.6179053057837967 0.5091212130430982 -2.2040193477576193 0.49903135615282396 0.4668551292685915 1
189 6.610975672456993 9.429398000846087 2.8438440687879742 0.42993141387846295 0.4976203455882616 3
195 8.34257116083728 2.086491665461221 -2.0150458798185262 0.6367350900776172 0.5833061215463428 0
201 9.020875025073014 2.124424888384703 -2.01149385599055 0.5497389643244069 0.457206223621452 0
227 5.077744928678174 -4.604085959617354 -2.5861826164950847 0.4530665720313774 0.5186074368359016 1
239 5.195440019217862 -5.097939954323392 -2.6044603379951443 0.49821532731739143 0.5574866569488869 2
310 -2.184626480012028 -3.7201604029269726 1.5389247374974768 0.7457445711973892 0.564722228896181 1
288 2.6830194083062273 -8.598496118009184 0.34025938954325347 0.5789250458480072 0.5760724231663459 2
324 5.980516650150072 -0.4568588235357085 -2.2558788754976526 0.5938485515548603 0.4952360957266803 3
335 -3.7589534090569616 -0.24028825737154058 2.190810279645973 0.6107819393181861 0.503953221471789 2
368 0.7355531593457418 -5.653828694144468 1.2878394658597023 0.6596044423120089 0.6310948286839075 1
373 5.761658018956139 -10.221163245286997 -2.521032901826725 0.5437984009542407 0.6057500540193806 2
379 5.694159672125535 0.055568063632625675 -2.3783561309149235 0.5120570546250319 0.49091085666508205 3
480 6.824125680992782 8.528991435262958 2.694737915771344 0.48350659907429716 0.5719842565676245 2
486 -0.8045008376846879 -3.6765204140752457 -0.4885289121375803 0.5953918868107883 0.5615712242123094 1
561 10.189560802539338 2.5853353280323343 2.17038815197625 0.541015428288584 0.4883345418177333 0
454 -10.025080645842193 -2.396476099853153 2.324646319753638 0.47288776540811195 0.3357168530173435 0
459 -10.620907087763683 -2.9206627570160064 2.3194900411430974 0.45243057743402687 0.3321926616050097 0
499 -9.620933738649187 -3.215935210257032 2.016749845524028 0.48918614725011356 0.37960459909949473 0
655 12.103200093572402 1.1350610026551209 1.8385160318291411 0.6818589919665712 0.552368943729657 3
698 -3.702944833962073 -1.9480160621129579 -1.2149870490968089 0.520555827953964 0.6954183617125362 1
751 4.872081002085676 8.780082842668604 -1.618362656958263 0.5994316072482965 0.4381418221565547 2
775 9.469258440705815 5.375879109265981 -2.251113060300405 0.5716211242401061 0.4472466445308813 0
780 9.146915694747578 5.89668797766743 -2.5443986724089416 0.5985041999021506 0.43211831871233625 3
809 3.6909528531162383 5.457289054250951 -1.4141906310832897 0.7244956425088982 0.7495848323973795 2
785 6.177777141943287 4.528334584738307 1.3004220022350075 0.42911414624553057 0.38679966836554525 3
852 2.5831498312852217 6.2338672864952525 -1.7659498552785078 0.6571501079539508 0.5133536695983403 3
827 10.719421462450784 -4.630771969057695 -2.5473761014014107 0.6106443738471666 0.6164869486768771 2
832 11.753605629192359 -2.475859682410385 -2.4482039137078235 0.6264935669288382 0.7327199639763985 3
837 5.016052035089636 10.709499990065803 -0.04429933822931331 0.6474557115999675 0.39643841526467594 3
