12 5.401283943748378 5.299276217235733 -1.0142861536403294 0.5732141551761988 0.45846415278368174 2
18 5.959641717493237 5.649454677342381 -2.163587524045983 0.47426425485857787 0.43711376309544625 0
24 5.72367981069745 4.741539426669372 1.1371594953718704 0.4906186008633059 0.4307440883671517 2
30 5.804914852936417 7.274720086437539 2.3592318585507606 0.5619259148474633 0.4965810193749883 2
41 7.161370626436333 4.125720271491178 0.36431199498855116 0.6093306714064372 0.4403355119951824 2
88 -3.328221007446001 -4.9899188122827995 -0.7589135826559232 0.563296097683334 0.49623738757285996 0
103 9.638997376058976 -4.797244119593209 0.279980290569432 0.6095517368441256 0.7458571269914418 3
108 10.858596312387691 -4.97318317695404 0.16056440006664274 0.6042897737650924 0.5857637810956101 3
124 -5.103368144469545 -4.050894617448043 -0.5276893910326609 0.5041596902824901 0.3140330545990619 0
129 -5.369370936270187 -4.589142425101738 -0.8940510444662016 0.4450702743749086 0.3596557875856944 0
171 -2.345425916848541 -6.925279025991833 -2.2205715668614596 0.4408737170372769 0.5242781281537708 2
177 -2.3851139251737035 -6.258927986674904 -2.272938061888656 0.4144670937233504 0.40249271059195474 1
183 -3.003291619477073 -6.4150475580157575 -2.2040193477576193 0.535191860381726 0.46361460786793146 0
195 6.339997763973135 -2.431776856801354 -2.2371650512081813 0.6367350900776172 0.525181879682926 1
201 6.916657361622102 -2.9514917299144967 -2.2033890362064468 0.5497389643244069 0.6465877794289085 0
227 -0.48685540681720463 -8.458423548163903 -2.4930726551192137 0.5668267097332478 0.4023536806534237 0
239 -0.19431691972851184 -8.952777246228537 -2.5657674076095818 0.5386886410306034 0.41609755907264406 0
288 7.501484741622185 -5.825591721416082 0.3402593895432534 0.5638224138347455 0.5291110537799587 2
324 -0.37900354290589655 -7.325256371731422 -2.3388587704140704 0.6874084082219719 0.5534267012448616 3
368 3.613273154831239 1.674195076514442 1.110184816655947 0.6913643517737545 0.40720822486893904 1
379 -0.8839198210818457 -6.958086764679665 -2.33167557942048 0.556616328591274 0.7611528015352309 2
486 7.746789597867406 -7.942361162571629 -0.5619830729179274 0.6672977359501153 0.5856490006216828 0
561 6.131266651722413 8.528492817565347 2.794802500040539 0.5367472492222085 0.42081242450212597 2
698 -6.623542109562047 -9.211522768669543 -2.22153870833317 0.6897364314090746 0.5884114284454317 3
751 1.713416408984679 0.5410474804961597 -1.838106551462755 0.5089806250445063 0.4460013279704446 1
775 3.6877688175735996 -1.2745067733902375 -2.531517702652263 0.6495575540415983 0.6882586909386994 1
780 3.3601021440837693 -0.5880475090877716 -2.5443986724089416 0.6530334020032422 0.5093482144114628 1
809 11.323394639117977 -1.540019039661706 0.09370976572697462 0.8007567769305426 0.5176459278019384 0
785 6.238933796149549 4.895573372385931 1.7683528442359082 0.5024512367108166 0.48745224305665386 2
852 0.12090647284383693 2.924641586706136 -2.301715196727988 0.47441636807502163 0.40479302533322786 3
832 8.023052610194107 -3.3949598361844373 -2.966833768107829 0.6153349108150366 0.5138866921103739 3
335 -2.6316826058072547 -4.891810651124538 -1.2778214205062437 0.5586130465127146 0.4641810935327247 1
1002 2.3049135220817543 6.500193473783283 -2.2570978549916862 0.6394500530933104 0.4346607887639555 3
948 -8.200881443750838 -3.8580078344992974 0.496102699936827 0.5089756701917756 0.47080564229505867 0
974 5.208979694011018 8.194424675871515 2.717706943873789 0.6089072351246132 0.403444970820741 2
1007 6.224862052431792 -5.497581141313446 -2.838067357776077 0.3967080943133671 0.5366124776975034 2
1030 -2.117071323411087 -4.735563009048139 -1.3824024111552717 0.5244858614060484 0.6013081396370675 1
1318 3.538783992161986 7.282291887396144 -1.6825332351071365 0.5728832116506278 0.43237612969674616 3
1067 4.97514897431394 10.107734012079208 -1.8745333055560722 0.6762406591195563 0.5906557100244674 3
1112 7.323788897242258 7.097882567312959 -2.891748636678636 0.6817020601701269 0.5608403624433911 3
1144 6.247409623439595 -5.990931585426084 -2.8649094473677836 0.48828716495841507 0.44176657593222013 3
1180 9.708965066195633 3.917715640457976 1.7885456547475385 0.5589102858238495 0.40236858086037075 3
1117 -3.087734216450309 -3.324857761754368 -1.2858127385229428 0.44973600504053945 0.5361163205782729 1
1122 -4.377167232944796 -2.2918283959170584 -0.7171970215718878 0.5576305215596942 0.5410511995333591 1
1211 0.9098583805209205 -10.138354229829526 0.9386746978673366 0.7161889612470218 0.6460438539795585 3
1271 3.939860265631469 10.184333563580344 2.9820586516496865 0.5492828807168917 0.5841697539933626 3
1295 7.110978672869477 7.69346750980765 -2.68775507410077 0.5548384979891502 0.5914648371924321 2
1323 8.333765696063972 5.871513496992732 -2.4027835312842685 0.5571393906491594 0.49344600964698243 0
1300 6.0304377666069335 7.942070048909222 2.811922624004409 0.5790833462823746 0.3579539825972038 2
1332 2.7491009464293255 6.965893956400379 -1.7706841287628048 0.6360735364320326 0.44217484211954194 2
1347 11.429835104630497 -2.9798909031187035 -2.5773814909687287 0.6089003584146064 0.5402821086175202 2
