0 1.9345017395370592 -1.1615364667676498 -2.2089055055914417 0.5025030018050446 0.6457913675415717 1
6 2.2425837315290016 -1.4457092607841235 -2.1808429070406463 0.4032519596105437 0.481934486404867 2
12 5.384199459309732 2.6632065315784184 0.9907267808953494 0.6607764751229271 0.5421929124388271 1
18 5.799081724090389 2.4235053420002894 1.0192929623309566 0.24671011628680653 0.3898021023008587 2
24 6.175687098863552 2.3611363607399163 0.9940990762530253 0.366695465715249 0.3752409455327957 2
30 6.423679112952111 2.9839852184636233 0.9454042152122512 0.4693923420895878 0.385370710571718 0
36 6.947542295604268 2.579242139657273 0.9333302488444167 0.5066529800705126 0.4015648668522621 0
41 4.007558528031726 -0.9898475552276365 0.8445820286426143 0.6901389810535282 0.7012163124076193 1
46 4.510116008261768 -3.713547460369305 0.5596111623368651 0.6211404473174418 0.6617841213046297 0
51 4.293763603196322 -7.039098095087451 -2.6062231919535708 0.6333292405273094 0.7990560439008554 2
57 5.925578447105348 -4.680172893381725 -2.5018699383293566 0.6800846536205032 0.6127380791833658 0
63 0.9249746032009831 -0.8286096685035581 0.8759686263893542 0.5489376156124876 0.6449877004208023 1
68 0.8676168157516091 -4.9718993499215935 -1.2302760116735163 0.6929688017013891 0.5731073950832263 2
73 1.7215174516782903 -5.156043318583547 -1.196224555234076 0.4947026276297446 0.36469433552537367 2
78 1.4402020472419952 -5.716948656428394 -1.184401207173153 0.5437121579827674 0.62646434331934 2
83 -2.7366321360121617 -4.3597188839010546 -1.4920652294339782 0.6370722164195544 0.4403582455094208 1
88 -3.4486353907630476 -5.180335088154024 0.8420264249852552 0.563296097683334 0.4390089722664679 1
93 -1.398071840651195 -4.057827550337779 1.6841036021152118 0.6153091636502586 0.42728850344067315 1
103 -0.3254590227287958 -8.501000941813363 0.6491176206518953 0.6901893075833536 0.5663123414821271 2
108 0.10244857930077711 -9.164640080756646 0.6575677542980818 0.6091038281301272 0.5645660169399641 2
113 4.96510931173675 -7.55922012706018 0.393156971279008 0.5080877276129789 0.6628123532708261 2
124 -5.103368144469545 -4.050894617448043 -0.5276893910326609 0.5041596902824901 0.3140330545990619 2
129 -5.369370936270187 -4.589142425101738 -0.8940510444662016 0.4450702743749086 0.3596557875856944 2
134 0.969944018613029 3.669286043505531 -2.3300413207480704 0.48443697408302616 0.35382818073757105 3
144 1.619669764387457 4.349292100203617 -2.351026957804152 0.6984920642476787 0.5520969658279448 3
149 2.616327879817724 5.173569039663269 -2.3811516540466324 0.601431602669558 0.5557610237805417 2
159 7.306357987692381 8.383764889670703 1.6057523962824158 0.35695649342956454 0.5646482934751181 3
165 7.7680301236981455 8.229019776316875 1.6136175880712111 0.4768787176888743 0.5594069487766924 3
171 5.0230019225687155 4.246942637647788 -2.3582587163527196 0.47664586675372494 0.6557079675749284 1
177 5.212326404403296 5.099423841411432 -2.3406007738892427 0.5556293017879681 0.5461795400537065 1
183 4.487627223180129 4.885730662078807 -2.394207248795562 0.5218037694556 0.5484312510438494 1
189 6.629598615781969 9.5036325556521 2.5681892956043724 0.4621887021176474 0.582603788654825 2
195 9.1878720144471 4.655204735955297 -1.3885001046059133 0.5836854232197392 0.4591883892307571 0
201 9.80219853719841 4.515346571291742 -1.3794008338355523 0.41242322645835716 0.4029407387510094 3
207 10.559273831588834 -1.4378150797621403 -1.1646536238446585 0.6519402836654332 0.6748680278615521 2
212 11.28133034199633 -1.5515374648831781 -1.1014676547377698 0.45932004107775887 0.6220467938258951 0
217 10.145868215671811 5.006244748180293 1.4836220484853553 0.448010132988024 0.3885381186617279 0
222 10.621554893114947 4.546232703136186 1.5348943417925975 0.4868335841261904 0.4453961176790026 0
227 8.1968552175152 -2.74981004477212 -2.5861826164950847 0.5030323462336205 0.5062911600906826 3
233 11.99531824182961 -0.4878683766190842 0.94310275217116 0.5619903238739812 0.5347788675541262 3
239 8.39981453944069 -3.1876611200860667 -2.6044603379951443 0.49821532731739143 0.5172515932721257 3
310 -4.321636577607754 -8.516680392515271 0.8759519521304007 0.6179694246375862 0.4584249321944064 2
288 -0.38730022528539537 -10.33191610032588 0.7898861157250163 0.5230016516102264 0.5757510141066917 3
324 10.016730243171034 3.2835870530816162 -2.2736752897827657 0.4683598879158574 0.4553908712960336 2
335 -1.973662448135009 -4.239497355554837 1.7190609325342718 0.6094778265950676 0.5488982883342006 1
368 0.6286104941287588 -10.550371638075537 1.1773808166860713 0.5251738289163134 0.4874607642382809 0
373 9.579224829003719 -5.625477063885577 -2.501089641506594 0.5437984009542407 0.6160218295575899 0
379 9.608322342343149 3.5903723666273883 -2.276892905227958 0.559500973979307 0.523093647971386 0
480 9.420990545018434 7.524626935899653 2.0739420252213874 0.5656713852520583 0.5786304415427101 3
486 -3.609035013064622 0.3347484881811382 -0.9449321653375549 0.568713407359439 0.5126218533198141 3
454 -7.556680978251182 -5.425350865143187 2.159844949342983 0.469813808475916 0.32837632419070345 2
459 -8.09909761358722 -5.739672253570282 2.255859166225402 0.4861495522714524 0.3523579674440045 0
499 -9.99191707506042 -6.351438204876779 0.5674620284420355 0.4855053117619024 0.34726358022307446 3
