12 5.379695447999866 5.383356466069776 -1.0142861536403294 0.5732141551761988 0.5357835437083673 2
18 5.959641717493237 5.649454677342381 -2.163587524045983 0.47426425485857787 0.43711376309544625 0
24 5.72367981069745 4.741539426669372 1.1371594953718704 0.4906186008633059 0.4307440883671517 0
30 6.19324883092739 7.137033146338137 2.418555657223969 0.5619259148474633 0.4965810193749883 2
36 6.866124300142665 9.514882106789662 2.7078332667216065 0.5066529800705126 0.6259796286523693 3
41 7.338622251944596 3.9203594052290223 0.36431199498855116 0.6093306714064372 0.4403355119951824 2
46 12.040567821508462 -1.575242738873564 0.11488129765056865 0.5510490911311645 0.5159003064833666 0
88 -3.2713179423393495 -5.023004878425917 0.842026424985255 0.563296097683334 0.4390089722664679 0
103 9.313032232867696 -4.922210063462478 0.279980290569432 0.4985620261145976 0.5168710163692865 2
108 10.383159790334501 -5.020726829159475 0.16056440006664274 0.6042897737650924 0.5857637810956101 2
124 -5.103368144469545 -4.050894617448043 -0.5276893910326609 0.5041596902824901 0.3140330545990619 0
129 -5.369370936270187 -4.589142425101738 -0.8940510444662016 0.4450702743749086 0.3596557875856944 0
171 -2.0466123671012495 -6.692868487299461 -2.2205715668614596 0.4408737170372769 0.5242781281537708 2
177 -2.128645168405572 -5.886066389441508 -2.272938061888656 0.6657490307282489 0.462628015108154 1
183 -2.691197467518787 -6.036550395002483 -2.2040193477576193 0.535191860381726 0.46361460786793146 2
195 6.700072173808463 -2.1565102457971914 -2.2371650512081813 0.6367350900776172 0.525181879682926 1
201 7.171106670630222 -2.6221110803774823 -2.2033890362064468 0.5497389643244069 0.6465877794289085 0
227 -0.13503238049793342 -8.296775130665925 -2.4930726551192137 0.5668267097332478 0.4023536806534237 0
239 0.02558540753100369 -8.92690638419809 -2.5657674076095818 0.5386886410306034 0.41609755907264406 0
288 7.60608077647381 -6.034783791119568 0.3402593895432534 0.5638224138347455 0.5291110537799587 0
324 -0.027180516586632897 -6.9734333454122 -2.3388587704140704 0.6874084082219719 0.5534267012448616 3
368 3.444586167920225 1.2381477174737339 1.110184816655947 0.6964499074389643 0.5379505972986968 1
379 -0.4449450448805562 -6.532602191582898 -2.33167557942048 0.5092413526331544 0.7611528015352309 2
486 7.4044753019890965 -7.419380988313311 -0.5619830729179274 0.6672977359501153 0.5856490006216828 2
561 6.423568485904767 8.56075367866275 2.794802500040539 0.5367472492222085 0.42081242450212597 2
698 -6.320601767706782 -8.91450848122716 -2.22153870833317 0.6897364314090746 0.5884114284454317 3
751 1.9261288402935703 1.0787806656976555 -1.838106551462755 0.5089806250445063 0.4460013279704446 1
775 4.077834185175515 -0.9434365440874783 -2.531517702652263 0.6495575540415983 0.6882586909386994 1
780 3.5896961908356304 -0.18576653034693597 -2.5443986724089416 0.6530334020032422 0.5093482144114628 1
809 10.735597335282005 -1.650924191328961 0.09370976572697462 0.8007567769305426 0.5176459278019384 2
785 6.238933796149446 4.835810662436297 1.7683528442359082 0.5024512367108166 0.48745224305665386 2
852 0.12090647284383693 2.924641586706136 -2.301715196727988 0.47441636807502163 0.40479302533322786 0
827 5.075874621769229 -11.320804534426138 -2.3642142431109066 0.6106443738471666 0.6198834992310195 2
832 8.172974255661007 -3.3113969518259054 -2.966833768107829 0.6153349108150366 0.5138866921103739 2
335 -2.6582438102292487 -4.5398746925332505 -1.2778214205062437 0.5586130465127146 0.4641810935327247 1
1002 2.3030455784460466 6.534364899215863 -2.2570978549916862 0.6708784918799141 0.5855234355423574 3
948 -8.494062283717236 -4.062674262488504 0.496102699936827 0.5089756701917756 0.47080564229505867 0
974 5.497242047628608 7.821967820966973 2.717706943873789 0.6029354243681435 0.5038350154889786 2
1007 6.699711125263675 -5.282759608836464 -2.838067357776077 0.3967080943133671 0.5366124776975034 2
1030 -2.1701937322550666 -4.32386434050739 -1.5586226199848243 0.5244858614060484 0.6013081396370675 1
1318 3.4996212901760737 7.320384264074155 -1.6825332351071365 0.6626953942863133 0.4988922424795687 0
1112 7.8295167916810335 7.203947681637705 -2.535015698281822 0.4925059118863177 0.49260216515568356 2
1144 6.791326753288503 -5.706211772839928 -2.8649094473677836 0.5265204595966086 0.44176657593222013 2
1175 6.080503768595589 -10.806123809708303 -2.600604998976422 0.8805593864445354 0.6353797213483607 2
1180 9.836407077080603 3.5537064253889867 2.537666721615258 0.5589102858238495 0.40236858086037075 0
1117 -3.320144755142677 -3.0061233086905665 -1.285812738522943 0.44973600504053945 0.5361163205782729 1
1122 -4.589656868320674 -2.099259663857666 -0.7171970215718878 0.5576305215596942 0.5410511995333591 1
1211 0.5233725374260288 -10.48973631482008 0.9386746978673366 0.7161889612470218 0.6460438539795585 3
1271 4.179040608835363 9.75966642360582 2.9820586516496865 0.5492828807168917 0.5841697539933626 2
1295 7.464910963253529 7.904274649183787 -2.7867903945594183 0.5548384979891502 0.41084597331304173 3
1323 8.964119455381775 6.348551489435714 -2.4027835312842685 0.5571393906491594 0.49344600964698243 2
1300 6.473200054366324 7.977102450750213 2.9753969375121523 0.5790833462823746 0.4393111619433787 2
1332 2.722681658906003 7.194301198459217 -1.7706841287628048 0.6356301268725212 0.4745437934396313 2
