0 -0.025444348081301582 -4.484196125797816 -2.2089055055914417 0.5157367379314969 0.5037983671423495 1
6 0.2267804382246439 -4.971285093843142 -2.1808429070406463 0.4362305339603616 0.523794124673597 2
12 5.537571831202744 4.807943688772053 1.0064686915697763 0.7579512666978238 0.37583912187105406 3
18 6.076738654169994 4.529874730840053 0.9564276194692476 0.34230467491621774 0.4927809056696167 0
24 5.737612020137064 3.9134187801781826 0.8920676359896543 0.43494207324367357 0.40232983446461273 3
30 6.7340762296165915 4.178290107488259 0.9261789087884402 0.37047019811218657 0.4074105714052399 0
36 7.587737567598326 5.3274540246085245 0.9333302488444167 0.5066529800705126 0.4015648668522621 0
41 4.702558577856784 0.9374633920576579 0.784988645846445 0.6093306714064372 0.5385823488727259 1
46 7.0917900656245845 -2.7078769878430395 0.680714766976326 0.6536324507700684 0.4518412813791743 2
51 1.1771399184488371 -10.381623168713105 -2.4509904102995277 0.6333292405273094 0.6845641094847765 2
57 3.4027360262579034 -7.3996111442113595 -2.3677787781385184 0.6176937142109756 0.6127380791833658 2
63 4.514565551404052 2.0154685824424767 0.8759686263893542 0.5489376156124876 0.5906061495044507 2
68 3.299704767095231 -6.132096196574621 -0.7155653304318218 0.7288424015366972 0.5910102590603303 2
73 4.267363869267058 -5.92365190475364 -0.7301570327771867 0.4947026276297446 0.7032225135554635 2
78 4.057691911364426 -6.518850255049393 -0.6926583094458945 0.6747421292175443 0.5750314300380592 2
83 -5.167161615072927 -8.233683464471346 -2.3404579601195135 0.631024057782099 0.6057866004429359 0
88 -3.4486353907630476 -5.180335088154024 0.8420264249852552 0.563296097683334 0.4390089722664679 0
93 -3.044463684532915 -0.7411894723977723 2.4293001084945134 0.5060444410998017 0.6075935779958319 1
103 2.081365534369934 -7.154820878427588 0.7569590079160616 0.5470930095137105 0.5901489236324335 2
108 2.8922975583365287 -8.379330048524325 0.7609641609813967 0.4372786835659643 0.5540217636999396 2
113 8.518547237364102 -4.668025531552184 0.8026700639648101 0.5576527452117591 0.7259303871935415 2
118 5.3615073068402355 -10.62758463075134 -2.5070312756596094 0.6750963543353056 0.6563782790088001 3
124 -5.103368144469545 -4.050894617448043 -0.5276893910326609 0.5041596902824901 0.3140330545990619 2
129 -5.369370936270187 -4.589142425101738 -0.8940510444662016 0.4450702743749086 0.3596557875856944 2
144 0.6311422927102031 3.2120762436037062 -2.351026957804152 0.5172810531342548 0.4485101853594612 2
149 1.3796394670969154 3.6433963999973162 -2.3811516540466324 0.501753859327223 0.42907482056110513 3
171 2.784975907521684 1.1465706789239898 -2.2205715668614596 0.530614375476445 0.4556212339574443 1
177 2.765094201241501 1.965524202456983 -2.1871171876513804 0.5856394517497321 0.39598004497226647 1
183 2.0434863520086286 1.7889929985927018 -2.2040193477576193 0.6345654820146586 0.5132684190035821 1
189 6.582339072066738 9.406221696937008 2.8438440687879742 0.36961277791343106 0.45690062259398295 2
195 8.599558705163808 2.7313735280684828 -2.069070636428864 0.6367350900776172 0.5833061215463428 0
201 9.236720020533783 2.5846280327470486 -2.01149385599055 0.5497389643244069 0.4029407387510094 3
227 5.863194010945134 -4.180798982740705 -2.5861826164950847 0.4530665720313774 0.5186074368359016 1
239 6.05188042382703 -4.6434492765492665 -2.6044603379951443 0.49821532731739143 0.5574866569488869 2
310 -2.234985295672338 -5.05208155427421 0.8759519521304007 0.7071607809525385 0.564722228896181 1
288 1.7018720640448342 -8.946637198743028 0.7898861157250163 0.5789250458480072 0.5760724231663459 2
324 7.089000201434033 0.7010198271240742 -2.2698178053505904 0.5216981076340187 0.5175939119962392 2
335 -3.197665868772341 -1.318655460931975 2.428924614778286 0.5769304838105629 0.42152884151855474 1
368 0.7727096318457819 -6.9278715350570135 0.7583450898260194 0.5169686306340164 0.5592219316177491 2
373 6.772994642505462 -8.965752943952685 -2.521032901826725 0.5437984009542407 0.7511145748087664 2
379 6.675158322458364 0.9738421105087367 -2.3121900519702603 0.4305863716867726 0.34200587581046443 2
480 6.846852274073012 8.386669823153238 2.694737915771344 0.48350659907429716 0.4911370770976602 2
486 -2.014054724786287 -3.0268480679221192 -0.9095215189778093 0.5953918868107883 0.5615712242123094 1
561 10.486255866461175 1.828640675914086 2.17038815197625 0.6093475419384288 0.5399493204064931 0
454 -9.51024725757682 -3.0070381453471713 2.324646319753638 0.47288776540811195 0.3357168530173435 0
459 -10.039530608498035 -3.354943982491698 2.3194900411430974 0.45243057743402687 0.3321926616050097 0
499 -9.143201886475937 -4.374047486446289 2.016749845524028 0.43801605621790746 0.30445405370990775 0
655 11.964458388941646 0.05210915509737071 1.8385160318291411 0.8319480007723253 0.6244088986260662 3
698 -3.767461778355189 -0.5141727844674946 -1.2149870490968089 0.4973148704456817 0.5291625125899688 3
751 5.049786085307982 9.916571573147573 -1.618362656958263 0.5994316072482965 0.3933877910077617 3
719 6.053885850290357 9.678218099527339 3.017010633456053 0.37288259111431865 0.526603694347052 2
729 -5.440138197228482 0.0318127764428158 -0.9572040116406397 0.5494998779601793 0.37610008263850714 3
775 10.536902755711345 6.092539798385909 -2.6261751088602168 0.6145379059795363 0.4651084982241531 2
780 10.211583286583256 6.691272908451949 -2.5443986724089416 0.6226123416058337 0.4717830883582782 0
785 6.320424765808119 3.9439957653021294 1.9865694495524007 0.5380173944955674 0.45098617555558496 2
791 6.534953470207052 10.093835355453521 -2.1765775294201184 0.5130069968954031 0.3608506101801973 0
