12 5.529594367429102 5.244571290538483 -1.0142861536403294 0.5732141551761988 0.423288022519025 2
18 5.880632517662983 5.702675727032247 -2.163587524045983 0.47426425485857787 0.43711376309544625 3
24 5.72367981069745 4.741539426669372 1.1371594953718704 0.4906186008633059 0.4307440883671517 3
30 5.426546752026707 7.264494188701456 2.4608705161075104 0.5619259148474633 0.5457487556570534 2
41 7.259201199579216 4.158330462538906 0.36431199498855116 0.6093306714064372 0.4403355119951824 0
88 -3.2713179423393495 -5.023004878425917 0.842026424985255 0.563296097683334 0.4390089722664679 2
103 10.139085899835964 -4.707019506365291 0.279980290569432 0.5723174675080205 0.4932742006590749 0
124 -5.103368144469545 -4.050894617448043 -0.5276893910326609 0.5041596902824901 0.3140330545990619 0
129 -5.369370936270187 -4.589142425101738 -0.8940510444662016 0.4450702743749086 0.3596557875856944 0
171 -2.777029543682597 -7.202738500385065 -2.2205715668614596 0.4408737170372769 0.5242781281537708 3
177 -2.744783614202073 -6.546663737897542 -2.272938061888656 0.4144670937233504 0.40249271059195474 0
183 -3.609591952410668 -6.697645170823685 -2.2040193477576193 0.535191860381726 0.46361460786793146 0
195 6.339997763973135 -2.431776856801354 -2.2371650512081813 0.6367350900776172 0.525181879682926 1
201 6.823718317136415 -2.8972772872977046 -2.2033890362064468 0.5497389643244069 0.6465877794289085 0
227 -0.8644636424364753 -8.619919927804817 -2.4930726551192137 0.4268204934413859 0.37931110523344613 3
239 -0.6192714113278976 -8.945582025252495 -2.5657674076095818 0.437533911492886 0.3875146544821249 2
288 7.597370689585711 -5.615841210245936 0.3402593895432534 0.5638224138347455 0.5291110537799587 2
324 -0.7549366130076202 -7.572886209956558 -2.3388587704140704 0.5831815978001172 0.44995717840794464 3
368 3.675141184790106 2.0754613892344516 1.110184816655947 0.6913643517737545 0.4843304433071004 1
379 -1.2573477568436742 -7.287547609286708 -2.33167557942048 0.4633476268590474 0.5746621177265895 2
486 8.375249037421002 -7.728336175244017 -0.5619830729179274 0.6672977359501153 0.47869548763853154 0
561 5.831011812249219 8.653655772917855 2.794802500040539 0.5367472492222085 0.41370837226572216 2
698 -6.7780114355771115 -9.606277712930162 -2.22153870833317 0.6897364314090746 0.5884114284454317 3
751 1.524345181571652 0.23788058423819156 -1.838106551462755 0.5089806250445063 0.4460013279704446 1
775 3.334038903891483 -1.532949470748785 -2.531517702652263 0.6495575540415983 0.6882586909386994 1
780 3.1296937825044595 -0.8927007882149054 -2.5443986724089416 0.6530334020032422 0.5093482144114628 2
809 11.565167856042542 -1.1665418265302048 0.09370976572697462 0.8007567769305426 0.5176459278019384 0
785 6.311899692783077 4.940252764551048 1.1817610195311188 0.4589398103246099 0.5257874106607251 2
832 7.9260830449853374 -3.565348084408132 -2.966833768107829 0.6153349108150366 0.5138866921103739 0
335 -2.654344629096412 -5.348828120791891 -1.4601526456586702 0.5586130465127146 0.4641810935327247 1
1002 2.3374596706840616 6.539925704804139 -2.2570978549916862 0.6394500530933104 0.5353505658140559 3
948 -7.9656499267435885 -3.6325711812307486 0.496102699936827 0.5089756701917756 0.47080564229505867 0
974 4.927314721868749 8.362225084807422 2.717706943873789 0.6089072351246132 0.403444970820741 2
1007 5.766681276152667 -5.7631931855333685 -2.838067357776077 0.3967080943133671 0.5366124776975034 2
1030 -2.1229234215255275 -5.167580285581989 -1.4524099438496345 0.5244858614060484 0.5663891556964091 1
1035 5.268320816288276 10.004225926033115 2.7120780329818137 0.4920174252552793 0.44565041230819036 3
1318 3.214182097813834 7.296203397154023 -1.6825332351071363 0.5728832116506278 0.43237612969674616 3
1112 6.884017125920134 6.990488292983913 -2.891748636678636 0.4925059118863177 0.3831950079076228 3
1144 5.778171676849336 -6.281209302038918 -2.8649094473677836 0.5733453589877799 0.8982443495980721 3
1180 9.55576663473382 4.288624011640245 2.537666721615258 0.5589102858238495 0.5721149362263147 2
1117 -2.820843985594327 -3.5723803873693876 -1.4217782969055213 0.44973600504053945 0.49278662723780464 1
1122 -4.105367887734862 -2.525634284269487 -0.7171970215718878 0.5576305215596942 0.5410511995333591 1
1211 1.1850625034534574 -9.83574797841432 0.9386746978673366 0.5632475206177029 0.4939903989694377 3
1271 3.6042594477598016 10.196319307075818 2.9820586516496865 0.5492828807168917 0.5841697539933626 2
1295 6.703552249480032 7.5100659273834625 -2.68775507410077 0.5548384979891502 0.47397383920324154 2
1300 5.695838159090478 8.01634142206549 2.811922624004409 0.5790833462823746 0.3579539825972038 2
1332 3.2252185828327185 6.536296986839026 -1.7706841287628048 0.5766269752728278 0.4362203321701605 2
1347 10.64963400163942 -3.2788142199486403 -2.872393164016827 0.6089003584146064 0.5402821086175202 0
1361 -7.745044855560765 0.8329733968804304 -0.8464954665589997 0.4627474129123868 0.3213168462322091 0
1366 11.501523808217797 -2.218589442721729 0.05279282162277932 0.6890475681138838 0.4832122554708943 2
1371 8.093523280379905 6.984288359955675 2.6683229000983726 0.5905262291079445 0.48518873969186194 3
