0 0.6064725737555409 -3.3385540542377403 -2.2089055055914417 0.5157367379314969 0.49657211004095814 1
6 0.9080642124717697 -3.885743922918333 -2.1808429070406463 0.4032519596105437 0.523794124673597 0
12 5.502785810138195 4.167520503727703 0.9907267808953494 0.5858415129480672 0.5421929124388271 3
18 5.92726218011321 3.907653092873358 1.0192929623309566 0.34230467491621774 0.3898021023008587 0
24 6.027210774744833 3.320743954188255 1.991394114985009 0.406877547785839 0.4558521049990852 2
30 6.437860490623732 3.655237055402087 3.006538341979317 0.6451892745900613 0.48570515639600687 3
36 7.297869907678923 4.5870354346522975 0.9333302488444167 0.5066529800705126 0.4015648668522621 0
41 4.657363695868235 0.4176342224969758 0.784988645846445 0.6626481726227964 0.5671602674031921 1
46 6.182098169278232 -2.709860133515271 0.680714766976326 0.4644659864243561 0.6972144289619954 1
51 2.2752311769433216 -9.274584227644953 -2.6062231919535708 0.6333292405273094 0.5547466135983078 0
57 4.40310098652505 -6.483290702777341 -2.3677787781385184 0.6800846536205032 0.6675700320761644 2
63 3.338089166700936 1.0025087992060298 0.8759686263893542 0.5489376156124876 0.5348711410312059 1
68 2.4470670802842065 -6.038922997077827 -0.7155653304318218 0.7288424015366972 0.5088052071833873 1
73 3.3726195236050236 -5.842963663275876 -0.7301570327771867 0.4947026276297446 0.6817643018882269 2
78 3.1121070857287796 -6.260939395531229 -0.6926583094458945 0.5394100989823558 0.5029100660049155 2
83 -4.173840823047949 -7.005383678197012 -2.3404579601195135 0.631024057782099 0.6057866004429359 3
88 -3.4486353907630476 -5.180335088154024 0.8420264249852552 0.563296097683334 0.4390089722664679 2
93 -2.2587861200576915 -1.6886529853390202 2.4293001084945134 0.6153091636502586 0.6075935779958319 1
103 1.5415391354409116 -7.552638009579165 0.7569590079160616 0.7528235610083583 0.5901489236324335 0
108 2.1188963714730438 -8.520473939802281 0.7609641609813967 0.6019336764798117 0.5138535940758855 0
113 7.2550863105194505 -5.677920989128958 0.4357359373266605 0.5576527452117591 0.6628123532708261 2
118 6.162973233233497 -9.869449933817217 -2.5070312756596094 0.6750963543353056 0.5374550173444532 3
124 -5.103368144469545 -4.050894617448043 -0.5276893910326609 0.5041596902824901 0.3140330545990619 2
129 -5.369370936270187 -4.589142425101738 -0.8940510444662016 0.4450702743749086 0.3596557875856944 2
134 0.13044881208441478 2.761868416617845 -2.3300413207480704 0.48443697408302616 0.35382818073757105 3
144 0.9547853460152136 3.531608347741825 -2.351026957804152 0.5729561617407019 0.3754959279584261 3
149 1.7510709096001627 4.126554792041876 -2.3811516540466324 0.6723237322113754 0.7042569230874257 2
171 3.4414550066873075 2.2629213480659316 -2.3582587163527196 0.530614375476445 0.5122745595917371 1
177 3.570538692137718 2.9600963792078416 -2.411681565976099 0.5856394517497321 0.4634666442844177 2
183 2.8748189744057284 2.798508656851603 -2.394207248795562 0.6345654820146586 0.41441148591164845 1
189 6.532004773284453 9.424058638573541 2.7153886668503073 0.4621887021176474 0.582603788654825 2
195 8.993081881314504 3.4127362240968564 -1.9957210378033128 0.6367350900776172 0.5833061215463428 2
201 9.576723251359647 3.2454902395324607 -2.01149385599055 0.5497389643244069 0.4029407387510094 0
227 6.732939516367203 -3.6772123849725844 -2.5861826164950847 0.4530665720313774 0.6442625566535083 2
239 6.918448711421786 -4.11250852014888 -2.6044603379951443 0.49821532731739143 0.5172515932721257 2
310 -2.673581948326742 -6.3797673488510815 0.8759519521304007 0.6179694246375862 0.564722228896181 2
288 0.9290638286636054 -9.53718776010902 0.7898861157250163 0.5230016516102264 0.47167149441926004 2
324 7.897035171511376 1.328355790264695 -2.745286520665296 0.6090297864967738 0.5842524995520425 2
335 -2.6474085087431076 -2.162904557924346 2.4289246147782864 0.5998915007204961 0.5488982883342006 3
368 0.49404294965309414 -8.22299103877944 0.7583450898260194 0.5873133646748007 0.5426665289132985 2
373 7.769225373760216 -7.806568711007427 -2.521032901826725 0.5437984009542407 0.7511145748087664 2
379 7.829399391985314 1.796345587038847 -2.72229363198551 0.40612822735071485 0.43586054927419865 2
480 7.107045785734778 8.117185451428211 2.694737915771344 0.5656713852520583 0.5786304415427101 2
486 -3.278585303583794 -2.4621696384953085 -0.8817840441394258 0.5953918868107883 0.5294699524526719 0
561 11.104681716414568 0.425583832255657 2.17038815197625 0.541015428288584 0.4883345418177333 3
598 4.591371244345457 9.984802436880678 2.785625731638514 0.47492675959050823 0.5879863840857732 3
454 -8.97982782061327 -3.563583438307387 2.324646319753638 0.47288776540811195 0.3357168530173435 3
459 -9.351752075655826 -3.9228105458214766 2.3194900411430974 0.3611790919883619 0.25866389836303333 0
499 -8.950182472042487 -5.107309255861312 0.6135923151542567 0.43801605621790746 0.30445405370990775 3
655 11.995861688268608 -1.1372850807193933 1.8385160318291411 0.6858460241185822 0.6244088986260662 3
698 -3.5812712476775803 0.4910111139068036 -1.0219537139889137 0.4973148704456817 0.33565619917442197 3
