0 -1.193525365928737 -6.352306819602937 -2.266041923666283 0.5157367379314969 0.6434997808016264 1
6 -0.9247784687979603 -6.951723925200764 -2.2077689658425887 0.5468160569131937 0.523794124673597 2
12 5.666820162134869 5.1603874286786855 -0.9751720591858756 0.5467717551650574 0.43506545227243576 1
18 6.246883254700222 5.304184644752228 -2.5360236358178363 0.45264864632348784 0.4927809056696167 0
24 5.75207105014967 4.624357539616973 1.1371594953718704 0.40719149995470083 0.4307440883671517 2
30 6.64436804378872 4.577438909414694 1.5566661783178963 0.4572155218208949 0.3451294728154704 0
36 7.931967403221255 6.1171954056991025 1.1210182685449355 0.5066529800705126 0.4015648668522621 0
41 5.013745821330571 1.8956146313478615 0.784988645846445 0.6093306714064372 0.5385823488727259 1
46 8.31042908918755 -2.6107196332795017 0.10860168577118885 0.5865789111451367 0.5314001267200897 3
51 -0.0921145955942553 -11.94369997667653 -2.3050999763127034 0.6333292405273094 0.6845641094847765 0
57 1.656973274275979 -8.548934222718385 -2.696314905074959 0.6176937142109756 0.6127380791833658 0
63 6.219563555703284 3.5503984623573537 0.8759686263893542 0.5489376156124876 0.5619110934190694 2
68 5.0198979048420265 -6.4216870040410905 -0.607050973438652 0.7333871153175023 0.5579628329590414 2
73 5.943260496865561 -6.17051899140077 -0.5976855884220205 0.49581729814758074 0.6748696741769759 2
78 5.749484406041326 -7.012898185846536 -0.6229234312970499 0.544768880111162 0.5750314300380592 0
83 -6.856161869296436 -9.429766136862128 -2.31281758538415 0.513882988160315 0.5390669622178768 0
88 -3.3412158487130053 -5.002035506514286 0.842026424985255 0.563296097683334 0.4390089722664679 2
93 -3.8502595886548336 0.6981907588902505 2.2705746647603915 0.5354058198528495 0.48875955455471987 0
103 4.004687348763779 -7.220773656108311 0.3419062771467136 0.5470930095137105 0.5901489236324335 2
108 4.973486441196439 -7.9880876743528555 0.2806731980983606 0.6042897737650924 0.5901706462206157 2
113 10.226958476405176 -2.651638087619739 0.8026700639648098 0.6994049902816852 0.7189833513968893 3
124 -5.103368144469545 -4.050894617448043 -0.5276893910326609 0.5041596902824901 0.3140330545990619 2
129 -5.369370936270187 -4.589142425101738 -0.8940510444662016 0.4450702743749086 0.3596557875856944 2
144 0.011801895906703636 2.4883022390066296 -2.351026957804152 0.5172810531342548 0.4485101853594612 0
149 0.7892506896359726 3.033752914491709 -2.3811516540466324 0.5375046547037744 0.42907482056110513 2
171 1.8060300915725864 -0.680531176692184 -2.2205715668614596 0.5833690432378354 0.537535938853181 1
177 1.83844029040866 0.07594513752396938 -2.1871171876513804 0.5856394517497321 0.48549772734473673 1
183 1.2708905684750633 -0.3376979286895793 -2.2040193477576193 0.49903135615282396 0.4668551292685915 1
189 6.59734769030879 9.381700063327596 2.8438440687879742 0.42993141387846295 0.4976203455882616 2
195 8.395422061134715 1.6712345916964941 -2.0150458798185262 0.6367350900776172 0.5833061215463428 2
201 8.973712777291505 1.3842498547940747 -2.01149385599055 0.5497389643244069 0.457206223621452 0
227 4.301816041483518 -4.905102839936148 -2.5861826164950847 0.4319088262412136 0.5020411862457052 1
239 4.588832336352058 -5.3265828057394575 -2.6044603379951443 0.49821532731739143 0.5574866569488869 2
310 -2.4938902874718516 -2.8377534533272515 1.5389247374974768 0.6691697575703699 0.564722228896181 1
288 3.2572951975477022 -8.48558541744962 0.3402593895432534 0.6371333641691965 0.5760724231663459 2
324 5.393751114369233 -1.2090263813875404 -2.2558788754976526 0.6874084082219719 0.7180089722528051 2
335 -4.4374595595868325 0.43826080640136533 2.237004717866378 0.6107819393181861 0.503953221471789 0
368 0.891164137796409 -5.147369132650967 1.2878394658597023 0.6596044423120089 0.6310948286839075 1
373 4.954119851629095 -11.148468110997166 -2.521032901826725 0.5437984009542407 0.6057500540193806 2
379 5.045382007115955 -0.6497682052525423 -2.3783561309149235 0.5120570546250319 0.6651945193486559 2
480 6.783241734548377 8.419967578078017 2.694737915771344 0.48350659907429716 0.5719842565676245 2
486 -3.705082502833412e-05 -4.278130142453089 -0.4885289121375803 0.5953918868107883 0.5615712242123094 1
561 9.847498613187863 3.248066922186302 2.17038815197625 0.541015428288584 0.4883345418177333 3
454 -10.025080645842193 -2.396476099853153 2.324646319753638 0.47288776540811195 0.3357168530173435 0
459 -10.620907087763683 -2.9206627570160064 2.3194900411430974 0.45243057743402687 0.3321926616050097 0
499 -9.620933738649187 -3.215935210257032 2.016749845524028 0.48918614725011356 0.37960459909949473 0
655 11.964364722498416 1.7834597092575422 1.8385160318291411 0.6818589919665712 0.552368943729657 3
698 -3.408714372846852 -2.790902057929898 -1.1937557663061673 0.520555827953964 0.769908408632234 3
751 4.742012789719768 7.883903406247729 -1.6183626569582628 0.5994316072482965 0.4381418221565547 2
775 8.983689437031504 4.387960322426346 -2.5369069892480995 0.635447984727083 0.4472466445308813 2
780 8.426577235759888 5.185229312250213 -2.5443986724089416 0.5985041999021506 0.43211831871233625 3
809 4.483730121649007 4.49933012720464 -1.4141906310832897 0.5769687325954846 0.6379456479139833 2
785 6.162395175604333 4.596015236629847 1.3004220022350075 0.42911414624553057 0.38679966836554525 1
852 2.5720241623177884 5.866003680681375 -1.7659498552785078 0.7139986808455618 0.6192282284135242 2
827 10.105455341052446 -5.245054798755314 -2.3804395856003033 0.6106443738471666 0.6164869486768771 2
832 11.295187958953568 -2.847979976848817 -2.4482039137078235 0.6264935669288382 0.7327199639763985 3
837 5.547200289966966 10.47613390022169 -0.02735307134235131 0.7761809535059936 0.45197603038095846 3
872 -5.479186193746534 0.28957558558154256 -1.057927031132193 0.569626943747373 0.4559250131966104 0
