0 0.1827686006743608 -4.12821914889291 -2.2089055055914417 0.5157367379314969 0.5037983671423495 1
6 0.3881432714980855 -4.627305961537206 -2.1808429070406463 0.4362305339603616 0.523794124673597 0
12 5.501648101445681 4.600735975322422 1.0064686915697763 0.3969060613513279 0.3311815844812501 3
18 6.0126837357952585 4.398493643003494 1.081603947948745 0.35681828962119505 0.32553548100672197 0
24 5.8113193624081285 3.7935613452240067 0.8920676359896543 0.43494207324367357 0.40232983446461273 2
30 6.4123622338873245 3.8469512019372663 1.6965591166357412 0.37047019811218657 0.4074105714052399 2
36 7.19270839761367 4.719825876314705 0.9333302488444167 0.5066529800705126 0.4015648668522621 0
41 4.590035575298051 0.7466234675577508 0.784988645846445 0.6093306714064372 0.4480596213838488 2
46 6.786185759676485 -2.7542331311194506 0.680714766976326 0.5865789111451367 0.5314001267200897 2
51 1.5729554732522357 -10.084761502610501 -2.4509904102995277 0.6333292405273094 0.6845641094847765 0
57 3.785579190098973 -7.412372583005984 -2.3677787781385184 0.6176937142109756 0.6127380791833658 0
63 4.117840894911163 1.6506475922405284 0.8759686263893542 0.5489376156124876 0.5906061495044507 2
68 3.012379813524954 -6.124666890907546 -0.7155653304318218 0.7288424015366972 0.5910102590603303 2
73 3.870789273800979 -5.9102842217603495 -0.7301570327771867 0.4947026276297446 0.7032225135554635 2
78 3.690996486296848 -6.479232982639821 -0.6926583094458945 0.5394100989823558 0.5750314300380592 2
83 -4.840062641852892 -7.723409066248134 -2.3404579601195135 0.631024057782099 0.6057866004429359 3
88 -3.4486353907630476 -5.180335088154024 0.8420264249852552 0.563296097683334 0.4390089722664679 2
93 -2.7999570138357655 -1.0879522884767303 2.4293001084945134 0.4860751679515423 0.6075935779958319 1
103 1.9358379106215922 -7.2220687632597835 0.7569590079160616 0.7528235610083583 0.7149542404040526 2
108 2.651410826794623 -8.424985409388302 0.7609641609813967 0.6019336764798117 0.6223184348390521 2
113 8.176107322300036 -4.96323235488326 0.8026700639648101 0.5576527452117591 0.7259303871935415 2
118 5.494322400838446 -10.529816208081083 -2.5070312756596094 0.6750963543353056 0.7410078802131274 0
124 -5.103368144469545 -4.050894617448043 -0.5276893910326609 0.5041596902824901 0.3140330545990619 2
129 -5.369370936270187 -4.589142425101738 -0.8940510444662016 0.4450702743749086 0.3596557875856944 2
144 0.6653682483657501 3.2466577673023296 -2.351026957804152 0.5172810531342548 0.4485101853594612 3
149 1.5195286535969665 3.7733098043271527 -2.3811516540466324 0.5605471814767491 0.42907482056110513 2
171 3.011891633907252 1.5233123635002703 -2.2205715668614596 0.530614375476445 0.4556212339574443 1
177 2.97006534047117 2.2774368056325476 -2.1871171876513804 0.5856394517497321 0.39598004497226647 1
183 2.3263527625247558 2.141214811193116 -2.2040193477576193 0.6345654820146586 0.5132684190035821 1
189 6.582339072066738 9.406221696937008 2.8438440687879742 0.36961277791343106 0.45690062259398295 2
195 8.684399295488637 2.908124757912018 -1.9957210378033128 0.6367350900776172 0.5833061215463428 0
201 9.302689279667614 2.7660434953652624 -2.01149385599055 0.5497389643244069 0.4029407387510094 3
227 6.077407105065659 -4.024001922829427 -2.5861826164950847 0.4530665720313774 0.477047803057323 1
239 6.2585888210495355 -4.4623251012590455 -2.6044603379951443 0.49821532731739143 0.5172515932721257 2
310 -2.2314437801390694 -5.417753236332662 0.8759519521304007 0.6658544336028778 0.564722228896181 2
288 1.5174604004731267 -9.002850406536993 0.7898861157250163 0.5230016516102264 0.47167149441926004 2
324 7.349803495498117 0.7985346286888881 -2.2698178053505904 0.7519432890316677 0.5842524995520425 0
335 -3.0007217742134613 -1.5867182563039746 2.428924614778286 0.5769304838105629 0.42152884151855474 2
368 0.7948933803871456 -7.521047500976762 0.7583450898260194 0.5873133646748007 0.5426665289132985 0
373 7.139654133605656 -8.644436899547923 -2.521032901826725 0.5437984009542407 0.7511145748087664 2
379 7.011313470687658 1.4618544000253164 -2.3783561309149235 0.5381655424373911 0.4034564590768522 2
480 6.790708274617917 8.269503426294976 2.694737915771344 0.4616060607132987 0.4911370770976602 2
486 -2.4779554084907147 -2.8628906160012204 -0.8817840441394258 0.5953918868107883 0.6717277285375858 1
561 10.62167508440454 1.0888065042466175 2.17038815197625 0.541015428288584 0.4883345418177333 0
454 -9.51024725757682 -3.0070381453471713 2.324646319753638 0.47288776540811195 0.3357168530173435 0
459 -10.039530608498035 -3.354943982491698 2.3194900411430974 0.45243057743402687 0.3321926616050097 0
499 -9.143201886475937 -4.374047486446289 2.016749845524028 0.43801605621790746 0.30445405370990775 0
655 12.036463575930949 -0.44243827256121376 1.8385160318291411 0.8319480007723253 0.6244088986260662 3
698 -3.7807441086206355 -0.2853548174404107 -1.2149870490968089 0.4973148704456817 0.5291625125899688 3
751 4.89824399962098 10.340889413071551 -1.6183626569582628 0.5994316072482965 0.3933877910077617 3
719 6.339988554230474 9.878315655105304 2.824376644088656 0.37288259111431865 0.526603694347052 2
729 -5.689678724893236 0.3828913421872799 -0.9572040116406397 0.5494998779601793 0.37610008263850714 3
