0 -0.9749248156540857 -6.050466395719484 -2.266041923666283 0.5157367379314969 0.5606213146074785 1
6 -0.6280325645836413 -6.590746446437019 -2.2077689658425887 0.5468160569131937 0.523794124673597 3
12 5.696231000540729 5.174194889847908 -0.5698711958117966 0.6064366735942377 0.5422358760101464 1
18 6.246883254700215 5.304184644752213 1.1345396286744502 0.45264864632348784 0.4927809056696167 3
24 5.738509427458191 4.579152130645522 1.1371594953718704 0.40719149995470083 0.4307440883671517 2
30 6.64436804378872 4.577438909414694 1.5566661783178963 0.4572155218208949 0.3451294728154704 0
36 7.6127857160684655 5.492460013541562 1.1210182685449355 0.5066529800705126 0.4015648668522621 0
41 4.874232841108701 1.7440946663939345 0.784988645846445 0.6093306714064372 0.5385823488727259 2
46 8.159844806583381 -2.627451220235604 0.10860168577118885 0.5865789111451367 0.5314001267200897 0
51 0.019427363832722033 -11.82013487151407 -2.3050999763127034 0.6333292405273094 0.6845641094847765 2
57 1.8440074566727263 -8.30220536854693 -2.696314905074959 0.6176937142109756 0.6127380791833658 2
63 5.949229613193334 3.2155689379730377 0.8759686263893542 0.5489376156124876 0.6571186878303529 2
68 4.687505470117997 -6.32727232579114 -0.6070509734386522 0.7333871153175023 0.5579628329590414 1
73 5.587680207758246 -6.063019514035308 -0.5976855884220205 0.49581729814758074 0.5377972241797779 3
78 5.577341473644323 -6.711648054151716 -0.6229234312970499 0.544768880111162 0.5750314300380592 2
83 -6.736051590040874 -9.289637477730682 -2.31281758538415 0.513882988160315 0.5390669622178768 0
88 -3.3953015162360862 -5.045304040532798 0.842026424985255 0.563296097683334 0.4390089722664679 0
93 -3.4329142959214556 0.568350001150915 2.2705746647603915 0.5354058198528495 0.48875955455471987 3
103 3.64842556804189 -7.166072537224776 0.3419062771467136 0.5470930095137105 0.5901489236324335 2
108 4.679494234547754 -8.113438715096267 0.2806731980983606 0.5185484197617339 0.5901706462206157 3
113 9.792020944103925 -3.390578599903578 0.8026700639648098 0.6994049902816852 0.7189833513968893 0
124 -5.103368144469545 -4.050894617448043 -0.5276893910326609 0.5041596902824901 0.3140330545990619 2
129 -5.369370936270187 -4.589142425101738 -0.8940510444662016 0.4450702743749086 0.3596557875856944 2
144 0.1716431015654912 2.6782654101050105 -2.351026957804152 0.5172810531342548 0.4485101853594612 3
149 0.9288203245522518 3.182460287317312 -2.3811516540466324 0.5375046547037744 0.42907482056110513 2
171 2.116832237339104 -0.38082910756039134 -2.2205715668614596 0.5833690432378354 0.537535938853181 1
177 1.9862996857175301 0.4917604097584831 -2.1871171876513804 0.5856394517497321 0.48549772734473673 1
183 1.4728147266285931 0.03599975927651067 -2.2040193477576193 0.49903135615282396 0.4668551292685915 1
189 6.610975672456993 9.429398000846087 2.8438440687879742 0.42993141387846295 0.4976203455882616 2
195 8.34257116083728 2.086491665461221 -2.0150458798185262 0.6367350900776172 0.5833061215463428 3
201 8.992348833749896 1.8296542447118391 -2.01149385599055 0.5497389643244069 0.457206223621452 0
227 4.733439397699448 -4.7539460965065 -2.5861826164950847 0.4319088262412136 0.5020411862457052 1
239 4.911600334596609 -5.211820850808129 -2.6044603379951443 0.49821532731739143 0.5574866569488869 2
310 -2.2465858430026193 -3.2657645106047117 1.5389247374974768 0.7457445711973892 0.564722228896181 1
288 3.01786365795578 -8.526233608536579 0.3402593895432534 0.6371333641691965 0.5760724231663459 2
324 5.685746006477075 -0.7991731194140372 -2.2558788754976526 0.5938485515548603 0.4952360957266803 2
335 -3.8828721350380073 0.19342728356168482 2.190810279645973 0.6107819393181861 0.503953221471789 3
368 0.78273525256305 -5.3255023012485 1.2878394658597023 0.6596044423120089 0.6310948286839075 1
373 5.220538995557296 -10.806304168101404 -2.521032901826725 0.5437984009542407 0.6057500540193806 2
379 5.285284263159824 -0.39134226709736764 -2.3783561309149235 0.5120570546250319 0.49091085666508205 2
480 6.824125680992782 8.528991435262958 2.694737915771344 0.48350659907429716 0.5719842565676245 2
486 -0.3429196417136024 -4.013176372155516 -0.4885289121375803 0.5953918868107883 0.5615712242123094 1
561 10.003233264369221 2.90065885416605 2.17038815197625 0.541015428288584 0.4883345418177333 2
454 -10.025080645842193 -2.396476099853153 2.324646319753638 0.47288776540811195 0.3357168530173435 0
459 -10.620907087763683 -2.9206627570160064 2.3194900411430974 0.45243057743402687 0.3321926616050097 0
499 -9.620933738649187 -3.215935210257032 2.016749845524028 0.48918614725011356 0.37960459909949473 0
655 12.060201430917672 1.4360516412372841 1.8385160318291411 0.6818589919665712 0.552368943729657 2
698 -3.4551073820003175 -2.3507519215509713 -1.1937557663061673 0.520555827953964 0.6954183617125362 3
751 4.844722787071028 8.274201396182608 -1.618362656958263 0.5994316072482965 0.4381418221565547 2
719 4.697149709001373 9.766321077552792 3.0170106334560525 0.5216192035988221 0.4720590188917459 3
775 9.412190606372471 4.682912549503905 -2.5332402501451288 0.5716211242401061 0.4472466445308813 3
780 8.951254548461826 5.464602946286378 -2.5443986724089416 0.5985041999021506 0.43211831871233625 2
809 4.155575497621614 4.8486651147086315 -1.4141906310832897 0.5769687325954846 0.3789804275058209 2
785 6.162395175604333 4.596015236629847 1.3004220022350075 0.42911414624553057 0.38679966836554525 2
852 2.5691983898454662 5.950909291294892 -1.7659498552785078 0.6279546616240529 0.5133536695983403 3
827 10.312403410504913 -4.975924121324814 -2.5473761014014107 0.6106443738471666 0.6164869486768771 2
832 11.37652811352404 -2.8862087435789965 -2.4482039137078235 0.6264935669288382 0.7327199639763985 0
837 5.2265423747793704 10.632603170113667 0.03125036897222069 0.7075298123540306 0.43458424368084986 3
872 -5.657319362344252 0.630352082029144 -1.057927031132193 0.569626943747373 0.4559250131966104 0
