12 6.221261581123852 5.819738577817483 0.5109343816241004 0.535259446894321 0.39710807820743294 2
18 6.756999480685342 5.45710040609677 0.7284547616190741 0.47426425485857787 0.43711376309544625 3
24 6.142241706036063 5.121622798367535 0.737744802784449 0.4906186008633059 0.42701291741507047 0
30 3.843836534564117 7.978372929322707 2.46087051610751 0.5715228403102788 0.4767933699891988 2
41 7.281974112220938 4.260808569425461 0.66488476605778 0.6093306714064372 0.4403355119951824 2
88 -3.2713179423393495 -5.023004878425917 0.842026424985255 0.563296097683334 0.4390089722664679 2
103 10.895509037650912 -4.20026889468348 0.279980290569432 0.5723174675080205 0.4932742006590749 0
124 -5.103368144469545 -4.050894617448043 -0.5276893910326609 0.5041596902824901 0.3140330545990619 0
129 -5.369370936270187 -4.589142425101738 -0.8940510444662016 0.4450702743749086 0.3596557875856944 0
171 -4.3568668921325155 -8.616951344163681 -2.2205715668614596 0.40969837754897587 0.4481656545287289 3
177 -4.321160863128079 -7.838838941620347 -2.272938061888656 0.4910294517027428 0.4707152314964502 2
183 -4.886070628023413 -7.676228884317188 -2.2040193477576193 0.4842549453996557 0.4365867141625306 3
195 5.307177986276183 -3.2789613756872718 -2.513540772541014 0.6367350900776172 0.525181879682926 1
201 5.9989219475043924 -3.901416707993425 -2.440039388033199 0.5849114335119502 0.6147429573902243 0
227 -2.1037906583182147 -9.638231829343924 -2.3485205620482317 0.4268204934413859 0.5275787652930313 3
239 -1.8318532881915939 -9.937920293797626 -2.377383713092369 0.437533911492886 0.3875146544821249 0
288 8.1697212894631 -3.618129725142838 1.4736367318657186 0.5638224138347455 0.5291110537799587 3
324 -2.682603101266541 -9.23135037740645 -2.3388587704140704 0.5831815978001172 0.6130141691189327 3
368 3.7559677639789437 4.0322026278468375 1.2939899976463378 0.7034388249664646 0.6068584154044608 1
379 -3.0721604852191042 -8.840917378444301 -2.33167557942048 0.4633476268590474 0.44718230807274684 3
480 4.024211238798628 10.12763532119462 2.694737915771344 0.48350659907429716 0.5174696089967599 2
561 4.914048299878176 9.448471834934928 2.794802500040539 0.5367472492222085 0.41370837226572216 2
751 0.43576877507233636 -1.3549967920269608 -1.838106551462755 0.5089806250445063 0.4460013279704446 1
775 1.8696167995793747 -3.412043047605521 -2.531517702652263 0.6338826973830576 0.5150984448483575 1
780 1.7986743729834818 -2.6041271580448364 -2.5443986724089416 0.5767544428309438 0.5093482144114628 0
785 6.543302840666218 4.744192713162352 0.9007037367598053 0.4589398103246099 0.5010964192014938 0
791 4.314902435593357 5.208958460731155 -1.9826741904093206 0.5677624376378106 0.5924106468764041 0
832 7.289448894239783 -3.3893736982563545 -2.966833768107829 0.6153349108150366 0.5138866921103739 2
335 -3.4901094098918923 -7.008008569455536 -1.4601526456586706 0.5055670246746066 0.40771948941034447 1
1062 3.6228227129314527 5.356093715952078 -1.8403489511677202 0.5053647114398566 0.5093804121405592 0
948 -7.660988455204769 -2.88462291690251 0.730523935795696 0.5089756701917756 0.47080564229505867 2
974 3.9017605050256243 8.98614599692796 2.717706943873789 0.6089072351246132 0.403444970820741 2
1007 3.4982957162332626 -6.936570398245735 -2.7447788068757495 0.4666133346035498 0.5407020979817989 2
1030 -2.721604912443688 -7.088474412026341 -1.4524099438496345 0.507671994338429 0.4963077472826575 2
1112 5.250001191840466 5.865865443358845 -2.891748636678636 0.4925059118863177 0.5109206832589614 0
1144 3.7032627183557634 -7.428757421377508 -2.728018265573325 0.551211934843185 0.5608424882753434 3
1180 8.452245036015531 5.793126814469362 2.537666721615258 0.5589102858238495 0.4421630240219476 2
1117 -2.445674834348764 -5.4529974852438325 -1.766024628757108 0.49692284499442474 0.49278662723780464 1
1122 -3.1362529072687777 -2.9903791915874907 -0.7171970215718878 0.5122261710928517 0.43749474843738184 1
1211 3.110234908312813 -8.89098659524543 0.206429713027607 0.5894146918745914 0.5657534842501053 3
1266 3.406091609543399 6.22258391924941 -1.5452649283371644 0.5176461488131684 0.41768503743625734 0
1295 4.959095023155861 6.398926102062117 -2.842630118620013 0.48771393193178936 0.4492325237213862 3
1323 7.483673138817336 5.4073174251104215 -2.4027835312842685 0.5218605263224692 0.4474485877355882 0
1300 4.614935489823505 8.913644482474625 2.811922624004409 0.5684719960044848 0.3942956087460967 2
1332 2.333813479247241 5.311693212529014 -1.4487432013173733 0.5351208490900443 0.40573079625340075 0
1347 9.038885638563354 -4.183379861333368 -2.872393164016827 0.6033538251278895 0.4261991665814095 0
1361 -5.790625812230453 -0.9561015727833905 -0.7252987444774953 0.4627474129123868 0.5380656663363682 0
1371 6.220974996681556 7.764114881075562 2.6683229000983726 0.5905262291079445 0.48518873969186194 3
1387 -3.9885307397721275 -0.5791404580703665 -0.7035239512628718 0.6103955322798966 0.43982456120557223 3
1392 8.123461199484293 7.111534377671169 -2.5437465890892197 0.5913235566933042 0.45540483591036224 0
1397 1.3021220239444418 -10.292769577470295 0.8314570616709319 0.711656687269064 0.5501885469591024 2
1415 -0.7150262100465856 -10.968935293446684 1.0763942161431455 0.6346470936125275 0.6034889160596703 3
1434 9.260656434200321 -4.829745471064187 -2.753285240440313 0.6001389060305494 0.42808191761013203 0
1459 -5.013457344425957 0.2649925999102627 -0.6958795610705087 0.5874225500710758 0.46136418801422363 3
1464 8.479197489455737 -7.738465980173252 1.4726215563702156 0.6895346125210136 0.4836834674264943 3
1469 -2.763228601625974 -11.155232125521431 1.0284660116407436 0.49215309206659924 0.3650941129610005 0
1486 -4.306411676940411 0.7993957940092175 -0.747418396129476 0.4800903253628622 0.3568265771441086 0
