12 7.329036763748937 5.936288848423193 0.5109343816241004 0.49937527080214394 0.39710807820743294 2
18 7.896545194524604 5.57719930882482 0.7284547616190741 0.573827287861614 0.4331849863569104 3
24 7.260976091731836 5.346399749916062 0.620567155387714 0.4906186008633059 0.42701291741507047 0
36 4.421653193901087 10.378775026445311 2.7078332667216065 0.5858839673928252 0.49460508524432534 0
41 7.282199585150699 4.209276310379476 0.6648847660577799 0.6093306714064372 0.4403355119951824 2
88 -3.2713179423393495 -5.023004878425917 0.842026424985255 0.563296097683334 0.4390089722664679 2
124 -5.103368144469545 -4.050894617448043 -0.5276893910326609 0.5041596902824901 0.3140330545990619 0
129 -5.369370936270187 -4.589142425101738 -0.8940510444662016 0.4450702743749086 0.3596557875856944 0
171 -5.383162978112177 -9.227900901559055 -2.2205715668614596 0.40969837754897587 0.4481656545287289 2
177 -5.368622713182162 -8.515929286894051 -2.2222342432792512 0.4910294517027428 0.4707152314964502 0
183 -5.614978112698334 -7.998051191817373 -2.2040193477576193 0.4842549453996557 0.4365867141625306 0
195 4.8657784018840715 -3.8622632217301076 -2.513540772541014 0.6367350900776172 0.525181879682926 1
201 5.6530673154301265 -4.203667998228465 -2.440039388033199 0.5849114335119502 0.6147429573902243 0
227 -2.8925679761799548 -10.272154940632946 -2.3485205620482317 0.4268204934413859 0.36441782151800944 0
239 -2.6561755661815463 -10.719094431956625 -2.377383713092369 0.437533911492886 0.3875146544821249 0
288 7.901213417063058 -2.4170131396403645 2.14610214349085 0.6327219638523859 0.5291110537799587 2
324 -3.7154952703338657 -10.429398561261037 -2.3388587704140704 0.5831815978001172 0.6130141691189327 3
379 -4.1907242648408305 -9.907382477637759 -2.33167557942048 0.4633476268590474 0.44718230807274684 2
561 4.102098457258158 9.768008021119456 2.794802500040539 0.5367472492222085 0.41370837226572216 2
751 -0.4674713124611791 -2.3310076793762455 -2.3741795706608206 0.6073140943590872 0.5377286439657986 1
775 1.2262124262096228 -4.664160554656386 -2.8102959920771053 0.6528714975509209 0.6433458425878074 2
780 0.799793498694393 -3.7577830381206616 -2.7946699804867206 0.6498566726025041 0.5397444410363815 1
785 7.419538718518288 4.823731428818074 0.6058464358243587 0.5753738067676385 0.5010964192014938 0
791 4.658351710474062 4.227151543529266 -1.4278563859580642 0.5677624376378106 0.5924106468764041 2
832 6.97610325388231 -3.638420812767211 -2.523283433573184 0.6153349108150366 0.5138866921103739 2
335 -3.7990615944625263 -8.22550480526672 -2.0406442553725492 0.5616662239939724 0.5247104273010752 2
1266 3.2600078594983106 5.116901930168193 -1.5820689756204966 0.5935400411598756 0.5093804121405592 0
948 -7.5973757582523795 -2.848840774866679 0.730523935795696 0.5089756701917756 0.47080564229505867 0
1007 2.1707192560586313 -7.56676941212911 -2.8673226933205727 0.6844879486410742 0.4890933267587968 0
1030 -3.212786923177931 -8.35166400909223 -2.0362015015669703 0.507671994338429 0.4963077472826575 0
1067 3.3504437432072574 8.81441384536518 -1.8745333055560722 0.5456292657430327 0.48022620769495894 0
1086 2.6322970134436376 5.832803842119005 -1.666314766813208 0.6939178562896792 0.5767227337192679 0
1112 5.050594176104707 5.1619568047017514 -1.9464043064739334 0.5265176186027006 0.5109206832589614 3
1144 2.373339203438943 -8.318832213708712 -2.897426903440196 0.7011780969031663 0.522333442770578 0
1180 7.716603106830888 6.612109235853217 -2.571017639727395 0.5589102858238495 0.4421630240219476 2
1117 -2.6575414586398587 -6.7134888588240464 -1.7660246287571078 0.49692284499442474 0.49278662723780464 1
1122 -2.420100454327202 -3.4248251687045945 -0.7171970215718878 0.6756580878434274 0.49258111604578686 1
1211 4.466751715626107 -8.441837183325038 0.206429713027607 0.5894146918745914 0.5657534842501053 2
1295 4.478274499635502 5.385871469728026 -1.5910750505420856 0.6139467992469001 0.5213697810854545 0
1347 7.962931777841912 -5.369898409610846 -2.6794543600377705 0.5342132672354056 0.5344118455775719 2
1361 -4.484877704257922 -2.1447140111854686 -0.7252987444774953 0.5177837660452342 0.3871547919181565 2
1371 5.204709670430905 8.747996167934426 2.6683229000983726 0.5905262291079445 0.48518873969186194 3
1387 -3.5547386161632053 -1.5051805062738721 -0.7035239512628718 0.5834080281936513 0.5194880784657214 2
1392 7.82563358935771 7.292217321705358 -2.7434800207967176 0.6656933444428057 0.45540483591036224 0
1397 2.318255576988165 -9.30347828793271 0.8314570616709318 0.711656687269064 0.5501885469591024 0
1415 0.22893032653136353 -10.43382935209971 0.9627819357825935 0.710360766182592 0.6034889160596703 2
1434 8.433711735231714 -5.8789189309045 -2.580346859583492 0.6001389060305494 0.4575345440395471 0
1459 -4.709041188161695 -0.9174817627533236 -0.6958795610705087 0.5874225500710758 0.46136418801422363 2
1464 8.912410883934 -6.594439955699981 1.4726215563702156 0.6895346125210136 0.4836834674264943 3
1469 -1.254364471093257 -10.249420305397951 0.9211211394073009 0.6351571407951039 0.4500317226020645 3
1486 -3.4885863682939657 -0.11380811398461077 -0.747418396129476 0.5250863963613771 0.3752673374757149 2
1502 6.752912619424953 8.62489636319875 -2.106720499088194 0.5040381044523987 0.7564484161086409 0
1507 -3.986014946386014 -0.3617256825212585 -0.8336119919278082 0.5195470212155628 0.38885677410990155 2
1512 3.393997987420103 6.426890726276717 -2.024578794708063 0.662052119422834 0.47042408704245064 3
1517 9.254997907108235 -5.770676372643287 -2.7828546852565674 0.6125835416396683 0.4934652938176954 3
1522 8.891012792136506 6.899670710886543 -2.378430756683195 0.6441992021258827 0.4894308369202714 2
1541 5.267240059187022 7.547130431227784 -0.7268412026030676 0.4865984706341544 0.4773796906342884 2
1546 4.098694128853516 4.502591155873819 -1.771577526809505 0.5341841237552867 0.5501919163764531 2
1551 -10.621644652902718 -4.895334604226441 0.35588354278946877 0.684681352065671 0.4152513641117109 0
