0 -3.3092069126503927 -9.387812112793783 -2.266041923666283 0.5157367379314969 0.3730272236996994 1
6 -3.0338060368000366 -10.028150701648443 -2.2077689658425887 0.5468160569131937 0.4010737701298753 3
12 5.599998826656503 5.258982917890949 -0.9751720591858756 0.5467717551650574 0.4358569271873741 1
18 6.27806610102581 5.377853747385739 -2.163587524045983 0.43249218169521986 0.43711376309544625 3
24 5.693951139888006 4.651268811838767 1.1371594953718704 0.40719149995470083 0.4307440883671517 1
30 6.877967114061358 5.370460829973461 1.1669366054546102 0.4572155218208949 0.422019630185551 0
36 8.41376130706589 7.822717099203932 1.7912443720257982 0.5066529800705126 0.4015648668522621 0
41 5.6571645101322225 3.041552165659116 0.784988645846445 0.6093306714064372 0.4403355119951824 1
46 10.130617459087002 -2.4031768031090444 0.11488129765056865 0.5510490911311645 0.5159003064833666 2
57 -0.23211983145428794 -11.493606174282249 -2.3070016849683177 0.6176937142109756 0.6127380791833658 0
63 8.485329247549322 6.054758251313443 0.8759686263893542 0.5925652358850827 0.49227658493556875 0
68 7.6251438531203615 -6.361195965094502 0.1482682346792393 0.652094366453943 0.4946666006711463 3
73 8.40620546173235 -6.074143265982551 0.073093214378727 0.49581729814758074 0.4393521676792441 3
78 8.380099799829544 -6.6510642508872655 0.037957464480315596 0.49337409288765055 0.5166473466988238 0
88 -3.3269963985119166 -4.973300458462454 0.842026424985255 0.563296097683334 0.4390089722664679 2
93 -4.765201566513633 0.3814411419881392 2.2705746647603915 0.5354058198528495 0.48875955455471987 3
103 6.638392756850099 -5.978809189903237 0.15233020823740925 0.5470930095137105 0.5901489236324335 3
108 6.876792876610162 -7.016670627928956 0.2806731980983606 0.6042897737650924 0.5901706462206157 0
124 -5.103368144469545 -4.050894617448043 -0.5276893910326609 0.5041596902824901 0.3140330545990619 2
129 -5.369370936270187 -4.589142425101738 -0.8940510444662016 0.4450702743749086 0.3596557875856944 2
149 0.1562423082428046 2.4102086558733293 -2.3811516540466324 0.5375046547037744 0.5845069771131383 2
171 0.1985819934859634 -3.59273236520118 -2.2205715668614596 0.48260737567831563 0.4545253113942984 1
177 -0.05659438291814248 -2.7659560836938555 -2.1871171876513804 0.47233012450946804 0.4471825153978126 1
183 -0.5487660643309922 -3.1009996149106915 -2.2040193477576193 0.6246934386418816 0.46361460786793146 1
195 7.90692204081978 -0.10007819977932397 -2.0150458798185262 0.6367350900776172 0.5994635408833074 1
201 8.461731209642032 -0.40556075440211437 -2.01149385599055 0.5497389643244069 0.457206223621452 3
227 2.0831026569220557 -6.468216023876372 -2.5861826164950847 0.4319088262412136 0.40215823427003605 2
239 2.363978438507403 -6.86353822434565 -2.6044603379951443 0.49821532731739143 0.3959017364114414 3
310 -3.890553316679676 0.6557296453329877 2.142081481867294 0.573693307582161 0.4383408947570557 1
288 5.305004324460209 -7.63160012852432 0.3402593895432534 0.6371333641691965 0.6489840821630636 0
324 3.129123781312391 -3.9982473281645134 -2.3562788552689584 0.6874084082219719 0.6489928364942218 3
368 2.1508491016999662 -2.183157058527856 1.485080833061192 0.626567117600272 0.5389920909899437 3
379 2.706053839895263 -3.5942538714903076 -2.290347755321388 0.4526094077780717 0.5039362198270255 2
486 3.344599187172032 -5.479435232072219 -0.5619830729179274 0.6672977359501153 0.6199518543531244 1
561 7.989101928574406 5.416284940544908 2.17038815197625 0.5664806323791548 0.5938847491974213 3
454 -10.954731026963067 -1.2509184452984723 2.324646319753638 0.47288776540811195 0.3357168530173435 0
459 -11.530343271744421 -1.9121045375649475 2.3194900411430974 0.45243057743402687 0.3321926616050097 0
499 -10.872799602038828 -1.974140855066569 2.2900219232596206 0.48918614725011356 0.37960459909949473 0
698 -3.230577372108561 -6.056607221466631 -2.22153870833317 0.6720181259462092 0.6538407743150666 1
751 3.720801858073563 4.465637568214626 -1.618362656958263 0.566659056995649 0.6013346080471577 2
775 6.645685444629452 2.23822720533596 -2.531517702652263 0.5638849534789816 0.6976942695851054 2
780 6.268742041548396 2.684638462027303 -2.5443986724089416 0.5711716929392953 0.42101348125775756 2
809 7.259733914082823 1.5006232990132182 -1.3112745894420186 0.5832190936932748 0.5788841082262816 1
785 6.172369715464369 4.643308138720364 1.488325463827044 0.42911414624553057 0.48745224305665386 1
791 5.262854408927636 7.973011126338243 -1.9826741904093206 0.5130069968954031 0.3608506101801973 0
852 1.2989300471223135 4.082723835549445 -2.301715196727988 0.47441636807502163 0.40479302533322786 3
996 3.260776972828109 7.464552684019251 -1.6541360006873873 0.6180914835177209 0.413570910360831 3
827 7.9432027700463985 -8.086884171370734 -2.3642142431109066 0.6106443738471666 0.39742223921927194 0
832 9.945572331631912 -3.1943654491863516 -2.6190398915524113 0.6264935669288382 0.5334975557675994 2
837 6.910059773058464 10.24869597432431 -0.027353071342351248 0.5564231242395643 0.47657892393012236 3
872 -4.378586666395696 -1.407812011369646 -1.057927031132193 0.6831427557346061 0.4543447078284128 0
1002 2.122127802725885 6.5859848217538515 -1.6198837120072371 0.45002463085392774 0.5988378140570538 3
948 -10.383554764143746 -4.413444024807379 -0.019029444754016245 0.5089756701917756 0.3688837936768382 3
974 9.336863135334804 6.405279587691336 3.07574906702929 0.5729243471706679 0.4067137008911841 0
1007 10.76629239324568 -3.6046236893857357 -2.5159346822706445 0.6916316075515753 0.5885709279640058 3
1030 -3.9022439300594236 -0.9530360064746369 -0.9476243734272727 0.44760051744522533 0.4580840034145793 3
1035 6.63833698685914 9.118836517755202 2.7120780329818137 0.4920174252552793 0.44565041230819036 3
1040 7.327641426458471 8.39334175803363 -2.7488935718910685 0.5026721419139322 0.36839573373249884 3
1067 5.836629007682955 10.2449795765097 -1.8745333055560722 0.5176306121810962 0.37703299313698624 3
1086 4.149013985182086 10.300177469111814 -2.3439226438892593 0.649200739105033 0.5295711417061129 3
