0 1.6582887132964061 -1.5340055476072818 -2.2089055055914417 0.5025030018050446 0.6457913675415717 1
6 1.8961496330801981 -2.024450212804011 -2.1808429070406463 0.4032519596105437 0.523794124673597 3
12 5.353221216447305 2.9609864815584572 0.9907267808953494 0.6607764751229271 0.5421929124388271 1
18 5.852089062242468 2.7839877192694993 1.0192929623309566 0.34230467491621774 0.3898021023008587 2
24 6.232746318499812 2.7952847356720674 0.9940990762530253 0.366695465715249 0.3752409455327957 2
30 6.327689140386396 3.3297904940968253 0.9454042152122512 0.4693923420895878 0.385370710571718 0
36 7.0554139870630745 3.07665049471721 0.9333302488444167 0.5066529800705126 0.4015648668522621 0
41 4.106858127851854 -0.6649345303794906 0.8445820286426143 0.6626481726227964 0.7012163124076193 1
46 4.661296066887488 -3.3711559171737013 0.585028937070484 0.6211404473174418 0.6617841213046297 0
51 3.9378258341845482 -7.462265620899038 -2.6062231919535708 0.6333292405273094 0.7990560439008554 2
57 5.634259432532565 -4.986478984282559 -2.628360998410015 0.6800846536205032 0.6127380791833658 0
63 1.2897300561335265 -0.5395765674824364 0.8759686263893542 0.5489376156124876 0.6449877004208023 1
68 1.1499742087643998 -5.190340446416069 -1.042070584268703 0.6929688017013891 0.65238656016884 1
73 1.9568580945473455 -5.272954963868822 -0.9646564198401495 0.4947026276297446 0.36469433552537367 1
78 1.740103376954811 -5.754478508545449 -1.0425380465178684 0.5437121579827674 0.62646434331934 2
83 -2.842258282994161 -4.827448606142655 -1.4920652294339782 0.6316081581296722 0.5036755658976318 2
88 -3.4486353907630476 -5.180335088154024 0.8420264249852552 0.563296097683334 0.4390089722664679 1
93 -1.3521094377987457 -3.6047571902254867 2.0028549490191065 0.6153091636502586 0.5457306706356928 1
103 -0.020835251501093 -8.419509729524963 0.7569590079160616 0.6901893075833536 0.6723570026105222 1
108 0.562327241831049 -9.089315865947404 0.7609641609813967 0.713939819888064 0.6864723950183861 3
113 5.29024984434068 -7.323132115850489 0.393156971279008 0.5080877276129789 0.6628123532708261 2
118 8.573702272760203 -7.346959049297355 -2.323609270654443 0.6750963543353056 0.7410078802131274 0
124 -5.103368144469545 -4.050894617448043 -0.5276893910326609 0.5041596902824901 0.3140330545990619 2
129 -5.369370936270187 -4.589142425101738 -0.8940510444662016 0.4450702743749086 0.3596557875856944 2
134 0.7119166410602545 3.3973964982140425 -2.3300413207480704 0.48443697408302616 0.35382818073757105 3
144 1.5130064331566495 4.090783955828898 -2.351026957804152 0.6984920642476787 0.5520969658279448 3
149 2.474578079048575 5.023055758440593 -2.3811516540466324 0.601431602669558 0.6210158442276412 2
159 7.358112808994652 8.503995822753755 1.6057523962824158 0.4748787559573123 0.5646482934751181 3
165 7.9674394378449644 8.725723572233205 1.6136175880712111 0.5236424544872262 0.5594069487766924 3
171 4.764179546971554 3.8156410222008907 -2.3582587163527196 0.6689224549433622 0.5122745595917371 1
177 4.902049922618282 4.776914947813138 -2.3406007738892427 0.5856394517497321 0.6103151454415638 2
183 4.107872921066827 4.474551479182639 -2.394207248795562 0.5218037694556 0.5484312510438494 1
189 6.540076217397824 9.54809687380884 2.5681892956043724 0.5476302535175624 0.582603788654825 2
195 9.19117376628745 4.219655142587593 -1.6645094294289384 0.5836854232197392 0.4591883892307571 2
201 9.895320694087028 4.245671768981087 -1.5581683313851717 0.41242322645835716 0.4029407387510094 3
207 10.68589913032887 -1.8966247241179688 -1.1646536238446585 0.6519402836654332 0.6748680278615521 3
212 11.637535535083451 -2.273832815218032 -1.1014676547377698 0.45932004107775887 0.6220467938258951 0
217 10.04753078889595 5.1015832571664355 1.4836220484853553 0.448010132988024 0.3885381186617279 0
222 10.58223114635691 4.778136279607812 1.5348943417925975 0.4868335841261904 0.4453961176790026 0
227 8.1968552175152 -2.74981004477212 -2.5861826164950847 0.5030323462336205 0.5062911600906826 0
233 12.1732431543029 -0.27214211502328894 0.94310275217116 0.5619903238739812 0.5347788675541262 2
239 8.427826673171802 -3.2397792029858388 -2.6044603379951443 0.49821532731739143 0.5172515932721257 0
310 -4.055529587107193 -8.103486332367172 0.8759519521304007 0.6179694246375862 0.4055535159544355 0
288 -0.3432798179722659 -10.528906715213203 0.7898861157250163 0.6976332716805631 0.5440227681027925 3
324 9.935291731280644 2.6630948521631983 -2.984463502940542 0.6893304055044556 0.5842524995520425 0
330 4.267335799357825 10.346430655910229 -2.9642906214691145 0.6072748993044593 0.5267002570318953 2
335 -1.861864243952497 -3.76110064784301 1.9887261161903111 0.49519257788081683 0.5488982883342006 1
368 0.366689278124065 -10.255647865081349 1.2452972382165926 0.6252456085877681 0.5390662142912962 3
373 9.288772408348132 -5.757053671965886 -2.501089641506594 0.5437984009542407 0.6160218295575899 3
379 9.752735812054784 3.2025826306696548 -2.8970581113189633 0.559500973979307 0.523093647971386 2
480 8.950445237567829 7.605755437184306 2.0739420252213874 0.5656713852520583 0.5786304415427101 3
486 -3.4163990011121323 -0.11986267801251105 -1.2379387357322678 0.4653738329238376 0.49825999407825394 3
561 12.059548827342839 -1.119110109952473 2.956137094446641 0.541015428288584 0.4883345418177333 2
454 -7.769999100724591 -5.159323161164756 2.31937895128309 0.4242904279434424 0.4355552858548187 3
459 -8.200053184795408 -5.502142434761579 2.2565176427620344 0.4009194543435175 0.3765055603493146 0
499 -9.883904554962415 -6.036618969861704 0.7240389318820224 0.44719289648732674 0.32918093451033403 0
