0 -1.5431777799159143 -6.890660536376943 -2.266041923666283 0.5157367379314969 0.6434997808016264 1
6 -1.1416365459992155 -7.383694974607742 -2.2077689658425887 0.5468160569131937 0.5988126678210342 2
12 5.63885589941728 5.20164895306129 -0.9751720591858756 0.5467717551650574 0.43506545227243576 1
18 6.345407857659634 5.269869709237042 -2.6086234128741737 0.45264864632348784 0.4927809056696167 0
24 5.75207105014967 4.624357539616973 1.1371594953718704 0.40719149995470083 0.4307440883671517 3
30 6.74122447801422 4.673612476450657 1.5566661783178963 0.558669351769272 0.5176233906922081 0
36 7.985972576603691 6.3389317179997136 1.1210182685449355 0.5066529800705126 0.4015648668522621 0
41 5.005389988316434 2.0875032180465825 0.784988645846445 0.6093306714064372 0.5385823488727259 1
46 8.461685937756513 -2.594227997593396 0.10860168577118885 0.5865789111451367 0.5314001267200897 0
51 -0.43671803749052374 -12.310181247453217 -2.3050999763127034 0.6333292405273094 0.6845641094847765 3
57 1.290413358116858 -8.868264637730984 -2.406110963542947 0.6176937142109756 0.6127380791833658 2
63 6.520026027912312 3.893386202236294 0.8759686263893542 0.5489376156124876 0.5619110934190694 1
68 5.467606374791929 -6.520105479097945 -0.6070509734386522 0.7333871153175023 0.5579628329590414 1
73 6.327738217645903 -6.238218902689923 -0.5976855884220205 0.49581729814758074 0.6748696741769759 2
78 6.120267496479497 -6.778719391885462 -0.6229234312970499 0.544768880111162 0.5750314300380592 2
83 -7.017643558369673 -9.476103593933974 -2.31281758538415 0.513882988160315 0.5390669622178768 0
88 -3.3412158487130053 -5.002035506514286 0.842026424985255 0.563296097683334 0.4390089722664679 2
103 4.252054462383434 -7.098070345766031 0.3419062771467136 0.5470930095137105 0.5901489236324335 2
108 5.314334467034762 -7.861256406160555 0.2806731980983606 0.6042897737650924 0.5901706462206157 2
113 10.3635257859026 -2.515070778122197 0.8026700639648098 0.6994049902816852 0.7189833513968893 0
124 -5.103368144469545 -4.050894617448043 -0.5276893910326609 0.5041596902824901 0.3140330545990619 2
129 -5.369370936270187 -4.589142425101738 -0.8940510444662016 0.4450702743749086 0.3596557875856944 2
149 0.6403456618043918 2.8552844160003663 -2.3811516540466324 0.5375046547037744 0.5845069771131383 2
171 1.7271312475571583 -1.1467516186007805 -2.2205715668614596 0.5833690432378354 0.537535938853181 1
177 1.6609731954959557 -0.3359348582269288 -2.1871171876513804 0.5856394517497321 0.530320566407224 1
183 1.0064566098687617 -0.7927703225699027 -2.2040193477576193 0.49903135615282396 0.4668551292685915 1
189 6.59734769030879 9.381700063327596 2.8438440687879742 0.42993141387846295 0.4976203455882616 2
195 8.325389243213365 1.3326505294417572 -2.0150458798185262 0.6367350900776172 0.5833061215463428 1
201 8.973712777291505 1.3842498547940747 -2.01149385599055 0.5497389643244069 0.457206223621452 0
227 4.099528216682748 -5.044529524654468 -2.5861826164950847 0.4319088262412136 0.5733364936044645 1
239 4.282202738019766 -5.496932582590617 -2.6044603379951443 0.49821532731739143 0.5574866569488869 2
310 -2.644765956783079 -2.42721054193425 1.697195067667062 0.6691697575703699 0.509629032955111 1
288 3.6898184605993247 -8.388516637460404 0.3402593895432534 0.6371333641691965 0.6489840821630636 2
324 5.121191471407055 -1.6110518547565889 -2.2558788754976526 0.6874084082219719 0.7180089722528051 3
368 1.0806636314454778 -4.755646720657182 1.2878394658597023 0.7228083515229238 0.6563331676575377 1
373 4.796905519944072 -11.258885081594876 -2.521032901826725 0.5437984009542407 0.7581486759465896 2
379 4.653737068346112 -1.1258847982621794 -2.3783561309149235 0.5120570546250319 0.6651945193486559 3
480 6.783241734548377 8.419967578078017 2.694737915771344 0.48350659907429716 0.5719842565676245 2
486 0.20910778612525743 -4.621127675051623 -0.9981000720152867 0.5953918868107883 0.5615712242123094 1
561 9.705280124061701 3.591064454784858 2.17038815197625 0.541015428288584 0.4883345418177333 3
655 11.907461676874453 2.181781028625515 1.8385160318291411 0.6818589919665712 0.552368943729657 0
698 -3.1286344257535097 -3.311798637627162 -1.1937557663061673 0.5915897055674033 0.49798176103783426 2
751 4.512139797453098 7.546920618138586 -1.6183626569582628 0.5994316072482965 0.47677004865467476 2
775 8.821559224320819 4.24700187867889 -2.3324984719031527 0.635447984727083 0.7064022495664167 3
780 8.309456127067758 4.825500192695793 -2.5443986724089416 0.5985041999021506 0.43211831871233625 0
809 4.820546729221157 4.197617100459679 -1.415902027112651 0.5769687325954846 0.7192726231272963 2
785 6.17613537806613 4.645590010333729 1.3004220022350075 0.42911414624553057 0.48745224305665386 1
852 2.4610577157104165 5.630601013534856 -1.7659498552785078 0.629968398862854 0.5452093692876162 3
827 9.807596348733489 -5.625081788955213 -2.3642142431109066 0.6106443738471666 0.6164869486768771 2
832 11.075802364155031 -3.0669886670603863 -2.4482039137078235 0.6264935669288382 0.7327199639763985 0
837 5.790500571382249 10.462144460448178 -0.0273530713423513 0.7761809535059936 0.45197603038095846 2
909 3.8043925220862578 10.156049204142768 -2.4375752944506437 0.641933385340635 0.4446954806075088 3
335 -5.371854246514369 0.12369893985919439 -1.057927031132193 0.569626943747373 0.4559250131966104 0
