0 3.7315605834165066 1.0359899953836804 -2.2089055055914417 0.561532278063613 0.40773854455276165 1
6 3.7723787408997906 0.5120840001746267 -2.1808429070406463 0.5002748460699438 0.3996799166462784 2
12 5.054339569915536 0.5913196507280576 0.9907267808953494 0.5205695775572274 0.5421929124388271 3
18 5.353896526924164 0.3041366945515188 1.0192929623309566 0.28094749376953027 0.3616077525444203 2
24 5.6588907192616205 0.2356741089293617 0.9940990762530254 0.28822563626867614 0.36283439361418024 2
30 5.762580920175009 1.0519571735066062 0.9454042152122514 0.4693923420895878 0.34226613844178183 3
36 6.323908510853218 1.1208250808719529 0.9333302488444167 0.3915034453614224 0.3163482914937025 0
41 3.1452102859869155 -2.729516140138944 1.308857966195921 0.5594150791084553 0.5109803841280438 1
46 2.5842341704547334 -3.7765982869320243 -0.060687385347380406 0.4590807938049213 0.45486559228450313 1
51 6.76542095370157 -5.301177165795335 -2.1676243338668417 0.7248042341075727 0.7304586656882194 2
57 8.36489765406861 -2.875760604469753 -2.616999780876024 0.6800846536205032 0.590258781975731 2
63 -1.0403953307960012 -2.7077222626411515 0.8759686263893542 0.5272154516972353 0.5040938433072464 1
68 -0.2235204531370689 -3.782229524263649 -1.0651121419672993 0.6526862590979193 0.5793083189794549 1
73 0.5605493180758311 -4.1600002112764285 -1.196224555234076 0.582143628762357 0.4073298480538029 1
78 0.15996874639651165 -4.465792836524312 -1.1647433085410897 0.3944973854334867 0.47790305204391875 2
83 -3.2722338134557276 -1.4864620396643828 -1.4583754408372331 0.5149221736727702 0.3511449938732523 1
88 -3.4292015829544815 -5.200105552308514 1.0237557831633628 0.563296097683334 0.4935852792921724 2
93 -3.2752154699985687 -6.7102299165662656 1.8377542811694891 0.4680536639538442 0.3990607459565862 3
98 -5.702424108081951 -8.662814745286548 -2.31201042355997 0.513782143511862 0.39575470130390145 3
103 -2.4413492027980266 -9.824103083829113 0.6135923151542564 0.5885222750381983 0.4050087872690427 2
108 -1.9318038667776367 -10.504821309567342 0.6692982463180789 0.5494238426288232 0.46409632362164954 2
113 2.4460158714065257 -9.294345234174408 0.548583686401572 0.4497205786281193 0.6825275904246877 2
118 10.251569863239588 -5.158114529072766 -2.323609270654443 0.6750963543353056 0.7410078802131274 2
124 -5.041693784543653 -4.0861371088346 -0.5276893910326609 0.5041596902824901 0.3140330545990619 2
129 -5.369370936270187 -4.589142425101738 -0.8940510444662016 0.4450702743749086 0.3596557875856944 2
134 1.9384609363256464 4.809990662164076 -2.3300413207480704 0.6360900831858625 0.4924482717445205 2
144 2.684419774041559 5.277820318137998 -2.351026957804152 0.5631606416899034 0.6972219551954065 2
159 7.433200759161061 6.1879898737562105 1.6057523962824158 0.35695649342956454 0.5646482934751181 2
165 7.879185231858788 6.404839983978902 1.6136175880712111 0.5311098538612402 0.6662129572690534 3
171 6.619556030764502 6.1338985901434535 -2.3582587163527196 0.47664586675372494 0.41055541536408324 1
177 6.727211357234146 6.983920063542673 -2.458040455346006 0.5556293017879681 0.5107529945701096 2
183 5.92549222615119 6.790666499807266 -2.394207248795562 0.46080563647496875 0.36802567501084565 1
189 7.780724013767762 8.632383138091221 2.4080007593247714 0.5532191920441344 0.47658515738885254 3
195 9.081632869272587 5.768973735519685 -1.059567412839665 0.47453926424316817 0.4591883892307571 1
201 9.666957599882393 5.83797805356517 -1.031596867108436 0.45801401384461654 0.35437486675918084 3
207 9.563750685726818 1.7029514408649253 -1.1334866668976595 0.513686371795963 0.43047142742204375 0
212 10.525174296600834 1.4661669660258752 -1.234107878128063 0.45932004107775887 0.39615215720145397 0
217 10.256147242641163 0.827610107971321 1.835059115972607 0.448010132988024 0.3885381186617279 3
222 11.131101113528194 0.7869484421524736 1.7134698179136247 0.4868335841261904 0.3654919367881083 0
227 9.937960306991085 -1.4258094438328088 -2.5861826164950847 0.3939518306889223 0.4576636847630508 1
233 11.465070118963146 -2.3149164122931176 0.977844429863305 0.5619903238739812 0.3943304117576294 0
239 10.043816129461383 -1.870756378703319 -2.6044603379951443 0.4605585412890039 0.4521761843767768 2
283 5.75687407914626 -10.867044264643875 -2.366543610534703 0.818188199195657 0.5339293684359453 2
288 -2.3051829651930777 -11.639756840881706 0.9355570204068877 0.6230736268524786 0.5557272470970622 0
