0 2.7385727339091632 -0.09800085409991732 -2.2089055055914417 0.5011591861669913 0.6054794729354233 1
6 3.023322010926329 -0.5543500375156984 -2.1808429070406463 0.4289435307123184 0.48795301182772705 2
12 5.1801464451287185 1.792134116782624 0.9907267808953494 0.5621226125096703 0.5421929124388271 1
18 5.5971451549589375 1.5125973384060636 1.0192929623309566 0.38424678232215786 0.3898021023008587 3
24 6.062185754611501 1.439899297419236 0.9940990762530253 0.28822563626867614 0.42676342971002584 2
30 6.414671088271815 2.4468718647081396 0.9454042152122512 0.4693923420895878 0.385370710571718 3
36 6.974660114449317 2.1044007660678523 0.9333302488444167 0.5066529800705126 0.4015648668522621 0
41 3.4365898636826806 -1.9304033414207455 1.308857966195921 0.5594150791084553 0.6276809402062336 1
46 3.5192156037012188 -3.7704650650639673 0.02844268767219082 0.515848868652902 0.6617841213046297 1
51 5.4907589279388995 -6.3595752644222525 -2.1676243338668417 0.6333292405273094 0.5897128919770847 3
57 7.230374422693392 -3.6235166448247407 -2.220578544489186 0.6800846536205032 0.5074473031304801 3
63 0.011148619952118133 -1.9320614139962298 0.8759686263893542 0.5489376156124876 0.6449877004208023 1
68 0.2069135603828553 -4.501613417990439 -1.0651121419672993 0.6526862590979193 0.47381255728258964 1
73 1.2318224815789942 -4.828453965874803 -1.196224555234076 0.5145447106902697 0.5211428949728406 1
78 0.7540854115577126 -5.0599591850293955 -1.1844012071731538 0.5437121579827674 0.6139387042882483 2
83 -2.9880299613076966 -2.9930605125909127 -1.4920652294339782 0.6713302510496023 0.43018553179754243 1
88 -3.4486353907630476 -5.180335088154024 0.8420264249852552 0.563296097683334 0.4390089722664679 1
93 -1.771199356596849 -5.4104265462337695 0.9535310114996388 0.6006377555811886 0.6765427369556142 2
98 -6.781707056632474 -9.867968530962095 -2.1761075741630345 0.5409048472103735 0.38144853987141597 0
103 -1.456000206772454 -9.091287430106794 0.6135923151542564 0.5885222750381983 0.5116290482918505 2
108 -0.886986389688041 -9.825937114987644 0.6692982463180789 0.5494238426288232 0.46409632362164954 3
113 3.6182641835608207 -8.509440498799929 0.548583686401572 0.5141880580444975 0.5770958696865424 1
118 9.313917839748088 -6.469501611564538 -2.323609270654443 0.6750963543353056 0.7028985618134418 2
124 -5.103368144469545 -4.050894617448043 -0.5276893910326609 0.5041596902824901 0.3140330545990619 2
129 -5.369370936270187 -4.589142425101738 -0.8940510444662016 0.4450702743749086 0.3596557875856944 2
134 1.3599802503730056 4.052483437385668 -2.3300413207480704 0.48443697408302616 0.35382818073757105 3
144 2.092351601915758 4.723523213247633 -2.351026957804152 0.6984920642476787 0.5073138368538147 2
149 2.9237812978721514 5.802024375475972 -2.3811516540466324 0.601431602669558 0.6210158442276412 3
159 7.357476741312108 7.3927625484310004 1.6057523962824158 0.35695649342956454 0.5646482934751181 3
165 7.819734498724754 7.449819112255835 1.6136175880712111 0.4768787176888743 0.5594069487766924 3
171 5.789676663634407 5.198330268725617 -2.3582587163527196 0.47664586675372494 0.41055541536408324 1
177 5.902095963256945 6.0169369522099565 -2.458040455346006 0.5556293017879681 0.5107529945701096 1
183 5.3411729044752985 5.844913746292558 -2.394207248795562 0.5218037694556 0.4975527012848753 1
189 7.205689535141126 9.111319041562924 2.4080007593247714 0.4621887021176474 0.5147370499039392 2
195 9.197472507924747 5.153665696210279 -1.3885001046059133 0.47453926424316817 0.4591883892307571 1
201 9.76328195598932 5.215662307002715 -1.3794008338355523 0.41242322645835716 0.37598722337854823 3
207 9.966733001510738 0.0653986979526121 -1.1334866668976595 0.513686371795963 0.43047142742204375 0
212 10.834935038247064 0.06007338278421648 -1.234107878128063 0.45932004107775887 0.39615215720145397 0
217 9.75909195014343 2.0877427360256533 1.4836220484853553 0.448010132988024 0.3885381186617279 0
222 10.590199413306891 1.8666912452565847 1.5348943417925975 0.4868335841261904 0.4453961176790026 0
227 9.138284848588327 -2.058567370980884 -2.5861826164950847 0.43806979783659783 0.5062911600906826 3
233 11.610853136392924 -1.3001165336396487 0.94310275217116 0.5619903238739812 0.45747506829529677 2
239 9.354981283853308 -2.462710881369045 -2.6044603379951443 0.4678317276286255 0.49444604413612514 3
283 4.612315704201592 -11.564364049068411 -2.418432067463963 0.45199866131648997 0.5339293684359453 2
310 -5.34678531212744 -9.54461818136476 0.8759519521304007 0.5655570491446852 0.3693639409991616 2
288 -1.3090080144389036 -11.137039720945838 0.7898861157250163 0.6073001345391426 0.5041615856214372 2
324 10.949327200821939 4.358652870483396 -2.2736752897827657 0.5592548867900363 0.4553908712960336 2
330 5.812694921079558 9.945257887562123 -2.8579382949317145 0.8392376307184611 0.5267002570318953 2
335 -2.4800831804755425 -5.605544884683661 1.0071918512275246 0.541009034087822 0.5601773831944423 2
368 -0.2287162656365153 -11.550041097911055 0.7820859338403428 0.5657261044092482 0.45210189699801134 0
373 10.988313324703368 -4.3668352249485345 -2.501089641506594 0.5437984009542407 0.6160218295575899 2
379 10.578286440704346 4.618245889731323 -2.276892905227958 0.559500973979307 0.404007726171959 3
418 11.289628037778643 1.7603779869926082 0.47089956688044526 0.4083652142280143 0.4978681864350752 3
423 12.005160185932105 1.5203497918685183 0.46347852085417085 0.5163499416991565 0.2933551976866485 3
385 11.487000026592124 2.6519431857726037 0.46297295797282007 0.5198599555248467 0.3624464373212444 3
