0 2.2143777271598606 -0.7453106390209048 -2.2089055055914417 0.5025030018050446 0.6457913675415717 1
6 2.3500996339276496 -1.1210307947664417 -2.1808429070406463 0.4932036668104325 0.4926927826834885 2
12 5.283664586294493 2.3411630361092772 0.9907267808953494 0.6322108729261863 0.5421929124388271 1
18 5.778088540540703 2.215235784741064 1.0192929623309566 0.33313406132009504 0.3898021023008587 2
24 6.10452291067041 2.045484038229758 0.9940990762530253 0.366695465715249 0.3752409455327957 2
30 6.426598468950482 2.486629800303442 0.9454042152122512 0.4693923420895878 0.385370710571718 0
36 7.041940217057748 2.2136647347548624 0.9333302488444167 0.5066529800705126 0.4015648668522621 0
41 3.967836489689607 -1.3060788516501618 0.7659262842312831 0.5948990568932543 0.7012163124076193 3
46 4.1557237280542845 -3.8755325370742475 0.21180522055946943 0.6211404473174418 0.6617841213046297 2
51 4.741083987130448 -6.678260083685703 -2.430768214955129 0.6333292405273094 0.7465694052987445 2
57 6.50003088061981 -4.144055657329566 -2.220578544489186 0.6800846536205032 0.6127380791833658 2
63 0.6168375699764043 -1.2042836418079566 0.8759686263893542 0.5269851542061476 0.6161834663383284 1
68 0.637081072508114 -4.791711099430292 -1.0651121419672993 0.6929688017013891 0.5731073950832263 1
73 1.4213579781630417 -5.052702064102055 -1.196224555234076 0.6032302844553609 0.3334219600534444 2
78 1.0962049118707224 -5.450336102095772 -1.184401207173153 0.4723211624793483 0.5158053378983096 2
83 -2.7993068495516815 -3.949034221554976 -1.4920652294339782 0.631024057782099 0.3876793076195145 1
88 -3.4486353907630476 -5.180335088154024 0.8420264249852552 0.563296097683334 0.4390089722664679 1
93 -1.4980055982982163 -4.516514853863164 1.1716097449664356 0.580668192694628 0.42728850344067315 1
103 -0.7961874768710271 -8.812184712060724 0.6135923151542564 0.5885222750381983 0.5663123414821271 2
108 -0.0974255149264342 -9.436984024473968 0.6692982463180789 0.6019336764798117 0.4750086222831284 3
113 4.939501466974914 -7.997596122668709 0.548583686401572 0.6095748083974688 0.6559321312676161 2
118 8.574234388353648 -7.3463910743184035 -2.323609270654443 0.6750963543353056 0.7410078802131274 2
124 -5.103368144469545 -4.050894617448043 -0.5276893910326609 0.5041596902824901 0.3140330545990619 2
129 -5.369370936270187 -4.589142425101738 -0.8940510444662016 0.4450702743749086 0.3596557875856944 2
134 1.046728425889357 3.754519985053605 -2.3300413207480704 0.48443697408302616 0.35382818073757105 3
144 1.9556970587549423 4.486084043860226 -2.351026957804152 0.6176344098536898 0.5241268578566696 2
149 2.7696371454314375 5.473183516935786 -2.3811516540466324 0.601431602669558 0.6210158442276412 2
159 7.364413314905353 8.060093122858882 1.6057523962824158 0.3886769205426412 0.5506270856640951 3
165 7.846331473439637 7.83624674449696 1.6136175880712111 0.42539860264455387 0.5434809759417635 0
171 5.283082138602525 4.640728391986816 -2.3582587163527196 0.47664586675372494 0.46508381407781135 2
177 5.511043582548934 5.52694241625917 -2.458040455346006 0.5556293017879681 0.5107529945701096 2
183 4.787855909858104 5.194943701356308 -2.394207248795562 0.5218037694556 0.5484312510438494 2
189 6.932028702703871 9.358607864835077 2.4080007593247714 0.4621887021176474 0.582603788654825 2
195 9.274050685105776 4.801321259455906 -1.3885001046059133 0.5836854232197392 0.4591883892307571 1
201 9.781916411877278 4.884040026954245 -1.3794008338355523 0.41242322645835716 0.4029407387510094 0
207 10.284139269370717 -0.945677915248888 -1.1646536238446585 0.513686371795963 0.6748680278615521 2
212 11.103648587867587 -1.0546916612374233 -1.1014676547377695 0.45932004107775887 0.6220467938258951 0
217 9.980548958524352 4.354077052962793 1.4836220484853553 0.448010132988024 0.3885381186617279 0
222 10.541876034935337 4.015873063869563 1.5348943417925975 0.4868335841261904 0.4453961176790026 0
227 8.549057427509204 -2.4073145457045158 -2.5861826164950847 0.5030323462336205 0.5062911600906826 0
233 11.874595667865064 -0.645819740605946 0.94310275217116 0.5619903238739812 0.45747506829529677 2
239 8.837431339486868 -2.8626245050336574 -2.6044603379951443 0.49821532731739143 0.5172515932721257 0
310 -4.63479735494356 -8.842374466216016 0.8759519521304007 0.5655570491446852 0.4055535159544355 2
288 -0.8815609372014256 -10.678521753421554 0.7898861157250163 0.5230016516102264 0.42003712738102705 0
324 10.360458876026522 3.2850785796734705 -2.2736752897827657 0.5592548867900363 0.4553908712960336 0
330 5.317816840950613 9.879052997203646 -2.8579382949317145 0.8392376307184611 0.5267002570318953 3
335 -1.9939272110673167 -4.6406897558160285 1.1201492656197862 0.49519257788081683 0.38670040069534223 1
368 0.1283770752902949 -10.903727110964756 0.7820859338403428 0.5251738289163134 0.4874607642382809 3
373 10.147133399732974 -5.227554969988692 -2.501089641506594 0.5437984009542407 0.6160218295575899 0
379 9.997000500320013 3.8276734648187016 -2.276892905227958 0.559500973979307 0.404007726171959 0
418 11.935907624977297 2.395715849495366 0.4768533216316859 0.4827886472379703 0.4978681864350752 3
480 9.77841722937071 7.444427155682022 2.0739420252213874 0.5656713852520583 0.5362037267979112 2
486 -3.830991150785395 0.7549592351904814 -1.055378782065321 0.6773763886297884 0.42542507822982456 0
454 -7.304264264525703 -5.600585380820615 2.280865859108415 0.3858302659698802 0.4935218412762438 3
459 -7.772330923519844 -5.635246539062683 2.3420079382589547 0.46678383511071453 0.33168919792309254 3
499 -10.25353591244053 -6.364145668612922 0.461960175487004 0.39905055782213505 0.30387522328736477 3
