0 -2.7885489614594654 -8.701853257526082 -2.266041923666283 0.5157367379314969 0.5103493297466091 1
6 -2.4326748689644075 -9.210680565056448 -2.2077689658425887 0.5468160569131937 0.5988126678210342 3
12 5.647359894569496 5.189101230746337 -0.9751720591858756 0.5467717551650574 0.6034067576832198 1
18 6.334998382629136 5.377853747385963 -2.163587524045983 0.43249218169521986 0.43711376309544625 3
24 5.693951139888006 4.651268811838767 1.1371594953718704 0.40719149995470083 0.4307440883671517 1
30 6.826463393575545 5.282168737712055 1.1669366054546102 0.4572155218208949 0.422019630185551 0
36 8.095343119220257 7.374329600423468 1.1210182685449355 0.5066529800705126 0.4015648668522621 0
41 5.29119363255564 2.873890167459661 0.784988645846445 0.6093306714064372 0.4403355119951824 1
46 9.697203356371814 -2.5905520274094282 0.11488129765056866 0.5865789111451367 0.5314001267200897 2
57 0.15153641465084144 -10.820342001321633 -2.3070016849683177 0.6176937142109756 0.6127380791833658 2
63 7.880839786206193 5.544363662487443 0.8759686263893542 0.4646471765545863 0.48322673409306555 2
68 6.925730773624575 -6.5388246836967365 -0.1506033420577678 0.652094366453943 0.4946666006711463 3
73 7.84790485243912 -6.132482159752679 0.388393025462401 0.49581729814758074 0.5104751229037525 2
78 7.789832102459109 -6.743286790673332 -0.09930079560097191 0.49337409288765055 0.5237376374978406 0
88 -3.3022504179907757 -4.9953913117795485 0.842026424985255 0.563296097683334 0.4390089722664679 2
93 -4.454455998815404 0.40126813814508494 2.2705746647603915 0.5354058198528495 0.48875955455471987 0
103 5.918550015499969 -6.320306844613944 0.3419062771467136 0.5470930095137105 0.5901489236324335 3
108 6.427027851944523 -7.354279057836286 0.2806731980983606 0.6042897737650924 0.5901706462206157 0
113 11.748728893737566 -0.39699956619762355 1.0911583737222925 0.5833983951439916 0.7189833513968893 2
124 -5.103368144469545 -4.050894617448043 -0.5276893910326609 0.5041596902824901 0.3140330545990619 2
129 -5.369370936270187 -4.589142425101738 -0.8940510444662016 0.4450702743749086 0.3596557875856944 2
149 0.2014087778378143 2.4915083011443278 -2.3811516540466324 0.5375046547037744 0.5845069771131383 2
171 0.3612551338869513 -2.906296889495349 -2.2205715668614596 0.48260737567831563 0.4048330184205175 0
177 0.42046400882163815 -2.1370373143103976 -2.1871171876513804 0.5892391818593051 0.47407404273878884 1
183 -0.21882829399323098 -2.4271493516590668 -2.2040193477576193 0.6246934386418816 0.41508995826908995 1
195 8.065971291578864 0.27218888450860235 -2.0150458798185262 0.6367350900776172 0.5518303010256359 1
201 8.627201170554144 0.10235592200758004 -2.01149385599055 0.5497389643244069 0.457206223621452 3
227 2.673690293299717 -5.951972278907846 -2.5861826164950847 0.4319088262412136 0.5733364936044645 3
239 3.151364660751493 -6.232525529948172 -2.6044603379951443 0.49821532731739143 0.5574866569488869 3
310 -3.4452974781298793 -0.1467537278006552 2.202180243245543 0.4399455674528821 0.34374407589638456 1
288 5.254615737929491 -7.667790817772096 0.3402593895432534 0.6371333641691965 0.6489840821630636 0
324 3.8638232898670606 -3.263146134315119 -2.2558788754976526 0.6874084082219719 0.5808870967454723 3
368 1.8360749832041379 -2.9373437399488336 1.4058916715650196 0.626567117600272 0.5389920909899437 3
379 3.347977199242971 -2.9322524934916077 -2.290347755321388 0.4526094077780717 0.5039362198270255 2
480 6.7291481938751545 8.577133045437678 2.694737915771344 0.48652867474905004 0.4897104445725702 3
486 2.331239068250844 -5.356666929431506 -0.9458662526646544 0.6672977359501153 0.6199518543531244 2
561 8.495250648920816 5.1026775553152115 2.17038815197625 0.5664806323791548 0.4883345418177333 3
454 -10.737969104641426 -1.6045151539808322 2.324646319753638 0.47288776540811195 0.3357168530173435 0
459 -11.265195643713053 -2.2741566529635993 2.3194900411430974 0.45243057743402687 0.3321926616050097 0
499 -10.559066654375695 -2.458330602033567 2.2900219232596206 0.48918614725011356 0.37960459909949473 0
698 -2.758879471519783 -5.297123896690946 -1.9321670942806362 0.6720181259462092 0.6538407743150666 2
751 4.075218487307662 5.312094901904707 -1.618362656958263 0.5096787144289725 0.4188905488387081 2
775 7.289389760239291 2.7913697719483337 -2.531517702652263 0.556611219252819 0.4883325910943534 2
780 6.979883912367471 3.3105890715820565 -2.5443986724089416 0.5985041999021506 0.5351928496739613 2
809 6.603207967767595 2.305455618629076 -1.3112745894420186 0.5832190936932748 0.5788841082262816 1
785 6.172369715464369 4.643308138720364 1.488325463827044 0.42911414624553057 0.48745224305665386 1
852 1.8045335498235897 4.505553434624059 -1.7659498552785076 0.629968398862854 0.5139515023479196 3
827 8.409911270946372 -7.687238541061015 -2.3642142431109066 0.6106443738471666 0.6164869486768771 0
832 10.280700830501763 -3.190483641655134 -2.6190398915524113 0.6264935669288382 0.7713988997715735 2
837 6.60682158509615 9.95734131716576 -0.02735307134235125 0.40732341327519295 0.5265892668026292 3
335 -4.7226812081516245 -0.5799907693611728 -1.057927031132193 0.6469029606934764 0.3919497169073458 2
948 -10.626475916441604 -4.229623949706855 -0.019029444754016245 0.5089756701917756 0.3688837936768382 3
974 9.776017444693853 6.398289797054407 3.07574906702929 0.5729243471706679 0.4067137008911841 3
1007 11.571610915904884 -2.781833566585809 -2.4543692606170264 0.6916316075515753 0.5885709279640058 2
1030 -4.154176876681524 -0.363674284174998 -1.0381701151610019 0.495894605805102 0.36110593820083403 3
1035 6.502733392810166 9.222824920349202 2.7120780329818137 0.4920174252552793 0.34321143896917744 0
1040 7.6394763783513895 9.400996661405136 -2.7488935718910685 0.5026721419139322 0.36839573373249884 3
1045 3.660275606870628 5.852891563347987 -1.6076118657041523 0.4530315080412222 0.40298189042628546 3
