0 -0.21628243893882845 -4.814186991238696 -2.266041923666283 0.5157367379314969 0.5037983671423495 1
6 0.0961519730746492 -5.362754727769579 -2.2077689658425887 0.4362305339603616 0.523794124673597 0
12 5.507877238934483 4.897540504240238 1.0064686915697763 0.7579512666978238 0.4943528620698541 2
18 6.333577766308883 4.850936981716311 0.9564276194692476 0.45264864632348784 0.4927809056696167 3
24 5.779485789432671 4.313152217194894 0.8920676359896543 0.45041027218825375 0.40232983446461273 3
30 6.936020547789607 4.183806518988538 0.9261789087884402 0.5530453748099385 0.4074105714052399 0
36 7.587737567598326 5.3274540246085245 0.9333302488444167 0.5066529800705126 0.4015648668522621 0
41 4.702558577856784 0.9374633920576579 0.784988645846445 0.6093306714064372 0.5385823488727259 1
46 7.246905212008728 -2.612220580221899 0.680714766976326 0.5865789111451367 0.5314001267200897 2
51 0.75664008651873 -10.656235303851185 -2.4509904102995277 0.6333292405273094 0.6845641094847765 0
57 3.0959102197300856 -7.605251098293636 -2.3677787781385184 0.6176937142109756 0.6127380791833658 2
63 4.848820009642239 2.26004501529978 0.8759686263893542 0.5489376156124876 0.5906061495044507 2
68 3.6566827226001575 -6.114008629111167 -0.6070509734386522 0.7288424015366972 0.6616538388074037 2
73 4.591459684592572 -5.911545030797751 -0.5976855884220205 0.512254251611718 0.7032225135554635 2
78 4.371385434221702 -6.4396690732969475 -0.6229234312970499 0.5564642144778584 0.5750314300380592 2
83 -5.327308654080321 -8.143600755029702 -2.3404579601195135 0.631024057782099 0.6057866004429359 0
88 -3.4486353907630476 -5.180335088154024 0.8420264249852552 0.563296097683334 0.4390089722664679 2
93 -3.2303921154869166 -0.4423759226504975 2.4293001084945134 0.5060444410998017 0.6075935779958319 1
103 2.430707661393963 -7.106331598744487 0.7569590079160616 0.5470930095137105 0.5901489236324335 2
108 3.374050802052331 -8.379446548718981 0.31381805469403357 0.5233863247653049 0.5901706462206157 3
113 8.780387789092776 -4.3687071631002645 0.8026700639648101 0.6994049902816852 0.7259303871935415 2
118 5.082271688891288 -11.037764856433277 -2.5070312756596094 0.6750963543353056 0.7410078802131274 3
124 -5.103368144469545 -4.050894617448043 -0.5276893910326609 0.5041596902824901 0.3140330545990619 2
129 -5.369370936270187 -4.589142425101738 -0.8940510444662016 0.4450702743749086 0.3596557875856944 2
144 0.47669957964542614 3.007646842189821 -2.351026957804152 0.5172810531342548 0.4485101853594612 3
149 1.208642869893644 3.5217255507481013 -2.3811516540466324 0.4884734713395109 0.42907482056110513 3
171 2.6323329889977054 0.8310100931290009 -2.2205715668614596 0.530614375476445 0.5206653131620987 1
177 2.5232788922603384 1.4966426390135779 -2.1871171876513804 0.5856394517497321 0.39598004497226647 2
183 1.9286661002017356 1.3074723134542696 -2.2040193477576193 0.6057090391691123 0.48782974451246897 1
189 6.582339072066738 9.406221696937008 2.8438440687879742 0.36961277791343106 0.45690062259398295 2
195 8.545622859434198 2.6175089648618286 -2.0150458798185262 0.6367350900776172 0.5833061215463428 0
201 9.146826944317912 2.4348062390541463 -2.01149385599055 0.5497389643244069 0.4029407387510094 0
227 5.624013667740943 -4.405335631462956 -2.5861826164950847 0.4530665720313774 0.5186074368359016 1
239 5.837106238092631 -4.848460999295683 -2.6044603379951443 0.49821532731739143 0.5574866569488869 2
310 -2.0642745121424984 -4.753529190893116 1.4659925850774662 0.7071607809525385 0.6834646687932686 1
288 1.9048886535378358 -8.734988135317138 0.7898861157250163 0.5789250458480072 0.5760724231663459 2
324 6.63811834187482 0.2365308723720222 -2.2698178053505904 0.5216981076340187 0.4952360957266803 1
335 -3.365492930972865 -1.0399942032036011 2.428924614778286 0.5769304838105629 0.46078592733166945 2
368 0.6743275167137507 -6.620639580373063 0.7583450898260194 0.6162755980340424 0.6310948286839075 1
373 6.416728305310111 -9.461427847876479 -2.521032901826725 0.5437984009542407 0.7511145748087664 0
379 6.379848861722316 0.678085965393723 -2.3783561309149235 0.5120570546250319 0.49091085666508205 1
480 6.824125680992782 8.528991435262958 2.694737915771344 0.48350659907429716 0.5719842565676245 2
486 -1.6638100631817756 -3.2520316277907892 -0.6253747885424765 0.5953918868107883 0.5615712242123094 1
561 10.527603504424036 2.0153791977043114 2.17038815197625 0.541015428288584 0.4883345418177333 2
454 -9.825451372841362 -2.5517433121871944 2.324646319753638 0.47288776540811195 0.3357168530173435 0
459 -10.354734723762576 -3.0981109996834695 2.3194900411430974 0.45243057743402687 0.3321926616050097 0
499 -9.357397651608812 -3.782769433992212 2.016749845524028 0.48918614725011356 0.30445405370990775 0
655 11.924419359472678 0.28152617476391906 1.8385160318291411 0.6818589919665712 0.4403841673955273 2
698 -3.89706902387118 -1.072787668865115 -1.2149870490968089 0.4973148704456817 0.5532461744114557 3
719 5.799145696371885 9.710119356601329 3.017010633456053 0.37288259111431865 0.526603694347052 3
729 -5.286572200605417 -0.15788639585639097 -0.9572040116406397 0.5494998779601793 0.37610008263850714 3
775 10.202995491634042 5.78473555439184 -2.6261751088602168 0.5716211242401061 0.4472466445308813 2
780 9.900836565306147 6.332182229234155 -2.5443986724089416 0.5101461379159649 0.43211831871233625 0
809 3.272451662967788 6.150236521170301 -1.3006399836788702 0.5776327618202024 0.6842638574327385 2
785 6.264778726776861 4.120208222233982 1.1759551422053163 0.5380173944955674 0.45098617555558496 3
791 6.329941747460732 9.908348558683237 -2.1765775294201184 0.5130069968954031 0.3608506101801973 0
