0 -3.0130856101815553 -8.999608378657538 -2.266041923666283 0.5157367379314969 0.5103493297466091 1
6 -2.7841235365293757 -9.6353477050308 -2.2077689658425887 0.5468160569131937 0.5988126678210342 3
12 5.647359894569496 5.189101230746337 -0.9751720591858756 0.5467717551650574 0.6034067576832198 1
18 6.334998382629136 5.377853747385963 -2.163587524045983 0.43249218169521986 0.43711376309544625 3
24 5.693951139888006 4.651268811838767 1.1371594953718704 0.40719149995470083 0.4307440883671517 1
30 6.877967114061358 5.370460829973461 1.1669366054546102 0.4572155218208949 0.422019630185551 0
41 5.435128611879669 2.9447672869337995 0.784988645846445 0.6093306714064372 0.4403355119951824 1
46 9.818914563306835 -2.513402375594217 0.11488129765056865 0.5865789111451367 0.5314001267200897 3
57 -0.056637025006502834 -11.337621457439758 -2.3070016849683177 0.6176937142109756 0.6127380791833658 2
63 8.067945364251834 5.722785459832943 0.8759686263893542 0.5901740418319372 0.48322673409306555 2
68 7.384411058483779 -6.489643200244419 -0.15060334205776793 0.652094366453943 0.5667553032265564 2
73 8.197289027876586 -6.076767770311745 0.073093214378727 0.49581729814758074 0.5104751229037525 3
78 8.290933530093707 -6.643633269276232 0.037957464480315596 0.49337409288765055 0.6937278442750692 3
88 -3.3022504179907757 -4.9953913117795485 0.842026424985255 0.563296097683334 0.4390089722664679 2
93 -4.565898978818977 0.9029563187483316 -1.9733358103708025 0.5354058198528495 0.48875955455471987 0
103 6.021028122385892 -6.103964174521485 -0.009764357868467854 0.5470930095137105 0.5901489236324335 0
108 6.876792876610169 -7.200561897507377 0.2806731980983606 0.6042897737650924 0.5901706462206157 0
113 11.95792096344098 -0.10222892252447968 1.0911583737222925 0.5833983951439916 0.7189833513968893 0
124 -5.103368144469545 -4.050894617448043 -0.5276893910326609 0.5041596902824901 0.3140330545990619 2
129 -5.369370936270187 -4.589142425101738 -0.8940510444662016 0.4450702743749086 0.3596557875856944 2
149 0.1562423082428046 2.4102086558733293 -2.3811516540466324 0.5375046547037744 0.5845069771131383 0
171 0.31440154981955715 -3.1156970241679955 -2.2205715668614596 0.48260737567831563 0.4546744335064379 2
177 0.14728189695601304 -2.4416465049207763 -2.1871171876513804 0.47233012450946804 0.4237335265417237 1
183 -0.3954603033993459 -2.7551802262704514 -2.2040193477576193 0.6246934386418816 0.41508995826908995 1
195 7.9889297594726765 0.16486981433000458 -2.0150458798185262 0.6367350900776172 0.5994635408833074 1
201 8.578742744898012 -0.04301935496092557 -2.01149385599055 0.5497389643244069 0.457206223621452 3
227 2.332096603680429 -6.208167546122222 -2.5861826164950847 0.4319088262412136 0.5733364936044645 2
239 2.5975264920278143 -6.592275819498012 -2.6044603379951443 0.49821532731739143 0.5574866569488869 3
310 -3.511052218363121 0.3846574322496932 2.142081481867294 0.573693307582161 0.4383408947570557 3
288 5.294468335051858 -7.747496012016448 0.3402593895432534 0.6371333641691965 0.6489840821630636 0
324 3.4950043722250603 -3.695449597753897 -2.2558788754976526 0.6874084082219719 0.6489928364942218 3
368 1.9369168965228845 -2.4379907716085523 1.4058916715650196 0.626567117600272 0.5389920909899437 3
379 3.024788292958931 -3.2821597195320056 -2.290347755321388 0.4526094077780717 0.5039362198270255 2
486 2.781004092916468 -5.481917948958443 -0.9458662526646544 0.6672977359501153 0.6199518543531244 1
561 8.404383370635124 5.228493786787691 2.17038815197625 0.5664806323791548 0.4883345418177333 3
454 -10.870443111696108 -1.408958286424113 2.324646319753638 0.47288776540811195 0.3357168530173435 0
459 -11.435519367069075 -2.0912163575073315 2.3194900411430974 0.45243057743402687 0.3321926616050097 0
499 -10.672615803279717 -2.237540590275967 2.2900219232596206 0.48918614725011356 0.37960459909949473 0
698 -2.964405008107526 -5.6516554473046785 -2.1168806839414946 0.6720181259462092 0.6538407743150666 2
751 3.872245452152293 4.900506071122166 -1.618362656958263 0.566659056995649 0.5346629632898087 2
775 6.914492241529848 2.505384838225448 -2.531517702652263 0.5638849534789816 0.4883325910943534 2
780 6.639000932103493 3.0153366762398366 -2.5443986724089416 0.5985041999021506 0.5351928496739613 2
809 7.055318491494431 1.9107114438321022 -1.3112745894420186 0.5832190936932748 0.5788841082262816 1
785 6.172369715464369 4.643308138720364 1.488325463827044 0.42911414624553057 0.48745224305665386 1
852 1.609214935199032 4.322944394060615 -1.7659498552785078 0.47441636807502163 0.40479302533322786 3
996 3.354051796355527 7.420277735109718 -1.6541360006873873 0.428083870289615 0.34238703742353055 3
827 8.271772964571115 -7.773203017276169 -2.3642142431109066 0.5177074046500817 0.48132951194681856 3
832 10.07055215813684 -3.1833884939852863 -2.6190398915524113 0.6264935669288382 0.7713988997715735 2
837 6.739262928248912 10.174684008240378 -0.027353071342351255 0.5564231242395643 0.47657892393012236 2
872 -4.582493034911943 -1.0708749540497373 -1.057927031132193 0.6831427557346061 0.4543447078284128 0
1062 3.533803468377463 8.082580723092306 -1.8403489511677202 0.5378741488916988 0.3780742276933288 0
948 -10.48138533728663 -4.242240521807394 -0.019029444754016245 0.5089756701917756 0.3688837936768382 3
974 9.475456447287296 6.405279587691778 3.07574906702929 0.5729243471706679 0.4067137008911841 0
1007 11.206649203399524 -3.1922260417812645 -2.5159346822706445 0.6916316075515753 0.5885709279640058 3
1030 -4.103611859778442 -0.565789987784205 -0.9476243734272727 0.44760051744522533 0.4580840034145793 2
1035 6.567953774905402 9.141299442730194 2.7120780329818137 0.4920174252552793 0.34321143896917744 3
1040 7.443815232065713 8.919996343452855 -2.7488935718910685 0.5026721419139322 0.36839573373249884 3
1045 3.2889018280916424 5.704292142007161 -1.7637377066430682 0.5152133058743439 0.5466417031465458 3
1067 6.183915925462772 10.404389964999012 -1.8745333055560722 0.5176306121810962 0.37703299313698624 3
