12 5.698341496704617 5.386950836421932 -1.0142861536403294 0.5732141551761988 0.625553099588583 1
18 6.284907226020628 5.687995026567341 -2.163587524045983 0.47426425485857787 0.43711376309544625 0
24 5.72367981069745 4.741539426669372 1.1371594953718704 0.4906186008633059 0.4307440883671517 3
30 5.117524429111855 7.315997909187303 2.46087051610751 0.5619259148474633 0.5457487556570534 2
41 7.253507971419046 4.203876287821405 1.390077629088833 0.6093306714064372 0.4403355119951824 2
88 -3.3831545925371658 -5.141831319261096 0.842026424985255 0.563296097683334 0.4390089722664679 3
103 10.139085899835964 -4.707019506365291 0.279980290569432 0.5723174675080205 0.4932742006590749 2
124 -5.103368144469545 -4.050894617448043 -0.5276893910326609 0.5041596902824901 0.3140330545990619 0
129 -5.369370936270187 -4.589142425101738 -0.8940510444662016 0.4450702743749086 0.3596557875856944 0
171 -2.9657538908914187 -7.62911572926421 -2.2205715668614596 0.4408737170372769 0.5242781281537708 0
177 -3.05932419288343 -6.938092013589874 -2.272938061888656 0.4144670937233504 0.40249271059195474 0
183 -3.7493877651579472 -6.676675798911576 -2.2040193477576193 0.535191860381726 0.46361460786793146 3
195 6.318363496964041 -2.529131058342879 -2.513540772541014 0.6367350900776172 0.525181879682926 1
201 6.70472984858578 -3.1568884914084645 -2.440039388033199 0.5497389643244069 0.6465877794289085 0
227 -1.030471170073877 -8.73944534770372 -2.4930726551192137 0.4268204934413859 0.37931110523344613 2
239 -0.7868026749166425 -9.14405023970768 -2.5657674076095818 0.437533911492886 0.3875146544821249 3
288 7.597370689585711 -5.615841210245936 0.3402593895432534 0.5638224138347455 0.5291110537799587 2
324 -1.057363676387937 -7.918034986380825 -2.3388587704140704 0.5831815978001172 0.6130141691189327 3
368 3.7770958849953478 2.4014435857002243 1.110184816655947 0.6913643517737545 0.4843304433071004 1
379 -1.5811346298210067 -7.6079334233963785 -2.33167557942048 0.4633476268590474 0.44718230807274684 2
486 8.760498511633177 -7.903449572613363 -0.5619830729179274 0.6672977359501153 0.47869548763853154 0
561 5.624996930306032 8.800809260020237 2.794802500040539 0.5367472492222085 0.41370837226572216 3
751 1.2982670913253138 -0.14747979686366053 -1.838106551462755 0.5089806250445063 0.4460013279704446 1
775 2.9900562508843076 -1.9594535260489467 -2.531517702652263 0.6441698615840452 0.5557899095346569 1
780 2.9107964049721335 -1.1710490768672666 -2.5443986724089416 0.6530334020032422 0.5093482144114628 2
785 6.295810937102477 4.901004973023996 1.7683528442359082 0.4589398103246099 0.44253036532705375 2
832 7.9260830449853374 -3.565348084408132 -2.966833768107829 0.6153349108150366 0.5138866921103739 2
335 -2.805784498161081 -5.711202093196507 -1.4601526456586706 0.5586130465127146 0.4641810935327247 1
1002 2.4874533340887344 6.422421092468321 -2.2570978549916862 0.6394500530933104 0.5724156535081392 2
948 -7.6916568296344 -3.4446500482955154 0.496102699936827 0.5089756701917756 0.47080564229505867 0
974 4.75364913982031 8.256998107895363 2.717706943873789 0.6089072351246132 0.403444970820741 2
1007 5.332217795404953 -5.938944638459137 -2.8992208591433033 0.43848180806079506 0.5757563361963898 2
1030 -2.258137590333251 -5.627308459528164 -1.4524099438496345 0.5244858614060484 0.5663891556964091 1
1086 3.6320096158341975 7.653033558318022 -1.8508574335575336 0.6041598018897979 0.44047052137032805 2
1112 6.519247639547456 6.751311112456791 -2.891748636678636 0.4925059118863177 0.44020096571497375 3
1144 5.498517150604422 -6.43794148063111 -2.8649094473677836 0.5575137546494155 0.5992640258080604 3
1180 9.269732676013012 4.679488779947315 2.537666721615258 0.5589102858238495 0.5721149362263147 2
1117 -2.642361282768079 -3.999657160801583 -1.2515761317037741 0.44973600504053945 0.49278662723780464 1
1122 -3.8782080841378463 -2.6608484530770795 -0.7171970215718878 0.5576305215596942 0.5410511995333591 1
1211 1.5723085221439224 -9.618890207947656 0.9386746978673366 0.5632475206177029 0.4939903989694377 3
1271 3.4710803015007556 10.918982820596534 2.732074296914617 0.5492828807168917 0.5841697539933626 3
1295 6.396117928822666 7.310802941772169 -2.68775507410077 0.5548384979891502 0.47397383920324154 2
1300 5.438319556661458 8.214998629653701 2.811922624004409 0.5790833462823746 0.3579539825972038 3
1332 3.393867942848777 6.3127179435548735 -1.7706841287628048 0.5766269752728278 0.5154841924703742 2
1347 10.681717257786378 -3.3951015089489363 -2.872393164016827 0.8468112382997186 0.5402821086175202 2
1361 -7.192450849396781 0.48558172821259066 -0.3066660990419262 0.4627474129123868 0.5380656663363682 0
1366 11.886773282430019 -2.3586801606172028 0.04388578113516184 0.6890475681138838 0.4832122554708943 2
1387 -4.238083610697055 0.7509477255215091 -0.9891580917759024 0.5635940102127481 0.3931154411366157 3
1392 9.60819141686325 6.869305018115186 -2.9452431127404313 0.5913235566933042 0.35028931162886723 3
1397 0.44790053110211325 -11.888134777679827 1.2640001692177691 0.6158872887718045 0.5431359214248791 3
