0 3.2434361732523818 0.5432737469193482 -2.2089055055914417 0.5327995010881666 0.5411996180301997 1
6 3.4731647415211375 0.09274284386267587 -2.1808429070406463 0.5002748460699438 0.6630220809744459 2
12 4.978799492284608 1.0167295615973915 0.9907267808953494 0.5205695775572274 0.5421929124388271 3
18 5.463653057530775 0.7928720665703654 1.0192929623309566 0.28094749376953027 0.3616077525444203 3
24 5.882252187434549 0.6748708032120845 0.9940990762530253 0.28822563626867614 0.36283439361418024 3
30 5.9240478361111295 1.5291816139402736 0.9454042152122512 0.4693923420895878 0.34226613844178183 3
36 6.561306130483242 1.3684634929630832 0.9333302488444167 0.5066529800705126 0.4015648668522621 0
41 3.225574080824261 -2.465406170612279 1.308857966195921 0.5594150791084553 0.6276809402062336 1
46 2.9259861415704775 -3.804886048554667 -0.060687385347380406 0.515848868652902 0.5142067020087252 1
51 6.2871383883748635 -5.716067878828914 -2.1676243338668417 0.6333292405273094 0.7402275466535205 2
57 7.975075251518197 -3.107687875854212 -2.220578544489186 0.6800846536205032 0.6545358815040772 1
63 -0.7170885039630127 -2.39132081600194 0.8759686263893542 0.5272154516972353 0.5268073265902186 1
68 -0.09796907757319695 -3.983111725166018 -1.0651121419672993 0.6526862590979193 0.5793083189794549 1
73 0.727951152161027 -4.406917916552254 -1.196224555234076 0.582143628762357 0.4073298480538029 1
78 0.27715003025612783 -4.6206395330532235 -1.1647433085410897 0.3944973854334867 0.47790305204391875 2
83 -3.0711833951517713 -1.9606324963732606 -1.4920652294339778 0.4279287088058976 0.34062787843072323 1
88 -3.4485378993372056 -5.180420169297529 0.9395686788485273 0.563296097683334 0.5369334024904515 2
93 -2.252579896791379 -6.372331603334711 0.789866829502033 0.4680536639538442 0.4088265396249762 3
98 -5.8162886712883894 -8.812636538979252 -2.1761075741630345 0.513782143511862 0.39575470130390145 0
103 -2.0268456888214956 -9.801434922908648 0.6135923151542564 0.5885222750381983 0.4050087872690427 3
108 -1.5696619309789277 -10.262695844766347 0.6692982463180789 0.5494238426288232 0.46409632362164954 2
113 2.814662546189976 -9.01777684064619 0.548583686401572 0.4960338940939125 0.712399291083211 2
118 9.907741835835024 -5.601823591567498 -2.323609270654443 0.6750963543353056 0.4677901708500407 1
124 -5.103368144469545 -4.050894617448043 -0.5276893910326609 0.5041596902824901 0.3140330545990619 2
129 -5.369370936270187 -4.589142425101738 -0.8940510444662016 0.4450702743749086 0.3596557875856944 2
134 1.7366567064408076 4.5229886947964335 -2.3300413207480704 0.6640060415398127 0.4153530525569804 2
144 2.475876189341653 5.063251226772317 -2.351026957804152 0.5631606416899034 0.5649839369255728 2
149 3.1391720259774605 5.977435084667719 -2.3811516540466324 0.6873406867777601 0.4083615716141486 3
159 7.429047945317922 6.537231760884892 1.6057523962824158 0.421778842059933 0.35988721986348476 3
165 7.836816705110871 6.674471200417269 1.6136175880712111 0.39627187569077965 0.33762775106911813 3
171 6.350444504204135 5.800200297208727 -2.3582587163527196 0.47664586675372494 0.41055541536408324 1
177 6.414611981073922 6.659007723636712 -2.458040455346006 0.5556293017879681 0.36754264717471424 2
183 5.609317147783943 6.4197211141526305 -2.394207248795562 0.46080563647496875 0.4975527012848753 1
189 7.522881041020457 8.799344978350748 2.4080007593247714 0.5641973146944883 0.44016324814381724 3
195 9.228584157398172 5.5107955068655 -1.3567092375989382 0.47453926424316817 0.4591883892307571 1
201 9.70786255191943 5.524373421280163 -1.3385505596936074 0.45801401384461654 0.35437486675918084 3
207 9.557110384621357 0.9791586203660588 -1.1334866668976595 0.513686371795963 0.43047142742204375 2
212 10.640855331649215 1.01148108506551 -1.234107878128063 0.45932004107775887 0.39615215720145397 0
217 9.973759700891762 1.4151020110415915 1.835059115972607 0.448010132988024 0.3885381186617279 0
222 11.146129163398552 1.114769623044787 1.7134698179136247 0.4868335841261904 0.3654919367881083 0
227 9.646647721471108 -1.637995624576223 -2.5861826164950847 0.48460889875032903 0.5062911600906826 2
233 11.645949797592062 -1.8778580241053882 0.94310275217116 0.5619903238739812 0.5505326884919778 0
239 9.890327983576348 -2.0677337881406372 -2.6044603379951443 0.4605585412890039 0.5852086723033798 2
283 5.454403318754165 -10.94365106391672 -2.418432067463963 0.5251185442807269 0.5339293684359453 2
310 -6.009199285170186 -10.24727212002617 0.8759519521304007 0.5320714486157315 0.33892989683129704 2
315 -4.1372697530725775 -10.950882916800381 -2.2264494068428893 0.5039695786997882 0.4161737846846145 0
288 -1.7774466142132528 -11.32990351642922 0.7898861157250163 0.5230016516102264 0.42003712738102705 3
324 11.421546460448317 5.242693851336009 -2.2736752897827657 0.49005882972944986 0.37478994654668885 2
330 6.5676834798689905 9.808958498994945 -2.8808016971015524 0.7040287046084689 0.41668692141169306 2
335 -2.8830132396826516 -6.466116199202652 0.8275585192483123 0.4861639906751967 0.5342096277583065 2
