0 1.4251072012568766 -1.8482912900073138 -2.2089055055914417 0.5157367379314969 0.6457913675415717 1
6 1.6179573316955171 -2.376783282443519 -2.1808429070406463 0.4032519596105437 0.523794124673597 2
12 5.339847025368728 3.2028996604595994 0.9907267808953494 0.6607764751229271 0.5421929124388271 1
18 5.821926572126436 3.0980219936531803 1.0192929623309566 0.34230467491621774 0.3898021023008587 2
24 6.177624770130778 2.992163674696932 0.9940990762530253 0.37163715721093094 0.3752409455327957 2
30 6.4144872160172985 3.513055325943402 0.9454042152122512 0.4693923420895878 0.502539972590238 0
36 7.082456820824556 3.3308531320755965 0.9333302488444167 0.5066529800705126 0.4015648668522621 0
41 4.3884105417523775 -0.36578509060996556 0.8445820286426146 0.6626481726227964 0.7012163124076193 0
46 4.996684505945514 -3.525957992996122 0.680714766976326 0.6211404473174418 0.5510152311461647 2
51 3.4907353003268256 -7.804361256088881 -2.6062231919535708 0.6333292405273094 0.7990560439008554 2
57 5.506714963017947 -5.054953978324171 -2.3677787781385184 0.6800846536205032 0.6127380791833658 2
63 1.7214324372527667 -0.2683629697122276 0.8759686263893542 0.5489376156124876 0.6449877004208023 1
68 1.3962836359558382 -5.4902942132982 -1.0420705842687026 0.7237365173874212 0.65238656016884 2
73 2.192236943076221 -5.418668740658169 -0.9646564198401495 0.4947026276297446 0.5044670838682348 2
78 2.034296066776549 -6.002343953406495 -1.0425380465178684 0.6609966028454843 0.62646434331934 2
83 -2.786134889668291 -5.270301635450158 -1.8587052557871473 0.631024057782099 0.41183031654020613 0
88 -3.4486353907630476 -5.180335088154024 0.8420264249852552 0.563296097683334 0.4390089722664679 1
93 -1.5045518581864614 -3.2680686290370002 2.2443867890862697 0.6153091636502586 0.5457306706356928 1
103 0.21441649055664086 -8.234938024515287 0.7569590079160616 0.6901893075833536 0.6723570026105222 2
108 0.8088355972692666 -8.844567654127445 0.7609641609813967 0.6019336764798117 0.6584129088812223 3
113 5.718106670014043 -7.055341922949611 0.393156971279008 0.5080877276129789 0.6628123532708261 0
118 7.978651828411112 -8.108228987883876 -2.323609270654443 0.6750963543353056 0.7410078802131274 0
124 -5.103368144469545 -4.050894617448043 -0.5276893910326609 0.5041596902824901 0.3140330545990619 2
129 -5.369370936270187 -4.589142425101738 -0.8940510444662016 0.4450702743749086 0.3596557875856944 2
134 0.591536965463918 3.275126527017115 -2.3300413207480704 0.48443697408302616 0.35382818073757105 3
144 1.3348732645590842 4.028824592838593 -2.351026957804152 0.6984920642476787 0.5520969658279448 3
149 2.3353298030634444 4.7800977433488026 -2.3811516540466324 0.601431602669558 0.6210158442276412 2
159 7.372733255552363 8.935339254200905 1.6057523962824158 0.4748787559573123 0.5646482934751181 3
165 7.926676699035409 8.978452552852385 1.6136175880712111 0.5236424544872262 0.5594069487766924 3
171 4.5131051159116495 3.4624703233209337 -2.3582587163527196 0.669809942721652 0.5122745595917371 1
177 4.6440065023300425 4.298910222440676 -2.3406007738892427 0.5856394517497321 0.5378708816888877 1
183 3.8903027121083418 4.106123424052608 -2.394207248795562 0.5218037694556 0.5484312510438494 1
189 6.521624327662149 9.488000436507065 2.7153886668503073 0.4621887021176474 0.582603788654825 2
195 9.19093324336424 4.193092613332201 -1.6484312764526001 0.6367350900776172 0.5128681799281171 2
201 9.77661234495123 4.183275387436237 -1.5981286089024582 0.5067695597896953 0.5413008532460215 3
207 11.057688746878204 -2.591143595574448 -1.435883555820691 0.6519402836654332 0.6748680278615521 0
227 7.756620395595989 -2.9953606302793694 -2.5861826164950847 0.5030323462336205 0.5062911600906826 2
239 7.962766733781068 -3.476457367744467 -2.6044603379951443 0.49821532731739143 0.5172515932721257 3
310 -3.7418151111758045 -8.013305054391298 0.8759519521304007 0.6179694246375862 0.408071877713142 0
288 -0.0452083216691123 -10.123264037454407 0.7898861157250163 0.5230016516102264 0.5757510141066917 3
324 9.517554008065888 2.1225440561688274 -3.0413284299289107 0.6157908934091653 0.4537798860099745 2
330 4.221581819508016 10.630188557476899 -2.9642906214691145 0.6072748993044593 0.7700566351127636 2
335 -1.9976721575622138 -3.5319886406758143 2.3558001343598365 0.49519257788081683 0.5488982883342006 3
368 0.5260784347964031 -9.782851604759463 0.7583450898260194 0.5251738289163134 0.4874607642382809 2
373 9.09493788952514 -6.312204257181356 -2.501089641506594 0.5437984009542407 0.6160218295575899 3
379 9.436838217871934 2.8008277034614686 -3.0297723602456212 0.559500973979307 0.523093647971386 3
480 8.562653666874851 7.573445174691784 2.0739420252213874 0.5656713852520583 0.5786304415427101 3
486 -3.4117224068990994 -0.5369752408241228 -1.2379387357322678 0.5953918868107883 0.49825999407825394 1
561 11.946663708549398 -0.9663831845261366 2.956137094446641 0.541015428288584 0.4883345418177333 0
598 6.47054385128905 10.212503859585444 2.785625731638514 0.47492675959050823 0.47113365832826015 2
454 -8.032489900409253 -4.800537592338106 2.324646319753638 0.39082913909666805 0.27094222609181073 3
459 -8.375719763192576 -5.094868094223779 2.319490041143097 0.3611790919883619 0.25866389836303333 0
499 -9.614460051857446 -6.029321181715999 0.6135923151542567 0.43801605621790746 0.30445405370990775 0
