0 2.9393657115622616 0.23879179881226442 -2.2089055055914417 0.5327995010881666 0.6389238622280996 1
6 3.2650540735923337 -0.17255667280784712 -2.1808429070406463 0.4587542354802443 0.5506068140472634 2
12 5.091835368353461 1.3350485315109006 0.9907267808953494 0.6089354909728338 0.5421929124388271 1
18 5.553247417015318 1.1272046223761278 1.0192929623309566 0.3316887746302602 0.3616077525444203 2
24 5.9115395763983285 1.0848942487044988 0.9940990762530253 0.28822563626867614 0.36283439361418024 3
30 6.151799754361921 1.8795635566490658 0.9454042152122512 0.38521383890217076 0.31484612858687694 2
36 6.737751338889902 1.7413852796463754 0.9333302488444167 0.44889213890708646 0.3516097258975476 0
41 3.345498213117624 -2.243530890238323 1.308857966195921 0.5594150791084553 0.6276809402062336 1
46 3.2552252058377626 -3.8327090680702596 -0.060687385347380406 0.515848868652902 0.5142067020087252 1
51 5.9155803400168905 -5.9857471074758655 -2.1676243338668417 0.6333292405273094 0.7402275466535205 2
57 7.533200528816283 -3.3428944264998828 -2.220578544489186 0.5792802185351081 0.754031877598309 2
63 -0.3240393802861038 -2.174393997457199 0.8759686263893542 0.5272154516972353 0.5268073265902186 1
68 0.03114163459344621 -4.237955529306234 -1.0651121419672993 0.6526862590979193 0.47381255728258964 1
73 0.9594190592328291 -4.61349611192725 -1.196224555234076 0.4870289865815039 0.4238237677834705 1
78 0.5109620313193183 -4.834900888896012 -1.1647433085410897 0.4798747733329242 0.4371030794209609 2
83 -3.081543907159093 -2.4812639520672866 -1.4920652294339782 0.6925370986450687 0.4587257592593759 1
88 -3.4486353907630476 -5.180335088154024 0.8420264249852552 0.563296097683334 0.4390089722664679 1
93 -1.9986370821101846 -5.8392487916174485 0.9421924179078194 0.5580093791300254 0.6426319150526925 2
98 -6.3977897791634355 -9.416164203970826 -2.1761075741630345 0.513782143511862 0.39575470130390145 0
103 -1.7327419433683073 -9.519307704228018 0.6135923151542564 0.63025727184808 0.462143225930226 0
108 -1.188713487579394 -10.238118525837201 0.6692982463180789 0.5494238426288232 0.46409632362164954 0
113 3.1851214499701626 -8.801093330887968 0.548583686401572 0.4960338940939125 0.712399291083211 1
118 9.750094053826384 -5.881731039665985 -2.3236092706544436 0.6750963543353056 0.7410078802131274 0
124 -5.103368144469545 -4.050894617448043 -0.5276893910326609 0.5041596902824901 0.3140330545990619 2
129 -5.369370936270187 -4.589142425101738 -0.8940510444662016 0.4450702743749086 0.3596557875856944 2
134 1.571523693252038 4.237678552972974 -2.3300413207480704 0.5088940857801889 0.37426851385107496 2
144 2.2920333580874055 4.855249944614755 -2.351026957804152 0.6137768271901334 0.5073138368538147 2
149 2.992876236008598 5.868205523613465 -2.3811516540466324 0.601431602669558 0.4749123612552929 3
159 7.519777688486159 7.06816065408306 1.6057523962824158 0.35695649342956454 0.5646482934751181 3
165 7.958849596302518 7.120580047988659 1.6136175880712111 0.4768787176888743 0.5594069487766924 0
171 6.056235780799254 5.5616526836372415 -2.3582587163527196 0.47664586675372494 0.41055541536408324 1
177 6.198143827593631 6.312984816546592 -2.458040455346006 0.5556293017879681 0.5107529945701096 2
183 5.540435890086527 6.232053261194327 -2.394207248795562 0.5218037694556 0.4975527012848753 1
189 7.436065476654375 9.018756041363257 2.4080007593247714 0.5834651501501392 0.5095846728557588 2
195 9.197472507924756 5.3394447203892605 -1.3885001046059136 0.47453926424316817 0.4591883892307571 1
201 9.709346110259965 5.341512613704633 -1.3794008338355523 0.41242322645835716 0.37598722337854823 3
207 9.866049036651345 0.4371548758953588 -1.1334866668976595 0.513686371795963 0.43047142742204375 3
212 10.763863712434032 0.34247074740496625 -1.234107878128063 0.45932004107775887 0.39615215720145397 0
217 9.820535247465918 1.7559489304839062 1.835059115972607 0.448010132988024 0.3885381186617279 0
222 11.153886012052498 1.383049239508451 1.870217255872097 0.4868335841261904 0.4453961176790026 0
227 9.3978636559678 -1.8195752744575158 -2.5861826164950847 0.48460889875032903 0.5062911600906826 2
233 11.490526623781347 -1.55553043502334 0.94310275217116 0.5570850794374882 0.4196794324779859 2
239 9.637996541567604 -2.2271010146724644 -2.6044603379951443 0.4605585412890039 0.5852086723033798 3
283 5.062080728867028 -11.245543272090346 -2.418432067463963 0.45199866131648997 0.5339293684359453 2
310 -5.722854042655959 -9.877225960469373 0.8759519521304007 0.5320714486157315 0.33892989683129704 2
315 -4.238157910669468 -11.16992475422599 -2.10431066986456 0.5089794116940625 0.4115051521054675 0
288 -1.3975091011023473 -10.905626799157075 0.7898861157250163 0.5465268567739978 0.4807112131931599 0
324 11.196446503852046 4.78377327730334 -2.2736752897827657 0.5592548867900363 0.37478994654668885 2
330 6.26964901225212 9.906390526267227 -3.0314334840226334 0.8225453869295235 0.5833979836264899 2
335 -2.585670805112601 -6.02606795794232 0.9564125627040888 0.5623622374722168 0.4943642459518684 2
368 -0.42310655385698676 -11.840423329427066 0.7820859338403428 0.48410977208869405 0.40263648890372433 3
373 11.41518800162067 -3.9650708231440146 -2.501089641506594 0.5437984009542407 0.6160218295575899 2
379 10.737206283020733 5.111969370375908 -2.360762340816108 0.47486371895311713 0.316787335637999 3
385 11.212485849454996 2.3034427762597867 0.4295146206079796 0.58472011694858 0.3863253348780181 3
