12 5.437873207674161 5.5446017108862105 -0.7808550678570363 0.6410978511541158 0.6104433874542952 2
18 5.977180901798903 5.637640182303076 -2.163587524045983 0.43249218169521986 0.43711376309544625 3
24 5.72367981069745 4.741539426669372 1.1371594953718704 0.4906186008633059 0.4307440883671517 0
30 6.667523442223576 7.153685943704653 2.5743192192506967 0.5133743477015726 0.4965810193749883 2
36 6.914040245395988 9.375664408953982 2.7078332667216065 0.5066529800705126 0.6979575547265875 2
41 6.6748549192166395 3.8360714899619754 0.36431199498855116 0.6093306714064372 0.4403355119951824 2
46 11.78373483870055 -1.7153334567688616 0.11488129765056865 0.5510490911311645 0.5159003064833666 0
68 10.279883308740729 -6.57613160460407 0.14826823467923927 0.652094366453943 0.4946666006711463 0
88 -3.3022504179907757 -4.9953913117795485 0.842026424985255 0.563296097683334 0.4390089722664679 2
103 8.959997983012281 -5.144863176939359 0.279980290569432 0.5907193139813723 0.4653398911234639 2
108 9.940124617084065 -5.150877620835086 0.16056440006664274 0.6042897737650924 0.5857637810956101 2
124 -5.103368144469545 -4.050894617448043 -0.5276893910326609 0.5041596902824901 0.3140330545990619 0
129 -5.369370936270187 -4.589142425101738 -0.8940510444662016 0.4450702743749086 0.3596557875856944 0
171 -1.810328582197583 -6.350938303900015 -2.2205715668614596 0.4408737170372769 0.5242781281537708 2
177 -1.8780194475267606 -5.56514382660734 -2.272938061888656 0.6657490307282489 0.462628015108154 1
183 -2.426177696655692 -5.701219256359498 -2.2040193477576193 0.535191860381726 0.46361460786793146 2
195 7.006478100938713 -1.8477473870402052 -2.2371650512081813 0.6367350900776172 0.639205977171195 1
201 7.437592296418893 -2.4032787856824425 -2.2033890362064468 0.5497389643244069 0.6465877794289085 0
227 -0.0920143348058372 -8.33369832008645 -2.4930726551192137 0.4299118503466856 0.38382247032608685 0
239 0.3406187736539251 -8.745043310917644 -2.5657674076095818 0.45268841974249413 0.34652860074145553 0
288 7.27546215415559 -6.147780029127221 0.3402593895432534 0.5638224138347455 0.5291110537799587 2
324 0.4376405607979579 -6.528533171344231 -2.3388587704140704 0.6874084082219719 0.5534267012448616 3
368 3.3362148688045834 0.8906854831129231 1.110184816655947 0.6964499074389643 0.5654667183820645 1
379 0.05460439276351475 -6.035540397046084 -2.33167557942048 0.5092413526331544 0.5556479804659976 2
486 6.877159524620749 -7.239424016671838 -0.5619830729179274 0.6672977359501153 0.5856490006216828 0
561 6.760819721881152 8.357929140197701 2.775209274425667 0.5121353040850668 0.5116637433840007 2
698 -5.974057573218188 -8.497800934482685 -2.22153870833317 0.529816744380701 0.6196761123422435 0
751 2.1766331285195393 1.473640418703369 -1.838106551462755 0.5089806250445063 0.4460013279704446 1
775 4.341494455347272 -0.6720564773294341 -2.531517702652263 0.6495575540415983 0.5034100619716483 1
780 3.921537426335482 0.0665282019296358 -2.5443986724089416 0.6530334020032422 0.5093482144114628 1
809 10.14949042656482 -0.8386904474456731 -0.049551669385185126 0.5832190936932748 0.47939897432563294 0
785 6.355296984289612 4.934240048375727 1.2529745894052895 0.42911414624553057 0.48745224305665386 0
852 0.34566646069293994 3.175329284728745 -2.301715196727988 0.47441636807502163 0.40479302533322786 3
827 5.313527503439529 -11.006263955745037 -2.3642142431109066 0.6106443738471666 0.6198834992310195 2
832 8.408654705505066 -3.219400550908909 -2.966833768107829 0.6153349108150366 0.5138866921103739 2
335 -2.7134403979788875 -4.306058264362423 -1.2778214205062437 0.5250165603306194 0.4543447078284128 2
1062 3.3454947589132056 7.306842257788374 -1.8403489511677202 0.6960529813072283 0.4845440668195508 0
1002 2.4776588618081883 6.839234717503592 -2.2570978549916862 0.6792969801059198 0.7399293417184107 3
948 -8.659563935543304 -4.120970060451604 0.4961026999368271 0.5089756701917756 0.47080564229505867 0
974 5.7733088634984675 7.54690171109918 2.717706943873789 0.6086756668571618 0.5802291869249625 2
1007 7.123343513708193 -4.9303146848187085 -2.838067357776077 0.4736405858740403 0.5890698414228905 2
1030 -2.2356211111419033 -3.929218576172091 -1.5586226199848243 0.5244858614060484 0.6013081396370675 1
1112 8.078877864302036 7.368989403362835 -2.535015698281822 0.4925059118863177 0.4216847693867378 3
1144 7.233438192308071 -5.43791052509403 -2.8649094473677836 0.5265204595966086 0.7067378513551735 2
1175 6.365351774799588 -10.447841331702849 -2.600604998976422 0.8805593864445354 0.7765449317784182 2
1180 10.278918632232545 3.1533388278705456 2.537666721615258 0.5589102858238495 0.40236858086037075 2
1117 -3.5220099087495793 -2.577159857275879 -0.7892925089187292 0.44973600504053945 0.5361163205782729 1
1122 -4.861314309293383 -1.7202933563162495 -0.7171970215718878 0.5576305215596942 0.5410511995333591 2
1211 0.22107425526042485 -10.52120323406752 0.9386746978673366 0.7161889612470218 0.6460438539795585 0
1233 4.545600522432957 9.374188986960451 -1.4986446057260094 0.4816487915366696 0.5197559075748512 2
1271 4.349364332191189 10.14447187266918 2.9820586516496865 0.5492828807168917 0.5841697539933626 2
1295 7.893336386047938 8.207583461528273 -2.7867903945594183 0.5548384979891502 0.35328681141482593 0
1300 6.7706543222347895 7.850314461868266 3.1170489609836225 0.425629094314671 0.34242914913670697 2
