12 5.412341740653926 5.503771168561899 -1.7379762600116704 0.6410978511541158 0.5493663687111436 2
18 5.977180901798903 5.637640182303076 -2.163587524045983 0.43249218169521986 0.43711376309544625 3
24 5.72367981069745 4.741539426669372 1.1371594953718704 0.4906186008633059 0.4307440883671517 0
30 7.066982435083708 7.279646261635536 2.402759942048611 0.5892211449799112 0.4499501059634232 0
36 7.078690605387477 8.980648711724506 2.7078332667216065 0.5066529800705126 0.4418677427234591 2
41 6.6748549192166395 3.8360714899619754 0.36431199498855116 0.6093306714064372 0.4403355119951824 2
46 11.78373483870055 -1.7153334567688616 0.11488129765056865 0.5510490911311645 0.5159003064833666 3
68 10.034192167837336 -6.569491303498666 0.14826823467923927 0.652094366453943 0.4946666006711463 0
88 -3.2713179423393495 -5.023004878425917 0.842026424985255 0.563296097683334 0.4390089722664679 3
103 8.851355584849552 -5.371886238820586 0.279980290569432 0.4985620261145976 0.4653398911234639 0
108 9.666498533474291 -5.3283240188581855 0.16056440006664274 0.6042897737650924 0.5857637810956101 3
124 -5.103368144469545 -4.050894617448043 -0.5276893910326609 0.5041596902824901 0.3140330545990619 0
129 -5.369370936270187 -4.589142425101738 -0.8940510444662016 0.4450702743749086 0.3596557875856944 0
171 -1.4703982328583454 -6.0223389662054 -2.2205715668614596 0.4408737170372769 0.5242781281537708 2
177 -1.5947441564107496 -5.172335422926406 -2.272938061888656 0.6657490307282489 0.462628015108154 1
183 -2.1202403822503824 -5.365065910901777 -2.2040193477576193 0.535191860381726 0.46361460786793146 2
189 4.254011450924511 10.374052071433363 2.006289006208558 0.8716136942091899 0.5513961788794132 2
195 7.1412405870739315 -1.6447969444218737 -2.2371650512081813 0.6367350900776172 0.5214655524497306 1
201 7.652074022126161 -2.050014766870234 -2.2033890362064468 0.5497389643244069 0.6465877794289085 0
227 0.34779031971303936 -7.816281079475996 -2.4930726551192137 0.4299118503466856 0.38382247032608685 0
239 0.6122628249743931 -8.279367794368248 -2.5657674076095818 0.45268841974249413 0.34652860074145553 0
288 7.079748016309325 -6.238647307412996 0.3402593895432534 0.5638224138347455 0.5291110537799587 2
324 0.7637424712738586 -6.211012890091271 -2.3388587704140704 0.6874084082219719 0.5534267012448616 3
368 3.1823049160592625 0.542062846362134 1.485080833061192 0.626567117600272 0.5654667183820645 1
379 0.2325238370257391 -5.881011180766416 -2.33167557942048 0.5092413526331544 0.5556479804659976 2
480 5.755304358189298 9.125247506073563 2.694737915771344 0.48350659907429716 0.5606301627033445 0
486 6.3599343905545505 -7.157660155119227 -0.5619830729179274 0.6672977359501153 0.5856490006216828 0
561 7.1625190328558395 7.956188210442624 2.595853062314574 0.5615142180611143 0.5781965677527594 2
698 -5.2301795288575486 -8.125448645214817 -2.22153870833317 0.529816744380701 0.6196761123422435 0
751 2.347189108043529 1.7666502622745783 -1.838106551462755 0.5089806250445063 0.4460013279704446 1
775 4.787116478983338 -0.31174146318550644 -2.531517702652263 0.6495575540415983 0.6417396542754167 1
780 4.329948531283051 0.34015349266669404 -2.5443986724089416 0.5711716929392953 0.45770170029162055 2
809 10.14949042656482 -0.8386904474456731 -0.049551669385185126 0.5832190936932748 0.47939897432563294 0
785 6.355296984289612 4.934240048375727 1.2529745894052895 0.42911414624553057 0.48745224305665386 0
791 4.921690666461526 7.338663423121769 -1.9826741904093206 0.5130069968954031 0.3608506101801973 0
852 0.43361526482163637 3.287928424921788 -2.301715196727988 0.47441636807502163 0.40479302533322786 3
827 5.693876721081678 -10.682967120749133 -2.3642142431109066 0.6106443738471666 0.6198834992310195 2
832 8.362411459772703 -3.2142624124942647 -2.966833768107829 0.6153349108150366 0.5138866921103739 2
335 -2.7889804756099164 -3.7886087325903897 -0.9593320237569263 0.5250165603306194 0.4543447078284128 3
1062 3.433993525695058 7.456904303574005 -1.8403489511677202 0.6173266265829206 0.6798448369444138 0
1106 0.8940303179728699 3.720727538395644 -2.31250157764408 0.5744009701387588 0.43548620482644024 0
1002 2.371441794098893 6.752336629788722 -2.1144164823720075 0.7238671973155506 0.480323340875895 3
948 -8.879575406263225 -4.29854262192565 0.8659212915751099 0.5089756701917756 0.3688837936768382 3
974 6.0848712611342 7.383516611573034 3.07574906702929 0.6086756668571618 0.3586990591314108 0
1007 7.62972856665513 -4.6729664859018065 -2.838067357776077 0.4736405858740403 0.5890698414228905 2
1030 -2.3862026866475943 -3.4413892884914876 -0.9476243734272727 0.44760051744522533 0.6013081396370675 1
1035 6.670797176293784 9.290411804767398 2.7120780329818137 0.4920174252552793 0.44565041230819036 2
1040 5.153448946018027 8.745208442112801 3.0539156431773646 0.5026721419139322 0.5619895861684548 0
1067 5.314532138370213 9.67561261695911 -1.8745333055560722 0.5922844762894071 0.4934689325008385 0
1086 3.583801036756457 8.257293133074116 -1.8508574335575336 0.7077332734875852 0.49600032229642355 0
1112 8.276330586100636 7.510614363208831 -2.299422881106092 0.4925059118863177 0.7095128507582061 3
1144 7.579562578366582 -5.272924991495165 -2.8649094473677836 0.5265204595966086 0.4858869258687353 2
1175 6.7942592154730725 -10.182867049310856 -2.600604998976422 0.8805593864445354 0.7765449317784182 2
1180 10.594690978069638 2.7856207662994317 2.537666721615258 0.5754444460641491 0.4507838572806918 2
1117 -3.7217944796645535 -2.2534232239967413 -0.7892925089187292 0.44973600504053945 0.5361163205782729 1
1122 -5.077935873965499 -1.4432396691751732 -0.7171970215718878 0.5576305215596942 0.5410511995333591 2
1211 -0.28340755433482956 -11.012749612647516 0.9386746978673366 0.7161889612470218 0.6460438539795585 3
1233 4.627503352967212 9.221306699602618 -1.4986446057260094 0.4816487915366696 0.5197559075748512 3
1266 4.552745094880735 8.425288477433806 -1.5452649283371644 0.5107933650294199 0.6107007640871407 0
1271 5.997038076021212 9.835781255406426 2.9820586516496865 0.5492828807168917 0.4782350391438821 2
1276 9.919119438760019 6.197758646843233 0.7833189004084165 0.6591245398778139 0.43773050503249133 3
