12 7.8049906379519545 6.039051616717042 0.5109343816241004 0.49937527080214394 0.39710807820743294 2
18 8.302187700947625 5.631284976347907 0.7284547616190741 0.573827287861614 0.4331849863569104 3
24 7.796424200210237 5.232819848117625 0.620567155387714 0.4906186008633059 0.42701291741507047 0
41 7.282199585150699 4.209276310379476 0.6648847660577799 0.6093306714064372 0.4403355119951824 2
88 -3.2713179423393495 -5.023004878425917 0.842026424985255 0.563296097683334 0.4390089722664679 0
124 -5.103368144469545 -4.050894617448043 -0.5276893910326609 0.5041596902824901 0.3140330545990619 0
129 -5.369370936270187 -4.589142425101738 -0.8940510444662016 0.4450702743749086 0.3596557875856944 0
183 -6.275710843744256 -8.66397211381488 -2.2040193477576193 0.4842549453996557 0.5173117598437703 0
195 4.5365470658381986 -4.03901863948914 -2.513540772541014 0.6367350900776172 0.525181879682926 1
201 5.112571058780312 -4.563998835994986 -2.440039388033199 0.5849114335119502 0.6147429573902243 0
227 -3.2350677174107254 -10.502818031665871 -2.3485205620482317 0.4268204934413859 0.36441782151800944 0
239 -2.9078080291266084 -10.949757522989549 -2.377383713092369 0.437533911492886 0.3875146544821249 0
288 7.736620788437686 -2.0674299297029193 2.14610214349085 0.5638224138347455 0.5291110537799587 2
324 -4.274678521322871 -10.841796208865375 -2.3388587704140704 0.5831815978001172 0.6130141691189327 3
379 -4.624091284357307 -10.361718869066278 -2.33167557942048 0.4633476268590474 0.44718230807274684 2
751 -0.6251784637167381 -2.608572265585913 -2.462482979524143 0.6073140943590872 0.5377286439657986 1
775 1.0305512799238792 -5.039177751703947 -2.8102959920771053 0.6528714975509209 0.6433458425878074 1
780 0.4655390404562738 -4.092037496358715 -2.7946699804867206 0.6498566726025041 0.5397444410363815 0
785 7.603429988096726 4.688517260010396 0.6058464358243587 0.5753738067676385 0.5010964192014938 0
791 4.645406306084533 3.8680262213062155 -1.6153602648619125 0.5677624376378106 0.5924106468764041 2
832 6.97610325388231 -3.638420812767211 -2.523283433573184 0.6153349108150366 0.5138866921103739 2
335 -3.988760766761702 -8.686202795136023 -2.0406442553725492 0.5616662239939724 0.5247104273010752 1
948 -7.5973757582523795 -2.848840774866679 0.730523935795696 0.5089756701917756 0.47080564229505867 0
1007 1.7603424686023021 -7.726916451136439 -2.8673226933205727 0.6844879486410742 0.4890933267587968 2
1030 -3.4024860954771006 -8.712995765852458 -2.0362015015669703 0.507671994338429 0.4963077472826575 1
1086 2.567394212415933 5.816578141862059 -1.666314766813208 0.6939178562896792 0.5767227337192679 0
1112 5.0202671956311935 4.8206868936128675 -2.2814898519485527 0.5205112008174679 0.4669855984369393 3
1144 1.9529532260446547 -8.348859783522592 -2.897426903440196 0.7011780969031663 0.522333442770578 3
1180 7.613840338537116 6.855494739707094 2.537666721615258 0.5589102858238495 0.4421630240219476 2
1117 -2.7388411039109455 -7.246453200045412 -1.7660246287571078 0.49692284499442474 0.49278662723780464 1
1122 -2.246377922122421 -3.5553548834790307 -1.0088681195462763 0.6756580878434274 0.5485461078145312 1
1211 4.913016624664031 -8.196234636429278 0.206429713027607 0.5894146918745914 0.7144520190197228 3
1295 4.334692818771468 5.006462514150387 -1.8611795116593306 0.5696972001294093 0.46179969798314857 0
1347 7.774207430633074 -5.670459407017434 -2.6794543600377705 0.5342132672354056 0.5344118455775719 2
1361 -4.114512653578611 -2.3705463591605715 -0.7252987444774953 0.5177837660452342 0.3871547919181565 0
1371 4.892615518472667 8.880802190044312 2.6683229000983726 0.5905262291079445 0.48518873969186194 3
1387 -3.3989323369069933 -1.7646970153779136 -0.7035239512628718 0.5834080281936513 0.5194880784657214 3
1397 2.6785864147546112 -8.923129070290315 0.8314570616709318 0.711656687269064 0.5501885469591024 2
1415 0.5109873998191353 -10.264586257568942 0.9627819357825935 0.710360766182592 0.6034889160596703 2
1434 8.165447333743966 -6.274816247394177 -2.580346859583492 0.6001389060305494 0.577070721710992 0
1459 -4.6006410458990254 -1.1855028229704392 -0.6958795610705087 0.6215695965207342 0.46136418801422363 3
1469 -0.6893014125486678 -9.480524141450662 0.9211211394073009 0.6947203658412957 0.6401157700813329 0
1486 -3.4659235196322014 -0.49866430958426133 -0.747418396129476 0.5264516152719217 0.3822819035338369 0
1502 6.374252926988636 8.320246083203703 -2.106720499088194 0.5040381044523987 0.4975830110117076 0
1507 -3.8863517553391587 -0.8353915960933701 -0.8336119919278082 0.523519107511045 0.38885677410990155 3
1512 3.283550641918702 5.53293113708541 -1.6686697037936042 0.662052119422834 0.5161646415801183 3
1517 8.919487956514782 -6.0083292543136055 -2.7828546852565674 0.6125835416396683 0.4934652938176954 3
1522 8.945098459659574 6.732005141565047 -2.378430756683195 0.6441992021258827 0.4894308369202714 2
1541 5.672298426622142 7.21511537595307 -0.5371820082338666 0.4865984706341544 0.4773796906342884 2
1546 4.106341094684221 4.189543561047415 -1.771577526809505 0.5341841237552867 0.5501919163764531 2
1551 -10.431666826523893 -4.828206560603716 0.5852283986900132 0.5818718299612352 0.38781106418043587 3
1595 3.2868848234224814 6.35905499281165 -1.5565719607682327 0.5210403359191481 0.852306049768697 3
1600 6.249502351908871 8.923217511908025 -1.902136176978195 0.6328003718682313 0.44582371080531535 2
