0 -4.394844366328741 -10.672745197631654 -2.266041923666283 0.5157367379314969 0.4768622816005739 2
6 -4.1228836419089285 -11.25944189660716 -2.2077689658425887 0.5468160569131937 0.4010737701298753 3
12 5.582334907198094 5.285046191962843 -0.9751720591858756 0.5467717551650574 0.5493663687111436 0
18 6.253375726078855 5.3944853254138225 -2.163587524045983 0.43249218169521986 0.43711376309544625 0
24 5.704754952546691 4.684764852217266 1.1371594953718704 0.4906186008633059 0.4307440883671517 1
30 7.171200618653612 6.3195619768834845 1.1669366054546102 0.5133743477015726 0.41723099634315003 0
36 8.023729445959697 8.374374792928155 2.5266468524776444 0.5066529800705126 0.4015648668522621 0
41 6.227935521645588 3.5523518261424742 0.36431199498855116 0.6093306714064372 0.4403355119951824 1
46 10.93656483311705 -2.1815558147124414 0.11488129765056865 0.5510490911311645 0.5159003064833666 3
63 9.589369198070603 6.692680118594986 0.8759686263893542 0.5925652358850827 0.49227658493556875 2
68 9.16409023294419 -6.400634021037269 0.14826823467923927 0.652094366453943 0.4946666006711463 0
73 9.803315611845205 -6.068363394293666 0.073093214378727 0.49581729814758074 0.5064141677364831 2
78 9.867998400466641 -6.598569936258852 0.08521078773406651 0.5429296138740426 0.5166473466988238 2
88 -3.308436913121061 -4.9898685984502755 0.842026424985255 0.563296097683334 0.4390089722664679 2
103 7.73604983648095 -5.755477940164553 0.15233020823740923 0.5470930095137105 0.5280488137994785 2
108 8.447390867764694 -5.965321205197906 0.16056440006664274 0.6042897737650924 0.7843466287190819 3
124 -5.103368144469545 -4.050894617448043 -0.5276893910326609 0.5041596902824901 0.3140330545990619 0
129 -5.369370936270187 -4.589142425101738 -0.8940510444662016 0.4450702743749086 0.3596557875856944 0
171 -0.7382001404861731 -5.015815052769866 -2.2205715668614596 0.4408737170372769 0.5242781281537708 1
177 -0.9496268832109188 -4.165248420665706 -2.1871171876513804 0.6657490307282489 0.462628015108154 1
183 -1.454966542729549 -4.395458822702186 -2.2040193477576193 0.535191860381726 0.46361460786793146 1
195 7.574037003119967 -0.8710743813208386 -2.0150458798185262 0.6367350900776172 0.6789510409076407 1
201 8.175406445818796 -1.1133732363135616 -2.01149385599055 0.5497389643244069 0.6465877794289085 0
227 1.0674586050625485 -7.353382759185629 -2.4930726551192137 0.4074751653697231 0.474722763561384 3
239 1.3546480715849853 -7.717062303930874 -2.5657674076095818 0.45268841974249413 0.4173808310012133 0
288 6.411848383548268 -6.773917689169057 0.3402593895432534 0.5638224138347455 0.5291110537799587 2
324 1.7639223196144282 -5.261551980473122 -2.3388587704140704 0.6874084082219719 0.6489928364942218 2
368 2.713192029723238 -0.672381747807324 1.485080833061192 0.626567117600272 0.4490572339903273 1
379 1.356991878756293 -4.755996268581949 -2.33167557942048 0.5728520404329159 0.7581857759696119 1
480 6.725355350263631 8.584912322361555 2.694737915771344 0.48350659907429716 0.5606301627033445 2
486 4.983610787002241 -6.359157389446595 -0.5619830729179274 0.6672977359501153 0.5856490006216828 2
698 -4.593501299653675 -7.346984572288621 -2.22153870833317 0.529816744380701 0.6196761123422435 2
751 3.022586465849464 2.924691729710177 -1.8236755456980756 0.5089806250445063 0.4460013279704446 1
775 5.539497915300187 0.734395318998036 -2.531517702652263 0.6913683878519516 0.6789970746134056 1
780 5.101178649572314 1.4773542403410918 -2.5443986724089416 0.5711716929392953 0.5059169451349068 1
809 8.762828990594569 0.009483572047576355 -0.7645852335909928 0.5832190936932748 0.47939897432563294 2
785 6.29170238031901 4.8999135314833815 1.2529745894052893 0.42911414624553057 0.48745224305665386 1
852 0.9406318016503824 3.681835116335068 -2.301715196727988 0.47441636807502163 0.40479302533322786 0
996 3.236618550741653 7.398766194147648 -1.6541360006873873 0.7290000079896695 0.5363744338054465 3
827 6.67563204162542 -9.574930867864884 -2.3642142431109066 0.6106443738471666 0.6198834992310195 2
832 9.134466372532989 -3.0751183879124953 -2.966833768107829 0.6264935669288382 0.659105342664172 2
335 -3.3846607637356874 -2.9736771172148355 -0.9593320237569263 0.5250165603306194 0.4543447078284128 2
1106 1.7143485914198504 4.314111972693045 -2.2160324778477904 0.672442213701026 0.512618295464949 3
1002 2.3679883456583326 6.761433844639072 -1.6198837120072371 0.6561161633950281 0.5988378140570538 3
948 -9.60452086378121 -4.64403928987248 -0.019029444754016245 0.5089756701917756 0.3688837936768382 3
974 7.8914290772090805 6.885430669776209 3.07574906702929 0.5729243471706679 0.4067137008911841 0
1007 9.131615833342515 -4.224391994180786 -2.838067357776077 0.5680808077956818 0.5063144758037155 2
1030 -2.9615040189436845 -2.3436568307893384 -0.9476243734272727 0.44760051744522533 0.5261364689914041 1
1035 6.63833698685914 9.118836517755202 2.7120780329818137 0.4920174252552793 0.44565041230819036 2
1040 5.93798688117519 8.22444594958998 3.129482703604962 0.5026721419139322 0.5619895861684548 2
1086 4.019187659708572 9.259406371443893 -1.8508574335575336 0.7077332734875852 0.49600032229642355 3
1144 9.171768170552296 -4.822919859092627 -2.864909447367784 0.5868659179544786 0.7094292678002232 2
1175 7.732670151802762 -9.097317367015066 -2.600604998976422 0.8805593864445354 0.618409120001617 2
1180 11.320183908305488 1.3739663112679783 3.0925052683774514 0.5589102858238495 0.40236858086037075 0
1117 -4.391889344381138 -1.1220089549910741 -0.7892925089187292 0.44973600504053945 0.5635355233441647 1
1122 -5.839042787511681 -0.5005033939239254 -0.7171970215718878 0.533970792773157 0.42427025325874457 2
1211 -1.175338257805552 -11.883018044562144 1.1290098598838318 0.7161889612470218 0.497033109389729 3
