0 0.38880963794071677 -3.710560112353325 -2.2089055055914417 0.5157367379314969 0.5037983671423495 1
6 0.6697374873829971 -4.245523440876384 -2.1808429070406463 0.4362305339603616 0.523794124673597 0
12 5.607747849845386 4.327865853710577 1.0064686915697763 0.5322380827949797 0.3311815844812501 3
18 5.979547661014851 4.054142839440825 1.081603947948745 0.34230467491621774 0.4927809056696167 0
24 6.027210774744833 3.320743954188255 1.991394114985009 0.406877547785839 0.4558521049990852 0
30 6.480650881203678 3.709369660852812 3.006538341979317 0.5403027794295282 0.3847676544953336 3
36 7.355577380313904 4.981369830991562 0.9333302488444167 0.5066529800705126 0.4015648668522621 0
41 4.5955720503950825 0.5664412342666212 0.784988645846445 0.6626481726227964 0.4480596213838488 3
46 6.570277526313271 -2.7456150322483586 0.680714766976326 0.5213479911610421 0.5694358682659447 2
51 1.8511805061292932 -9.594035498074264 -2.4509904102995277 0.6333292405273094 0.5547466135983078 2
57 4.077117795160724 -6.790439584957291 -2.3677787781385184 0.6800846536205032 0.6127380791833658 2
63 3.748261262250155 1.3119258030120113 0.8759686263893542 0.5489376156124876 0.5289756273424856 1
68 2.7473258862641496 -6.140258298393525 -0.7155653304318218 0.7288424015366972 0.5910102590603303 2
73 3.6434811625457826 -5.776052058828666 -0.7301570327771867 0.4947026276297446 0.5066284698697395 3
78 3.4376243783735636 -6.293201039732228 -0.6926583094458945 0.5394100989823558 0.5029100660049155 2
83 -4.442320987577397 -7.392602671673411 -2.3404579601195135 0.631024057782099 0.6057866004429359 0
88 -3.4486353907630476 -5.180335088154024 0.8420264249852552 0.563296097683334 0.4390089722664679 2
93 -2.5408200473109535 -1.3643650527701159 2.4293001084945134 0.4860751679515423 0.6075935779958319 1
103 1.6192716915523244 -7.442118700869749 0.7569590079160616 0.7528235610083583 0.5901489236324335 2
108 2.2796335094420876 -8.400053066081203 0.7609641609813967 0.6019336764798117 0.545173621652252 3
113 7.599343559767552 -5.394807259779393 0.8026700639648101 0.5576527452117591 0.6628123532708261 2
118 5.628973170319945 -10.337457965964472 -2.5070312756596094 0.6750963543353056 0.7410078802131274 3
124 -5.103368144469545 -4.050894617448043 -0.5276893910326609 0.5041596902824901 0.3140330545990619 2
129 -5.369370936270187 -4.589142425101738 -0.8940510444662016 0.4450702743749086 0.3596557875856944 2
134 0.04853425814635673 2.6392100796870657 -2.3300413207480704 0.48443697408302616 0.35382818073757105 0
144 0.7521092355078014 3.4596978087701187 -2.351026957804152 0.6385580515882222 0.4346011439931681 3
149 1.4946134960988193 3.874445204975468 -2.3811516540466324 0.643658619362322 0.8796410864685655 2
171 3.1255755353794767 1.832097058173472 -2.3582587163527196 0.530614375476445 0.5744405773104027 1
177 3.269060063823182 2.5714690396025786 -2.411681565976099 0.5856394517497321 0.35501022507185853 1
183 2.643707237765841 2.487190902006587 -2.394207248795562 0.6345654820146586 0.5484312510438494 1
189 6.505138586348453 9.39047590490378 2.8438440687879742 0.4621887021176474 0.582603788654825 2
195 8.65818481424262 2.7057313047229847 -1.9957210378033128 0.6367350900776172 0.5833061215463428 0
201 9.391807166289148 2.8551613819868082 -2.01149385599055 0.5497389643244069 0.4029407387510094 0
227 6.413903546499688 -3.8941568444822843 -2.5861826164950847 0.4530665720313774 0.6442625566535083 2
239 6.631316338541029 -4.310310821466526 -2.6044603379951443 0.49821532731739143 0.5172515932721257 2
310 -2.479172782153644 -5.898932415873655 0.8759519521304007 0.6179694246375862 0.564722228896181 0
288 1.3137803128970051 -8.979348857970551 0.7898861157250163 0.5230016516102264 0.47167149441926004 3
324 7.902629024084667 0.7927760294327614 -2.745286520665296 0.7519432890316677 0.5842524995520425 0
335 -2.8326135873752536 -1.8708764264212472 2.4289246147782855 0.5998915007204961 0.5488982883342006 2
368 0.4092355952610893 -7.949333151391628 0.7583450898260194 0.5873133646748007 0.5426665289132985 2
373 7.4644784046129375 -8.248760967193048 -2.521032901826725 0.5437984009542407 0.7511145748087664 2
379 7.57293629065064 1.5218747692810075 -2.72229363198551 0.7300623925088903 0.7004931968520166 2
480 6.949771009041757 8.190991780534748 2.694737915771344 0.5656713852520583 0.5786304415427101 2
486 -2.8444439929158385 -2.6100798922971222 -0.8817840441394258 0.5953918868107883 0.5294699524526719 1
561 10.905037905877862 0.9116731100850197 2.17038815197625 0.541015428288584 0.4883345418177333 0
598 4.2263558451446395 9.98818790787868 2.995540395768495 0.47492675959050823 0.5879863840857732 0
454 -9.202474070190185 -3.266721772204642 2.324646319753638 0.47288776540811195 0.3357168530173435 3
459 -9.712521596899732 -3.5569201367141865 2.3194900411430974 0.45243057743402687 0.3321926616050097 0
499 -8.849221738463198 -4.781991336550332 1.3114119123110042 0.43801605621790746 0.30445405370990775 0
655 11.997751848919984 -0.7934781184467177 1.8385160318291411 0.8319480007723253 0.6244088986260662 2
698 -3.7091765845713707 0.2214901520152026 -1.0219537139889137 0.4973148704456817 0.3863260966594408 3
719 6.480599437907329 9.93836101350446 2.824376644088656 0.4981590077971846 0.526603694347052 2
724 2.457723284001557 7.239434922228544 -2.1834959563125356 0.536385249648558 0.44195554521001046 3
729 -5.746731569080134 0.762422370061666 -0.8136370642489029 0.5875505522317039 0.4751216054473433 0
