4 4.08407545228 11.695523485 0.0 0.435 0.48 1
18 14.4583216359 7.53305791816 0.0 0.435 0.48 1
19 13.2740344641 6.90657594391 0.0 0.435 0.48 1
25 4.05713591825 0.629345891844 0.0 0.435 0.48 1
26 3.66209290748 4.45577846065 0.0 0.435 0.48 1
27 3.67093244209 3.90399700371 0.0 0.435 0.48 1
28 3.15697664438 3.75889184549 0.0 0.435 0.48 1
29 12.9419205211 7.6609795708 0.0 0.435 0.48 1
30 13.3013949283 7.30298987123 0.0 0.435 0.48 1
33 8.73177646814 8.60583371787 0.0 0.435 0.48 1
34 8.86394855699 8.84926671357 0.0 0.435 0.48 1
35 9.9859380564 2.90735368011 0.0 0.435 0.48 1
46 2.66027898567 11.8167626632 0.0 0.435 0.48 1
47 2.5451545707 12.1621033934 0.0 0.435 0.48 1
51 2.66996038071 12.4265384515 0.0 0.435 0.48 1
53 3.09131153018 13.0005152698 0.0 0.435 0.48 1
54 2.65143945106 12.8780827925 0.0 0.435 0.48 1
55 7.11982419352 10.6327713968 0.0 0.435 0.48 1
56 5.07263007219 5.34550219398 0.0 0.435 0.48 1
60 8.39145438588 8.33758010299 0.0 0.435 0.48 1
61 7.9284311447 8.79652289784 0.0 0.435 0.48 1
70 5.72023121451 9.37049971615 0.0 0.435 0.48 1
72 7.41026604481 11.3754806935 0.0 0.435 0.48 1
73 1.24174414679 0.869437650356 0.0 0.435 0.48 1
74 4.1040696377 1.60618045207 0.0 0.435 0.48 1
75 6.08244166818 9.70581673475 0.0 0.435 0.48 1
76 5.45020447886 9.1628656904 0.0 0.435 0.48 1
77 9.00159273868 7.36981461515 0.0 0.435 0.48 1
78 4.69589752596 5.7450186987 0.0 0.435 0.48 1
79 5.92901260326 5.57103570471 0.0 0.435 0.48 1
80 7.75311370839 8.21729556393 0.0 0.435 0.48 1
81 8.12774160352 7.93209710328 0.0 0.435 0.48 1
82 6.76476955358 8.97122187123 0.0 0.435 0.48 1
83 6.94850559429 10.1828976744 0.0 0.435 0.48 1
84 3.76837778785 10.6342033556 0.0 0.435 0.48 1
85 13.7682065415 5.51089343518 0.0 0.435 0.48 1
86 4.71441845561 9.51655951357 0.0 0.435 0.48 1
87 10.4607473437 4.14313412303 0.0 0.435 0.48 1
88 10.9115636085 3.43670111587 0.0 0.435 0.48 1
89 6.54041374672 4.38799907753 0.0 0.435 0.48 1
90 11.4665601026 10.3859971639 0.0 0.435 0.48 1
91 4.38630334971 6.37150067295 0.0 0.435 0.48 1
92 1.78663831561 3.86103823976 0.0 0.435 0.48 1
242 10.4952636217 9.29174198224 0.0 0.435 0.48 1
243 11.7045961416 9.4122651811 0.0 0.435 0.48 1
244 11.0494182553 8.15023216021 0.0 0.435 0.48 1
245 10.6901543132 5.80444498883 0.0 0.435 0.48 1
246 10.7187775681 5.38679033933 0.0 0.435 0.48 1
247 13.9197414204 6.53760789355 0.0 0.435 0.48 1
248 14.0056111851 6.78891666265 0.0 0.435 0.48 1
249 14.414334428 6.35431716737 0.0 0.435 0.48 1
250 14.308680943 5.85742746437 0.0 0.435 0.48 1
348 3.92328010853 12.4375168023 0.0 0.435 0.48 1
350 8.85405669684 9.87717447094 0.0 0.435 0.48 1
397 9.37264272695 9.29985641543 0.0 0.435 0.48 1
398 6.84558815568 11.4687966752 0.0 0.435 0.48 1
399 3.34744756859 13.5129178598 0.0 0.435 0.48 1
