128 7.53170441306 10.981692024 0.0 0.435 0.48 1
129 7.29009046721 10.312012626 0.0 0.435 0.48 1
134 10.8179066348 4.51067021458 0.0 0.435 0.48 1
135 10.5205194349 4.88632073933 0.0 0.435 0.48 1
136 8.72251600332 4.63596660943 0.0 0.435 0.48 1
137 4.12511614866 6.07389190271 0.0 0.435 0.48 1
138 3.62294639709 5.5779568389 0.0 0.435 0.48 1
139 2.19978132581 2.34674181058 0.0 0.435 0.48 1
140 1.5568104159 2.11810572246 0.0 0.435 0.48 1
168 5.34034169164 10.2817028315 0.0 0.435 0.48 1
177 4.78660798821 9.80748580942 0.0 0.435 0.48 1
178 4.68811031691 10.5621280961 0.0 0.435 0.48 1
190 7.36880441821 12.3165162838 0.0 0.435 0.48 1
200 1.96679644945 12.3064925722 0.0 0.435 0.48 1
201 2.49758945593 12.5317874232 0.0 0.435 0.48 1
203 2.75835572675 11.9523214294 0.0 0.435 0.48 1
207 11.3143938284 5.47437848583 0.0 0.435 0.48 1
208 11.6810240493 5.34168363719 0.0 0.435 0.48 1
209 9.50165783915 9.30677754963 0.0 0.435 0.48 1
210 11.9603112498 1.94460004807 0.0 0.435 0.48 1
211 4.69337194465 3.05102687954 0.0 0.435 0.48 1
269 3.56085918975 9.16740022659 0.0 0.435 0.48 1
276 12.534670534 4.37105423175 0.0 0.435 0.48 1
293 13.6093053837 8.661680111 0.0 0.435 0.48 1
297 8.1578381142 10.2895786048 0.0 0.435 0.48 1
301 7.73438231363 10.2172646855 0.0 0.435 0.48 1
306 9.58100318548 6.12615839884 0.0 0.435 0.48 1
307 11.8803345081 5.86482591816 0.0 0.435 0.48 1
311 12.2469647291 9.08983579169 0.0 0.435 0.48 1
314 10.5565089686 9.22897445492 0.0 0.435 0.48 1
315 13.6863356138 9.17646929898 0.0 0.435 0.48 1
316 11.2956624336 3.40448204291 0.0 0.435 0.48 1
317 14.5511367493 5.42115735049 0.0 0.435 0.48 1
375 7.03100791726 11.0742920263 0.0 0.435 0.48 1
389 4.25139521444 11.9091240057 0.0 0.435 0.48 1
390 3.91928127145 11.9869271004 0.0 0.435 0.48 1
391 5.18754402205 10.0289621036 0.0 0.435 0.48 1
392 4.93014519298 10.1907734478 0.0 0.435 0.48 1
393 3.71260453379 11.7277425579 0.0 0.435 0.48 1
394 2.39467201732 8.8251620738 0.0 0.435 0.48 1
399 3.08773362332 13.1167425923 0.0 0.435 0.48 1
408 9.07167762019 8.36025278396 0.0 0.435 0.48 1
409 8.73156600303 8.69938835935 0.0 0.435 0.48 1
414 9.71948922762 7.9936713316 0.0 0.435 0.48 1
