108 7.86697533269 5.8287882884 0.0 0.435 0.48 1
116 8.47837647615 12.4408580395 0.0 0.435 0.48 1
123 6.9226183858 11.2151013081 0.0 0.435 0.48 1
125 8.02734974623 7.85644194677 0.0 0.435 0.48 1
126 8.96455087939 8.19939607896 0.0 0.435 0.48 1
127 9.20258691838 7.76670586207 0.0 0.435 0.48 1
128 6.28427770831 1.71429334134 0.0 0.435 0.48 1
129 8.22623927482 0.0267298975679 0.0 0.435 0.48 1
130 5.54091494111 0.813591257223 0.0 0.435 0.48 1
131 6.31395328877 0.339374235193 0.0 0.435 0.48 1
132 3.80710336802 5.65361199541 0.0 0.435 0.48 1
133 3.30430222112 5.82329911301 0.0 0.435 0.48 1
166 7.46393464776 5.81375272102 0.0 0.435 0.48 1
168 8.35399159637 6.53450531615 0.0 0.435 0.48 1
177 7.90633230819 6.82328367381 0.0 0.435 0.48 1
178 8.30747880714 7.40370430671 0.0 0.435 0.48 1
190 8.12626834775 7.13950790843 0.0 0.435 0.48 1
198 7.19096140058 10.6363512938 0.0 0.435 0.48 1
200 11.3634321989 3.90853153991 0.0 0.435 0.48 1
201 11.8645496249 4.20685628955 0.0 0.435 0.48 1
202 7.68281836177 4.25315629069 0.0 0.435 0.48 1
203 11.3447008041 3.01689852818 0.0 0.435 0.48 1
204 13.7050670086 0.742470636909 0.0 0.435 0.48 1
205 14.6450041882 0.692113419169 0.0 0.435 0.48 1
269 4.54415218192 9.3268249728 0.0 0.435 0.48 1
276 12.667263553 4.75720578769 0.0 0.435 0.48 1
282 13.9662542096 4.48131505922 0.0 0.435 0.48 1
285 0.248980224687 3.70400009155 0.0 0.435 0.48 1
286 13.8986949095 7.43162750328 0.0 0.435 0.48 1
287 13.2885565566 7.63162441544 0.0 0.435 0.48 1
288 8.85237297596 3.88872277653 0.0 0.435 0.48 1
289 8.68294856271 4.25387227009 0.0 0.435 0.48 1
291 9.70244155374 7.56551565092 0.0 0.435 0.48 1
292 12.4940507678 7.85190741057 0.0 0.435 0.48 1
293 14.3358309421 7.52613678396 0.0 0.435 0.48 1
294 14.0150821151 7.81157390442 0.0 0.435 0.48 1
295 12.0813286878 6.15432025521 0.0 0.435 0.48 1
296 12.3585112372 5.84239189699 0.0 0.435 0.48 1
297 13.6019391049 8.72349299913 0.0 0.435 0.48 1
298 14.0988472287 6.1600480904 0.0 0.435 0.48 1
299 14.041811184 5.65504395421 0.0 0.435 0.48 1
300 14.366348383 5.87580426895 0.0 0.435 0.48 1
301 14.3326739655 8.47743474562 0.0 0.435 0.48 1
371 11.870442648 1.35892889957 0.0 0.435 0.48 1
372 12.2181310091 1.93648561487 0.0 0.435 0.48 1
375 6.62607304634 10.4647548978 0.0 0.435 0.48 1
376 5.64762075169 10.3404131422 0.0 0.435 0.48 1
377 11.8674961365 9.4096399233 0.0 0.435 0.48 1
378 10.3517264169 8.89652135392 0.0 0.435 0.48 1
379 4.61255334255 10.5826528389 0.0 0.435 0.48 1
380 4.25602544685 10.8415987216 0.0 0.435 0.48 1
381 3.84098825067 10.811288927 0.0 0.435 0.48 1
382 3.69282081349 11.5563848217 0.0 0.435 0.48 1
383 2.88989642027 13.4916771376 0.0 0.435 0.48 1
384 3.22011617727 13.5797426037 0.0 0.435 0.48 1
385 2.55925573305 9.11680434905 0.0 0.435 0.48 1
386 4.02893359356 4.11186968926 0.0 0.435 0.48 1
387 4.25897195838 4.62260166065 0.0 0.435 0.48 1
388 5.12671960537 4.73954496251 0.0 0.435 0.48 1
399 4.93161844875 12.0523198855 0.0 0.435 0.48 1
408 7.0581579164 10.1950693242 0.0 0.435 0.48 1
409 7.10319744986 12.8966982569 0.0 0.435 0.48 1
410 6.69342188142 11.3322832698 0.0 0.435 0.48 1
412 7.76952998694 11.2852672893 0.0 0.435 0.48 1
413 7.96147416691 11.0747693459 0.0 0.435 0.48 1
