144 8.74124739808 1.25702116509 0.0 0.435 0.48 1
145 9.66034853181 2.05247427754 0.0 0.435 0.48 1
146 10.3548833936 2.54578408354 0.0 0.435 0.48 1
147 8.57392763592 1.94364540887 0.0 0.435 0.48 1
207 7.95831719027 9.60009044347 0.0 0.435 0.48 1
208 8.36809275871 9.59078271128 0.0 0.435 0.48 1
209 6.62880909277 11.819387921 0.0 0.435 0.48 1
214 4.38461962883 10.15234922 0.0 0.435 0.48 1
215 4.14616265962 9.35546414877 0.0 0.435 0.48 1
216 3.83151732073 10.2552115937 0.0 0.435 0.48 1
218 8.71725437558 11.7434941047 0.0 0.435 0.48 1
220 8.78081483869 11.2301368755 0.0 0.435 0.48 1
224 10.8871496558 4.44933464606 0.0 0.435 0.48 1
225 6.84769280678 7.09249192788 0.0 0.435 0.48 1
228 11.8887531125 7.45525482345 0.0 0.435 0.48 1
229 11.4493019636 5.6619650884 0.0 0.435 0.48 1
301 6.55241025797 11.5535209041 0.0 0.435 0.48 1
306 7.89391486672 6.91946357309 0.0 0.435 0.48 1
307 8.30347997006 7.19249038396 0.0 0.435 0.48 1
311 12.9764367991 6.95025068726 0.0 0.435 0.48 1
314 3.30703826755 10.7461348017 0.0 0.435 0.48 1
320 9.78662759759 9.2480672389 0.0 0.435 0.48 1
323 1.33077088816 13.6697173482 0.0 0.435 0.48 1
327 12.1714077548 0.668963418597 0.0 0.435 0.48 1
328 4.96297775008 3.40925523891 0.0 0.435 0.48 1
329 8.00735556081 4.61520320686 0.0 0.435 0.48 1
330 8.18709276443 5.01185579398 0.0 0.435 0.48 1
331 8.03366369952 4.0827531937 0.0 0.435 0.48 1
332 10.6644775698 7.7495223565 0.0 0.435 0.48 1
333 10.7968601238 8.20202133675 0.0 0.435 0.48 1
334 11.3735345242 9.46906621343 0.0 0.435 0.48 1
335 13.3422251596 8.00106978539 0.0 0.435 0.48 1
336 12.2461228687 6.13021561544 0.0 0.435 0.48 1
337 14.4781053562 4.2459964967 0.0 0.435 0.48 1
338 14.9074541799 3.9111567977 0.0 0.435 0.48 1
339 13.7667332857 5.8285496286 0.0 0.435 0.48 1
340 14.0018228132 5.333569204 0.0 0.435 0.48 1
389 7.34923116301 7.19177440457 0.0 0.435 0.48 1
390 5.52302540679 7.07220584491 0.0 0.435 0.48 1
396 13.7328484031 7.54761616594 0.0 0.435 0.48 1
414 5.619418427 9.21226826894 0.0 0.435 0.48 1
