108 8.02713928112 5.84406251558 0.0 0.435 0.48 1
109 15.2833448657 5.42163467009 0.0 0.435 0.48 1
112 14.4174914047 5.90157952731 0.0 0.435 0.48 1
116 7.24526139886 12.2821492727 0.0 0.435 0.48 1
117 10.1263182845 13.2661436269 0.0 0.435 0.48 1
120 9.02474390074 9.72634147752 0.0 0.435 0.48 1
121 8.5865555425 9.88552756393 0.0 0.435 0.48 1
123 8.75471716509 8.09820432388 0.0 0.435 0.48 1
124 10.9502891887 4.79014084005 0.0 0.435 0.48 1
125 2.73394177404 4.50589701859 0.0 0.435 0.48 1
126 3.73617662607 3.14577482002 0.0 0.435 0.48 1
127 3.57727546831 2.55365985693 0.0 0.435 0.48 1
164 6.6797416493 9.86977601715 0.0 0.435 0.48 1
166 7.52770557598 5.84000529899 0.0 0.435 0.48 1
168 8.37798461886 5.52998621916 0.0 0.435 0.48 1
177 8.2474962509 6.31708623862 0.0 0.435 0.48 1
178 8.8816276262 6.60777387467 0.0 0.435 0.48 1
180 14.8281088336 8.14187906722 0.0 0.435 0.48 1
190 8.70694158521 6.08439293389 0.0 0.435 0.48 1
198 14.1643018778 3.06940368411 0.0 0.435 0.48 1
255 6.343207939 5.98964499341 0.0 0.435 0.48 1
269 10.7375089629 6.46958985063 0.0 0.435 0.48 1
270 10.9115636085 7.02590584376 0.0 0.435 0.48 1
272 8.13489741725 9.37551157194 0.0 0.435 0.48 1
273 1.09968019779 3.76175576308 0.0 0.435 0.48 1
274 0.998656945173 3.19302946037 0.0 0.435 0.48 1
276 14.5422972147 6.5810439771 0.0 0.435 0.48 1
277 13.7991449126 4.0808439153 0.0 0.435 0.48 1
279 6.91441024653 8.09056721029 0.0 0.435 0.48 1
280 5.20585448659 9.63756003203 0.0 0.435 0.48 1
281 5.32245215732 8.60774299626 0.0 0.435 0.48 1
282 14.2211274574 4.36890629355 0.0 0.435 0.48 1
283 8.78207762934 0.876597444347 0.0 0.435 0.48 1
284 13.6093053837 5.30111147124 0.0 0.435 0.48 1
285 13.7397937517 5.76315684348 0.0 0.435 0.48 1
286 14.7165623255 7.40680688411 0.0 0.435 0.48 1
369 3.01849060225 5.55552281773 0.0 0.435 0.48 1
370 2.1427452811 5.96888159083 0.0 0.435 0.48 1
371 4.57698473903 7.22017492073 0.0 0.435 0.48 1
372 5.40895331738 7.32303729441 0.0 0.435 0.48 1
373 13.8126146796 6.73092233132 0.0 0.435 0.48 1
374 13.964991419 7.02041666837 0.0 0.435 0.48 1
375 3.01070339319 13.0823755811 0.0 0.435 0.48 1
376 2.36394411131 13.0668626941 0.0 0.435 0.48 1
377 3.50782198213 11.7499379193 0.0 0.435 0.48 1
378 4.91436030976 9.36739713875 0.0 0.435 0.48 1
381 11.2211577848 9.77526673646 0.0 0.435 0.48 1
399 5.13997890727 12.0964719485 0.0 0.435 0.48 1
