101 5.31361262272 1.48136137682 0.0 0.435 0.48 1
103 3.75048825353 0.662519604005 0.0 0.435 0.48 1
104 3.97168708374 1.89233355193 0.0 0.435 0.48 1
105 12.943604242 7.96383885664 0.0 0.435 0.48 1
107 9.98951596327 7.09153728869 0.0 0.435 0.48 1
108 8.09112067444 6.06744808812 0.0 0.435 0.48 1
109 -0.0896581367005 3.09136038569 0.0 0.435 0.48 1
158 7.72975208122 10.5964951073 0.0 0.435 0.48 1
160 7.35491372097 10.6501935622 0.0 0.435 0.48 1
164 6.6864765328 9.61536467066 0.0 0.435 0.48 1
165 11.5503252162 9.0764708429 0.0 0.435 0.48 1
166 7.53465092459 5.39371147352 0.0 0.435 0.48 1
167 7.64872301401 9.79579147924 0.0 0.435 0.48 1
168 7.5260218551 2.30855624263 0.0 0.435 0.48 1
169 7.64914394423 1.49019178941 0.0 0.435 0.48 1
171 9.26130668396 0.584239189699 0.0 0.435 0.48 1
173 14.2585902469 5.73284704892 0.0 0.435 0.48 1
174 12.4612182107 1.7491376721 0.0 0.435 0.48 1
175 9.80767410855 0.294267533047 0.0 0.435 0.48 1
176 7.69460440791 0.0114556703862 0.0 0.435 0.48 1
177 8.26980555252 0.897122187123 0.0 0.435 0.48 1
178 8.66000786576 1.60116859628 0.0 0.435 0.48 1
179 13.5707902687 2.52979387696 0.0 0.435 0.48 1
180 13.4529298073 1.97371654363 0.0 0.435 0.48 1
181 14.4823146584 1.62551189585 0.0 0.435 0.48 1
182 14.8765158088 1.833861901 0.0 0.435 0.48 1
255 7.91222533126 5.69704807896 0.0 0.435 0.48 1
257 8.5339392651 5.04980270214 0.0 0.435 0.48 1
258 3.91738708546 11.0134337774 0.0 0.435 0.48 1
261 14.0914809499 3.46343101344 0.0 0.435 0.48 1
262 14.6363751187 3.30257430843 0.0 0.435 0.48 1
264 10.1155845639 3.7514933917 0.0 0.435 0.48 1
265 5.18375565008 5.61280116966 0.0 0.435 0.48 1
266 11.4913949856 6.29107232045 0.0 0.435 0.48 1
267 11.5166507987 6.73307026952 0.0 0.435 0.48 1
269 12.6685263437 6.20515479255 0.0 0.435 0.48 1
270 13.4775542251 5.98773571501 0.0 0.435 0.48 1
271 13.0515728432 1.62288663805 0.0 0.435 0.48 1
272 12.8720461047 7.58842699169 0.0 0.435 0.48 1
358 10.559245015 2.37299438855 0.0 0.435 0.48 1
359 9.5572206281 1.81047324063 0.0 0.435 0.48 1
360 9.88617759444 2.20760314735 0.0 0.435 0.48 1
362 8.37167066557 6.20849602975 0.0 0.435 0.48 1
363 3.46699175086 12.865672483 0.0 0.435 0.48 1
364 3.60947663008 13.0997977465 0.0 0.435 0.48 1
365 6.4086625881 8.92086465349 0.0 0.435 0.48 1
366 5.93511609144 9.27050126007 0.0 0.435 0.48 1
399 5.26394285684 10.7103358317 0.0 0.435 0.48 1
403 6.95229396626 7.51778369097 0.0 0.435 0.48 1
404 6.57871839667 10.5353981986 0.0 0.435 0.48 1
405 6.72899048495 11.6184363697 0.0 0.435 0.48 1
