123 10.8968310509 8.25166257509 0.0 0.435 0.48 1
126 2.4270836442 9.42085693389 0.0 0.435 0.48 1
127 2.48811852599 9.19961929955 0.0 0.435 0.48 1
128 10.474638041 4.1641361854 0.0 0.435 0.48 1
129 10.5148368769 3.23622688411 0.0 0.435 0.48 1
133 1.43979181495 8.98434816021 0.0 0.435 0.48 1
134 0.217831388462 0.880177341343 0.0 0.435 0.48 1
135 0.262239526593 1.67825571158 0.0 0.435 0.48 1
168 7.30903232708 8.69843372016 0.0 0.435 0.48 1
177 6.77529280906 8.70368423575 0.0 0.435 0.48 1
178 7.49508348398 9.02444300656 0.0 0.435 0.48 1
190 7.55043580782 9.22253064033 0.0 0.435 0.48 1
198 9.20342877881 13.4458544561 0.0 0.435 0.48 1
200 6.39961258838 7.61993008525 0.0 0.435 0.48 1
201 6.39603468152 8.04044865235 0.0 0.435 0.48 1
203 5.65351377476 7.44761770986 0.0 0.435 0.48 1
204 11.5233856822 5.72711921372 0.0 0.435 0.48 1
207 13.9664646748 1.7469897339 0.0 0.435 0.48 1
208 14.0498088582 1.11430260486 0.0 0.435 0.48 1
269 4.02156731472 9.27241053847 0.0 0.435 0.48 1
276 12.7581844804 4.44336815107 0.0 0.435 0.48 1
286 9.36569737834 5.18941868497 0.0 0.435 0.48 1
287 9.15817878025 5.62903003604 0.0 0.435 0.48 1
291 2.03814412161 4.62164702145 0.0 0.435 0.48 1
292 3.93169871291 10.859020887 0.0 0.435 0.48 1
293 13.1730112115 8.63113165664 0.0 0.435 0.48 1
294 13.863336771 8.94616259226 0.0 0.435 0.48 1
295 0.791769742411 2.78993305865 0.0 0.435 0.48 1
296 0.898475552991 2.23433304492 0.0 0.435 0.48 1
297 10.9370298868 9.2447260017 0.0 0.435 0.48 1
298 6.37119979858 3.19064286237 0.0 0.435 0.48 1
299 7.75521835948 3.39684492932 0.0 0.435 0.48 1
300 6.80475792441 2.82191347181 0.0 0.435 0.48 1
301 11.3343880138 8.8263553728 0.0 0.435 0.48 1
302 6.90325559572 6.7421393419 0.0 0.435 0.48 1
303 9.57952992972 4.2481444349 0.0 0.435 0.48 1
304 11.4562473122 3.4128351359 0.0 0.435 0.48 1
305 7.83982533355 2.55604645493 0.0 0.435 0.48 1
306 13.4407228309 5.33476250299 0.0 0.435 0.48 1
307 13.9713053723 5.20445425235 0.0 0.435 0.48 1
308 13.0547298199 10.4129657213 0.0 0.435 0.48 1
309 14.9592285969 5.496812507 0.0 0.435 0.48 1
310 14.5747088416 5.76363416308 0.0 0.435 0.48 1
311 14.1432553668 8.38364144433 0.0 0.435 0.48 1
372 15.0453088267 4.44933464606 0.0 0.435 0.48 1
375 7.49571487931 10.9162992389 0.0 0.435 0.48 1
376 7.20716721402 11.2091348131 0.0 0.435 0.48 1
378 12.8404763383 7.36528007896 0.0 0.435 0.48 1
379 6.66395676607 11.0814518203 0.0 0.435 0.48 1
380 6.80854629639 10.8633167634 0.0 0.435 0.48 1
382 2.99660223085 4.3295274266 0.0 0.435 0.48 1
388 13.3674809728 0.297608770243 0.0 0.435 0.48 1
399 3.3541824521 13.6716266266 0.0 0.435 0.48 1
408 8.81006948892 8.61370949126 0.0 0.435 0.48 1
409 7.27409511888 12.4193786575 0.0 0.435 0.48 1
411 4.50500567153 10.5022244864 0.0 0.435 0.48 1
413 4.47785567239 12.0754698861 0.0 0.435 0.48 1
414 7.99241253803 10.1549744778 0.0 0.435 0.48 1
