137 9.88281015269 12.2227229825 0.0 0.435 0.48 1
138 9.55995667452 12.0616276177 0.0 0.435 0.48 1
139 4.65717194579 11.0762013047 0.0 0.435 0.48 1
140 4.31453474732 10.7556811937 0.0 0.435 0.48 1
142 8.1841462529 2.45485469985 0.0 0.435 0.48 1
143 8.39755787406 2.05509953533 0.0 0.435 0.48 1
144 5.46093819945 2.46320779284 0.0 0.435 0.48 1
145 4.23687312187 2.02120984377 0.0 0.435 0.48 1
146 3.71365685934 2.20879644635 0.0 0.435 0.48 1
147 3.08478711178 1.63839952503 0.0 0.435 0.48 1
168 3.32471733675 13.2398910489 0.0 0.435 0.48 1
177 2.67206503181 13.2086266151 0.0 0.435 0.48 1
207 11.5448531234 7.01206357538 0.0 0.435 0.48 1
208 12.2551728684 6.80824810643 0.0 0.435 0.48 1
209 10.4657985063 10.5647533539 0.0 0.435 0.48 1
210 0.424718591224 4.00733669699 0.0 0.435 0.48 1
211 0.328746501235 13.8126745682 0.0 0.435 0.48 1
212 3.40553593885 2.44339902947 0.0 0.435 0.48 1
213 2.76551154048 3.14792275822 0.0 0.435 0.48 1
214 7.42941836978 4.5822681545 0.0 0.435 0.48 1
215 7.71249394223 4.86317073876 0.0 0.435 0.48 1
216 7.13392535587 4.19516195936 0.0 0.435 0.48 1
217 14.7115111628 5.55432951873 0.0 0.435 0.48 1
218 10.0918020065 6.57507748211 0.0 0.435 0.48 1
219 15.2930262607 4.07511608011 0.0 0.435 0.48 1
220 12.3949217012 3.06725574592 0.0 0.435 0.48 1
221 9.46903574716 1.71835055794 0.0 0.435 0.48 1
222 8.99906715737 0.245580933905 0.0 0.435 0.48 1
223 14.8167437176 1.52264952217 0.0 0.435 0.48 1
224 15.0118448743 2.01261809098 0.0 0.435 0.48 1
225 13.6210914299 0.172551035193 0.0 0.435 0.48 1
269 3.35944407984 9.09604094648 0.0 0.435 0.48 1
276 12.828479827 4.2481444349 0.0 0.435 0.48 1
301 6.25860096493 10.7690461425 0.0 0.435 0.48 1
306 7.63630557254 7.26456564348 0.0 0.435 0.48 1
307 8.20456136853 7.20179811615 0.0 0.435 0.48 1
311 11.1805380186 9.61441003146 0.0 0.435 0.48 1
314 7.2703067469 10.8618848046 0.0 0.435 0.48 1
318 0.510377890842 3.30543822603 0.0 0.435 0.48 1
319 2.03982784249 4.09397020428 0.0 0.435 0.48 1
320 11.8304542772 8.19820277996 0.0 0.435 0.48 1
321 10.7558194274 5.45289910385 0.0 0.435 0.48 1
322 11.0104822101 5.02665270156 0.0 0.435 0.48 1
323 7.82677649675 6.70538573275 0.0 0.435 0.48 1
324 12.3378856565 6.14692180142 0.0 0.435 0.48 1
325 11.7439531171 5.63237127324 0.0 0.435 0.48 1
326 12.5733961141 5.76697540028 0.0 0.435 0.48 1
327 13.57331585 6.4170846947 0.0 0.435 0.48 1
328 14.8361065077 7.14595172302 0.0 0.435 0.48 1
389 5.02296030632 8.56478423232 0.0 0.435 0.48 1
390 4.48438009079 8.59175278968 0.0 0.435 0.48 1
391 12.8602600586 8.17362082059 0.0 0.435 0.48 1
392 13.0724088891 8.2414002037 0.0 0.435 0.48 1
394 15.2972355629 8.12230896365 0.0 0.435 0.48 1
395 4.54246846105 9.05761671872 0.0 0.435 0.48 1
396 4.93435449517 9.78505178825 0.0 0.435 0.48 1
399 3.17423478337 11.7790544149 0.0 0.435 0.48 1
414 10.9271380266 7.95166720685 0.0 0.435 0.48 1
415 11.5793694014 9.7456729213 0.0 0.435 0.48 1
