144 11.7626845119 1.61811344206 0.0 0.435 0.48 1
145 12.7282984348 2.43194335908 0.0 0.435 0.48 1
146 13.2992902772 2.9975670844 0.0 0.435 0.48 1
147 11.6336693997 2.14650623862 0.0 0.435 0.48 1
207 7.06152535816 10.642079129 0.0 0.435 0.48 1
208 7.97452300371 10.4802677848 0.0 0.435 0.48 1
209 6.23965910507 11.7659281259 0.0 0.435 0.48 1
214 4.974342866 10.5683332509 0.0 0.435 0.48 1
215 4.69168822377 10.2945904606 0.0 0.435 0.48 1
216 4.25307893531 10.6299074792 0.0 0.435 0.48 1
220 8.76524042057 12.8420451628 0.0 0.435 0.48 1
225 5.2125893701 8.94186671586 0.0 0.435 0.48 1
228 11.2731426669 9.65092498081 0.0 0.435 0.48 1
229 9.76558108662 7.86384040056 0.0 0.435 0.48 1
230 4.55214985609 0.0954639198854 0.0 0.435 0.48 1
301 6.27712189458 11.3719007965 0.0 0.435 0.48 1
306 7.93327184222 6.88223264434 0.0 0.435 0.48 1
307 8.33210322497 7.18986512617 0.0 0.435 0.48 1
311 14.7935925556 5.67198879999 0.0 0.435 0.48 1
314 3.31629873237 10.8509064538 0.0 0.435 0.48 1
320 8.80480786118 9.56596209211 0.0 0.435 0.48 1
328 0.743573232307 2.31237479942 0.0 0.435 0.48 1
329 4.71441845561 2.81618563662 0.0 0.435 0.48 1
330 4.64875334141 3.79755473304 0.0 0.435 0.48 1
331 4.91015100756 1.6660840618 0.0 0.435 0.48 1
332 8.87489274269 9.00940743918 0.0 0.435 0.48 1
333 9.36864388987 9.2411461047 0.0 0.435 0.48 1
334 11.1897984835 11.0948167691 0.0 0.435 0.48 1
335 13.0705147031 8.13567391243 0.0 0.435 0.48 1
336 11.0502601158 7.69009606637 0.0 0.435 0.48 1
337 13.1031367951 1.82073561201 0.0 0.435 0.48 1
338 14.2695344326 1.19329899857 0.0 0.435 0.48 1
339 9.8110415503 4.93357537968 0.0 0.435 0.48 1
340 9.94047759272 4.37487278855 0.0 0.435 0.48 1
389 8.21003346138 6.20515479255 0.0 0.435 0.48 1
390 7.47403697302 6.37221665235 0.0 0.435 0.48 1
414 4.41976730214 9.90652962631 0.0 0.435 0.48 1
