26 5.85471841956 4.79037949985 0.0 0.435 0.48 1
27 5.82630562976 3.90709958111 0.0 0.435 0.48 1
28 5.17638937124 4.18776350557 0.0 0.435 0.48 1
29 14.567763493 8.20345329555 0.0 0.435 0.48 1
30 15.0225785949 8.10655741687 0.0 0.435 0.48 1
56 2.88147781588 5.2457423977 0.0 0.435 0.48 1
76 7.33555093089 13.656829719 0.0 0.435 0.48 1
77 3.92769987583 11.2917111038 0.0 0.435 0.48 1
80 3.87781964485 12.5761781459 0.0 0.435 0.48 1
81 4.18131033293 11.800295137 0.0 0.435 0.48 1
82 3.14876850511 13.2804632149 0.0 0.435 0.48 1
94 5.85787539621 8.40726876451 0.0 0.435 0.48 1
95 4.12111731158 4.7500459937 0.0 0.435 0.48 1
96 5.93511609144 2.72310831473 0.0 0.435 0.48 1
97 5.73328005131 2.29853253104 0.0 0.435 0.48 1
153 2.92735920978 0.0152742271817 0.0 0.435 0.48 1
158 12.1158449658 4.31974237481 0.0 0.435 0.48 1
159 11.3724821986 3.68514596738 0.0 0.435 0.48 1
160 11.9333717158 3.74003772131 0.0 0.435 0.48 1
161 14.7435018595 4.61377124806 0.0 0.435 0.48 1
162 14.1567251339 2.94052739227 0.0 0.435 0.48 1
163 14.6971995354 2.81332171902 0.0 0.435 0.48 1
164 5.53165447629 0.318133513018 0.0 0.435 0.48 1
247 4.47511962597 10.3439930392 0.0 0.435 0.48 1
248 4.84364403292 10.4122497419 0.0 0.435 0.48 1
249 4.82722775437 10.7380203685 0.0 0.435 0.48 1
250 5.23574053215 9.81631622201 0.0 0.435 0.48 1
254 9.16407180331 3.45364596165 0.0 0.435 0.48 1
255 11.238836854 5.56483054992 0.0 0.435 0.48 1
256 13.0894565629 2.58635624949 0.0 0.435 0.48 1
257 13.2062646988 4.64575166122 0.0 0.435 0.48 1
258 13.3186530673 6.2485908761 0.0 0.435 0.48 1
259 14.8916692967 7.21277646694 0.0 0.435 0.48 1
349 9.70096829797 6.663381608 0.0 0.435 0.48 1
350 11.5972589357 6.29918675364 0.0 0.435 0.48 1
351 9.2118473832 6.47507902603 0.0 0.435 0.48 1
352 9.27919621828 6.89989346952 0.0 0.435 0.48 1
353 9.30781947319 5.98630375621 0.0 0.435 0.48 1
354 8.08606951181 7.05669295793 0.0 0.435 0.48 1
355 3.5334987255 10.1437574672 0.0 0.435 0.48 1
356 3.89465685362 10.0084373608 0.0 0.435 0.48 1
357 3.74017546316 10.9046049087 0.0 0.435 0.48 1
358 2.46391503839 12.8730709367 0.0 0.435 0.48 1
359 2.39930224973 13.3639941448 0.0 0.435 0.48 1
397 11.2476763886 7.13592801143 0.0 0.435 0.48 1
399 3.52171267936 12.6172276315 0.0 0.435 0.48 1
