144 10.353831068 1.43935725207 0.0 0.435 0.48 1
145 11.42320429 2.1641670638 0.0 0.435 0.48 1
146 12.0849065947 2.59351604349 0.0 0.435 0.48 1
147 10.1865113059 2.13194799084 0.0 0.435 0.48 1
207 7.34523232593 10.1509172612 0.0 0.435 0.48 1
208 7.87055323956 9.96977447323 0.0 0.435 0.48 1
209 6.485271888 11.799101838 0.0 0.435 0.48 1
214 4.73862194322 10.518214693 0.0 0.435 0.48 1
215 4.6573824109 9.98290076221 0.0 0.435 0.48 1
216 4.19414870462 10.5344435594 0.0 0.435 0.48 1
218 8.89678111409 12.9647162998 0.0 0.435 0.48 1
220 8.78860204774 12.1112688561 0.0 0.435 0.48 1
225 5.66824633243 8.31610072102 0.0 0.435 0.48 1
228 11.2859810386 8.70416155535 0.0 0.435 0.48 1
229 10.2317613044 6.9161223359 0.0 0.435 0.48 1
301 6.27354398772 11.3967214157 0.0 0.435 0.48 1
306 7.92464277273 6.88461924233 0.0 0.435 0.48 1
307 8.31947531839 7.19105842517 0.0 0.435 0.48 1
311 13.9748832791 6.03809293275 0.0 0.435 0.48 1
314 3.31208943018 10.8043677928 0.0 0.435 0.48 1
320 8.91635436929 9.28816208525 0.0 0.435 0.48 1
328 2.67690572933 2.82501604921 0.0 0.435 0.48 1
329 6.19083119963 3.59851246008 0.0 0.435 0.48 1
330 6.26386259267 4.35601866437 0.0 0.435 0.48 1
331 6.35457305492 2.69184388097 0.0 0.435 0.48 1
332 9.71759504163 8.5752852635 0.0 0.435 0.48 1
333 10.0939066576 8.72540227752 0.0 0.435 0.48 1
334 11.4368845222 10.4449461345 0.0 0.435 0.48 1
335 13.1292344687 8.08722597309 0.0 0.435 0.48 1
336 11.6092554469 7.10824347467 0.0 0.435 0.48 1
337 13.8599693293 2.93360625808 0.0 0.435 0.48 1
338 14.5389297729 2.496381505 0.0 0.435 0.48 1
339 11.6824973051 5.44812590786 0.0 0.435 0.48 1
340 11.7740496278 4.83787279999 0.0 0.435 0.48 1
389 7.87139509999 6.39918520972 0.0 0.435 0.48 1
390 6.57429862937 6.495365109 0.0 0.435 0.48 1
396 14.8725169717 7.35454038797 0.0 0.435 0.48 1
414 4.8627963579 9.69650900256 0.0 0.435 0.48 1
