29 15.1061332434 8.07028112731 0.0 0.435 0.48 1
94 6.80749397084 11.1086590375 0.0 0.435 0.48 1
95 5.89639051127 9.78529044805 0.0 0.435 0.48 1
101 3.64630802426 1.88063922174 0.0 0.435 0.48 1
103 2.97260920835 1.40880879771 0.0 0.435 0.48 1
104 2.88568711808 2.37323304835 0.0 0.435 0.48 1
105 7.09435791526 5.52736096136 0.0 0.435 0.48 1
106 11.2339961565 4.91997177109 0.0 0.435 0.48 1
107 5.16544518554 5.11519548726 0.0 0.435 0.48 1
108 4.86174403235 5.47891302202 0.0 0.435 0.48 1
158 8.58697647272 9.4151290987 0.0 0.435 0.48 1
159 7.95052998121 10.1430414878 0.0 0.435 0.48 1
160 8.232342763 9.29126466264 0.0 0.435 0.48 1
164 6.469907935 9.59483992788 0.0 0.435 0.48 1
165 10.7827589614 9.12205486465 0.0 0.435 0.48 1
166 8.3809311304 4.88226352274 0.0 0.435 0.48 1
167 10.1141113082 6.33784964119 0.0 0.435 0.48 1
168 5.65246144921 1.45248354106 0.0 0.435 0.48 1
169 5.57038005646 0.604525272674 0.0 0.435 0.48 1
170 10.7438229162 1.86083045837 0.0 0.435 0.48 1
171 13.1435460961 0.765143317881 0.0 0.435 0.48 1
172 13.4866042248 2.93790213447 0.0 0.435 0.48 1
255 8.673898563 5.49084601201 0.0 0.435 0.48 1
257 9.28971947376 4.34623361258 0.0 0.435 0.48 1
258 4.344631258 10.5910059319 0.0 0.435 0.48 1
259 1.00286624737 4.68131197138 0.0 0.435 0.48 1
260 1.21690926385 5.19443054076 0.0 0.435 0.48 1
261 14.1449390877 3.36510317596 0.0 0.435 0.48 1
262 14.6898332565 3.10520265407 0.0 0.435 0.48 1
264 11.6686066079 6.09966716108 0.0 0.435 0.48 1
265 10.9161938409 6.29894809384 0.0 0.435 0.48 1
266 13.940156536 6.15742283261 0.0 0.435 0.48 1
267 13.8231379351 6.53569861515 0.0 0.435 0.48 1
268 13.3988402741 3.74099236051 0.0 0.435 0.48 1
269 15.0337332457 6.75478831129 0.0 0.435 0.48 1
358 6.9838637327 6.11207747066 0.0 0.435 0.48 1
359 6.00351725207 6.00229396279 0.0 0.435 0.48 1
360 6.31100677723 6.13021561544 0.0 0.435 0.48 1
362 4.4342893947 10.8902853207 0.0 0.435 0.48 1
365 6.71762536903 11.6165270913 0.0 0.435 0.48 1
366 6.95082071049 12.0038719462 0.0 0.435 0.48 1
397 12.3648251905 2.25533510729 0.0 0.435 0.48 1
399 5.31950564579 10.811288927 0.0 0.435 0.48 1
403 3.63431151301 8.95236774705 0.0 0.435 0.48 1
404 5.18375565008 10.6449430466 0.0 0.435 0.48 1
405 5.43968122338 12.1931291674 0.0 0.435 0.48 1
