29 15.1709564971 8.08507803489 0.0 0.435 0.48 1
94 6.86116257379 11.7181961659 0.0 0.435 0.48 1
101 4.24865916801 1.53028663576 0.0 0.435 0.48 1
103 3.66061965172 0.640562902431 0.0 0.435 0.48 1
104 3.17865455067 2.20736448755 0.0 0.435 0.48 1
105 11.2169484826 7.15788471301 0.0 0.435 0.48 1
107 8.453120663 6.38534294133 0.0 0.435 0.48 1
108 8.16183695128 6.42949500428 0.0 0.435 0.48 1
158 7.67524161782 10.4260920103 0.0 0.435 0.48 1
160 7.42415674204 10.3518688126 0.0 0.435 0.48 1
164 6.6142870002 9.60868219626 0.0 0.435 0.48 1
165 11.5244380078 9.04186517194 0.0 0.435 0.48 1
166 8.044186955 5.21519394334 0.0 0.435 0.48 1
167 8.50910438216 8.92158063289 0.0 0.435 0.48 1
168 7.04005791697 2.07466963891 0.0 0.435 0.48 1
169 7.4100555797 1.27038611387 0.0 0.435 0.48 1
170 13.5899425936 0.192359798569 0.0 0.435 0.48 1
171 10.8292717507 0.969197446636 0.0 0.435 0.48 1
172 13.6450844524 6.80180429183 0.0 0.435 0.48 1
173 13.1155542365 4.40064804692 0.0 0.435 0.48 1
174 11.8361368351 2.42287428669 0.0 0.435 0.48 1
175 11.4655077771 0.681135068382 0.0 0.435 0.48 1
176 7.21411256263 0.550588157939 0.0 0.435 0.48 1
177 7.68092417578 0.501185579398 0.0 0.435 0.48 1
178 8.15552299799 0.88304125894 0.0 0.435 0.48 1
179 14.5921774457 1.1680010598 0.0 0.435 0.48 1
180 14.9388134812 0.153935570815 0.0 0.435 0.48 1
255 8.47016833688 5.51017745578 0.0 0.435 0.48 1
257 8.84184972048 4.90422022431 0.0 0.435 0.48 1
258 3.93780220109 11.0938621299 0.0 0.435 0.48 1
261 14.1093704842 3.43073462088 0.0 0.435 0.48 1
262 14.6330076769 3.14625213962 0.0 0.435 0.48 1
264 10.2706973497 4.03335061516 0.0 0.435 0.48 1
265 7.51865557626 5.84048261859 0.0 0.435 0.48 1
266 12.2446496129 6.37842180714 0.0 0.435 0.48 1
267 12.2463333338 6.7476285173 0.0 0.435 0.48 1
269 13.4266216686 6.05002592274 0.0 0.435 0.48 1
270 13.8435530507 5.88105478454 0.0 0.435 0.48 1
271 13.5749995708 3.60734287267 0.0 0.435 0.48 1
272 14.8262146476 7.52207956737 0.0 0.435 0.48 1
358 8.84942646442 3.5827609133 0.0 0.435 0.48 1
359 7.7884718468 3.22787379112 0.0 0.435 0.48 1
360 8.17467532297 3.54075678855 0.0 0.435 0.48 1
362 6.5726149085 7.80966462602 0.0 0.435 0.48 1
363 2.88694990873 13.4052822901 0.0 0.435 0.48 1
365 5.74569749278 9.97597962802 0.0 0.435 0.48 1
366 5.95868818372 10.5160667548 0.0 0.435 0.48 1
399 5.28246378649 10.7439868635 0.0 0.435 0.48 1
403 5.31424401804 7.67983369498 0.0 0.435 0.48 1
404 6.49726839925 10.5447059307 0.0 0.435 0.48 1
405 5.86987190746 11.5153353362 0.0 0.435 0.48 1
