26 3.61305453694 4.50279444119 0.0 0.435 0.48 1
27 3.62463011797 3.77082483547 0.0 0.435 0.48 1
28 3.00396850969 3.61450266666 0.0 0.435 0.48 1
29 14.370136755 8.23567236851 0.0 0.435 0.48 1
30 14.7466588361 8.19390690356 0.0 0.435 0.48 1
56 2.96755804572 5.29824755364 0.0 0.435 0.48 1
75 7.31218930372 13.3854735267 0.0 0.435 0.48 1
76 7.9065427733 12.5795193831 0.0 0.435 0.48 1
77 4.33095102587 10.5938698495 0.0 0.435 0.48 1
80 4.25139521444 11.622732246 0.0 0.435 0.48 1
81 4.6091859008 10.988851818 0.0 0.435 0.48 1
82 3.11530455268 12.9406116601 0.0 0.435 0.48 1
94 4.89226147325 7.09463986608 0.0 0.435 0.48 1
95 2.91536269853 4.71138310614 0.0 0.435 0.48 1
96 3.07573711207 2.88778357653 0.0 0.435 0.48 1
97 2.62029061484 2.40187222432 0.0 0.435 0.48 1
153 4.99896728383 0.692113419169 0.0 0.435 0.48 1
156 14.8186379036 6.91898625349 0.0 0.435 0.48 1
158 13.7644181695 2.53766965035 0.0 0.435 0.48 1
159 12.9825402873 1.56035777053 0.0 0.435 0.48 1
160 13.4922867828 1.82574746781 0.0 0.435 0.48 1
161 14.7677053471 2.11619644406 0.0 0.435 0.48 1
162 15.0693018492 0.286391759656 0.0 0.435 0.48 1
247 5.27509750765 9.09508630728 0.0 0.435 0.48 1
248 5.73159633043 9.5781337419 0.0 0.435 0.48 1
249 5.95111143977 9.81321364462 0.0 0.435 0.48 1
250 6.3846695656 8.65666825521 0.0 0.435 0.48 1
254 11.7527926517 3.70137483376 0.0 0.435 0.48 1
255 12.6396926237 5.65313467581 0.0 0.435 0.48 1
256 14.5460855867 4.31640113762 0.0 0.435 0.48 1
257 14.7830693001 5.56077333332 0.0 0.435 0.48 1
349 9.06578459712 8.63351825463 0.0 0.435 0.48 1
350 11.7698403256 6.18868726637 0.0 0.435 0.48 1
351 6.82327885406 7.22661873532 0.0 0.435 0.48 1
352 6.9838637327 7.63496565263 0.0 0.435 0.48 1
353 6.7454067635 6.79583779684 0.0 0.435 0.48 1
354 5.4904033148 7.90751514391 0.0 0.435 0.48 1
355 3.48004058766 11.2563894535 0.0 0.435 0.48 1
356 3.81004987955 11.12942244 0.0 0.435 0.48 1
357 3.35691849853 11.7539951359 0.0 0.435 0.48 1
358 3.25273826926 13.7580214741 0.0 0.435 0.48 1
397 11.1967438321 7.13592801143 0.0 0.435 0.48 1
399 3.68755918575 12.6026693837 0.0 0.435 0.48 1
