26 14.6763634895 5.88702127953 0.0 0.435 0.48 1
28 15.2412518438 5.56864910671 0.0 0.435 0.48 1
29 14.9760658056 8.04736978654 0.0 0.435 0.48 1
94 6.25523352318 9.84662601658 0.0 0.435 0.48 1
95 5.96437074168 9.56262085492 0.0 0.435 0.48 1
98 6.98744163957 0.73292424492 0.0 0.435 0.48 1
99 9.83398224725 3.9159299937 0.0 0.435 0.48 1
100 7.32418581497 3.67536091559 0.0 0.435 0.48 1
101 1.06011275718 1.52909333676 0.0 0.435 0.48 1
102 0.520059285885 2.00617427639 0.0 0.435 0.48 1
106 1.03022671162 3.17155007839 0.0 0.435 0.48 1
158 10.123371773 6.92113419169 0.0 0.435 0.48 1
159 9.24425901008 6.84810429298 0.0 0.435 0.48 1
160 9.77715666765 6.6629042884 0.0 0.435 0.48 1
164 5.81978121137 9.17241208239 0.0 0.435 0.48 1
165 6.1245346901 7.68961874677 0.0 0.435 0.48 1
166 10.0985368901 0.682328367381 0.0 0.435 0.48 1
247 0.507220914198 13.2122065121 0.0 0.435 0.48 1
248 0.812184858045 13.3472879588 0.0 0.435 0.48 1
249 1.07463484975 13.5761627067 0.0 0.435 0.48 1
250 1.61742436747 13.0828529007 0.0 0.435 0.48 1
254 0.801030207235 4.09468618368 0.0 0.435 0.48 1
255 8.78839158263 5.75098519369 0.0 0.435 0.48 1
257 10.6909961736 0.862277856365 0.0 0.435 0.48 1
258 7.20948233022 9.39006981973 0.0 0.435 0.48 1
259 8.21129625204 6.93784037767 0.0 0.435 0.48 1
260 8.33273462029 7.37458781115 0.0 0.435 0.48 1
261 14.2124983879 3.24052276051 0.0 0.435 0.48 1
262 14.7975913927 3.02739955937 0.0 0.435 0.48 1
263 8.32094857415 4.71687228154 0.0 0.435 0.48 1
350 11.5654787041 0.373502586552 0.0 0.435 0.48 1
358 4.82596496371 10.2456652017 0.0 0.435 0.48 1
359 4.29769753855 10.5439899513 0.0 0.435 0.48 1
360 4.64559636476 10.507475002 0.0 0.435 0.48 1
361 6.50737072451 5.95742592045 0.0 0.435 0.48 1
397 11.9451577619 6.83569398339 0.0 0.435 0.48 1
399 4.12511614866 11.6783399794 0.0 0.435 0.48 1
403 6.5290486308 11.3919482197 0.0 0.435 0.48 1
