139 3.39143477651 13.0446673327 0.0 0.435 0.48 1
140 3.16560571388 12.665436911 0.0 0.435 0.48 1
142 11.7826786973 5.21805786093 0.0 0.435 0.48 1
143 12.158358918 4.86865991415 0.0 0.435 0.48 1
144 5.37738355093 1.61811344206 0.0 0.435 0.48 1
145 5.74569749278 2.10020623748 0.0 0.435 0.48 1
146 6.75908699562 2.60497171387 0.0 0.435 0.48 1
147 4.2135114947 1.11334796566 0.0 0.435 0.48 1
207 11.292505457 7.22470945693 0.0 0.435 0.48 1
208 11.9544182267 7.09821976308 0.0 0.435 0.48 1
209 7.69207882659 11.6079353385 0.0 0.435 0.48 1
212 2.16610690827 1.48947581001 0.0 0.435 0.48 1
213 2.06613598119 2.63050831244 0.0 0.435 0.48 1
214 4.43344753426 7.28485172645 0.0 0.435 0.48 1
215 5.02296030632 6.83378470499 0.0 0.435 0.48 1
216 4.12069638136 7.06671666952 0.0 0.435 0.48 1
218 8.00861835147 9.7473435399 0.0 0.435 0.48 1
220 9.03189971447 7.70059709755 0.0 0.435 0.48 1
221 12.9105612198 5.38344910214 0.0 0.435 0.48 1
222 2.29406969492 0.723855172531 0.0 0.435 0.48 1
223 12.6074914619 3.000431002 0.0 0.435 0.48 1
224 12.7264042488 3.48180781802 0.0 0.435 0.48 1
225 11.2590415045 3.5004232824 0.0 0.435 0.48 1
226 12.6746298319 1.87634334535 0.0 0.435 0.48 1
227 13.1704856301 2.18516912618 0.0 0.435 0.48 1
228 14.7014088376 4.5796428967 0.0 0.435 0.48 1
269 3.18538943418 9.06071929612 0.0 0.435 0.48 1
301 6.51473700335 10.9506662501 0.0 0.435 0.48 1
306 7.78278928884 7.04547594734 0.0 0.435 0.48 1
307 8.24602299513 7.19797955936 0.0 0.435 0.48 1
311 10.9913298851 9.01441929498 0.0 0.435 0.48 1
314 6.73804048466 10.699357481 0.0 0.435 0.48 1
320 10.2892182794 9.05427548153 0.0 0.435 0.48 1
321 4.60623938926 3.95602484005 0.0 0.435 0.48 1
322 4.78681845332 3.5834768927 0.0 0.435 0.48 1
323 4.67064171281 10.4096244841 0.0 0.435 0.48 1
324 8.11490323183 4.93333671988 0.0 0.435 0.48 1
325 5.5493335455 3.25770626609 0.0 0.435 0.48 1
326 8.39503229274 4.48083773962 0.0 0.435 0.48 1
327 9.0106427384 5.52139446637 0.0 0.435 0.48 1
328 10.9164043061 5.94167437367 0.0 0.435 0.48 1
329 13.4499832957 6.87411821115 0.0 0.435 0.48 1
330 13.7894635176 7.09798110328 0.0 0.435 0.48 1
331 13.8008286335 6.51732181057 0.0 0.435 0.48 1
332 14.1403088553 5.93236664148 0.0 0.435 0.48 1
333 14.466108845 6.30467592903 0.0 0.435 0.48 1
389 5.88565679068 8.32278319541 0.0 0.435 0.48 1
390 4.65275217849 8.59175278968 0.0 0.435 0.48 1
395 1.56754413649 5.79561457624 0.0 0.435 0.48 1
396 8.59897298397 8.37934556794 0.0 0.435 0.48 1
399 1.22806391466 11.1361049144 0.0 0.435 0.48 1
414 10.6114403622 8.03114092016 0.0 0.435 0.48 1
415 14.5208297735 7.26122440628 0.0 0.435 0.48 1
