128 7.54833115672 11.6368131742 0.0 0.435 0.48 1
129 7.5674834817 11.0420729533 0.0 0.435 0.48 1
134 11.7883612552 4.61329392846 0.0 0.435 0.48 1
135 11.3853205703 4.84383929498 0.0 0.435 0.48 1
136 9.94089852294 5.36984549355 0.0 0.435 0.48 1
137 5.19848820775 6.96886615163 0.0 0.435 0.48 1
138 5.14145216304 6.54930222374 0.0 0.435 0.48 1
139 3.06752897279 3.9140207153 0.0 0.435 0.48 1
140 2.6413371258 3.75889184549 0.0 0.435 0.48 1
141 1.88176854516 1.13840724463 0.0 0.435 0.48 1
168 5.0574765843 10.4986445894 0.0 0.435 0.48 1
177 4.58266729699 10.2208445825 0.0 0.435 0.48 1
178 4.04303475591 10.845894598 0.0 0.435 0.48 1
190 7.18969860992 12.8193724818 0.0 0.435 0.48 1
200 1.31309181895 12.6210461882 0.0 0.435 0.48 1
201 1.86850924326 12.9067219685 0.0 0.435 0.48 1
203 1.98152900712 12.3480193774 0.0 0.435 0.48 1
207 11.3282845256 5.51113209498 0.0 0.435 0.48 1
208 11.7060693974 5.39275683433 0.0 0.435 0.48 1
209 10.1921938638 9.661426012 0.0 0.435 0.48 1
210 10.2650147918 2.22120675593 0.0 0.435 0.48 1
211 3.3979591949 5.31137384262 0.0 0.435 0.48 1
212 14.8167437176 0.39140207153 0.0 0.435 0.48 1
269 3.53644523704 9.1588084738 0.0 0.435 0.48 1
276 12.5531914636 4.33931247839 0.0 0.435 0.48 1
297 7.79773231163 10.5112935588 0.0 0.435 0.48 1
301 7.40374162641 10.3933956177 0.0 0.435 0.48 1
306 8.39755787406 6.52973212016 0.0 0.435 0.48 1
307 10.4735857154 6.25455737109 0.0 0.435 0.48 1
311 12.2162368231 9.12062290585 0.0 0.435 0.48 1
314 10.3523578123 9.19985795935 0.0 0.435 0.48 1
315 13.7892530524 9.2447260017 0.0 0.435 0.48 1
316 9.39095319149 3.7460042163 0.0 0.435 0.48 1
317 14.6483716299 3.60376297567 0.0 0.435 0.48 1
318 14.2842669903 6.64357284462 0.0 0.435 0.48 1
375 6.98196954672 11.1948152252 0.0 0.435 0.48 1
389 4.37325451291 11.5415879141 0.0 0.435 0.48 1
390 4.06302894132 11.695523485 0.0 0.435 0.48 1
391 5.65709168162 10.2318229333 0.0 0.435 0.48 1
392 5.46030680412 10.353778091 0.0 0.435 0.48 1
393 3.15697664438 12.4103095851 0.0 0.435 0.48 1
394 3.92159638765 8.61561876966 0.0 0.435 0.48 1
399 3.22579873523 12.8950276383 0.0 0.435 0.48 1
408 9.52396714077 8.23376309011 0.0 0.435 0.48 1
409 9.10135320065 8.40225690871 0.0 0.435 0.48 1
414 9.43304621342 8.09152184948 0.0 0.435 0.48 1
