101 6.6317556043 1.26537425808 0.0 0.435 0.48 1
103 5.64909400746 1.54341292475 0.0 0.435 0.48 1
104 5.88439400002 2.20640984835 0.0 0.435 0.48 1
107 14.0862193221 9.42706208868 0.0 0.435 0.48 1
108 7.78068463775 6.12043056365 0.0 0.435 0.48 1
109 7.58642534156 4.80613104663 0.0 0.435 0.48 1
110 4.4408138131 10.6203610872 0.0 0.435 0.48 1
111 4.6660114804 10.2802708727 0.0 0.435 0.48 1
112 6.79865443623 4.25625886809 0.0 0.435 0.48 1
113 6.35604631069 3.43670111587 0.0 0.435 0.48 1
114 5.19259518468 6.71875068153 0.0 0.435 0.48 1
115 4.55509636763 7.01659811158 0.0 0.435 0.48 1
164 6.70689164844 9.66858580599 0.0 0.435 0.48 1
165 11.6433507947 9.20105125835 0.0 0.435 0.48 1
166 7.63798929342 5.88535066093 0.0 0.435 0.48 1
167 6.64775095263 11.2582987319 0.0 0.435 0.48 1
168 8.14794625404 3.4966047256 0.0 0.435 0.48 1
169 9.41578807443 6.97674192502 0.0 0.435 0.48 1
173 14.719508837 8.87456465234 0.0 0.435 0.48 1
177 8.67537181876 2.90687636051 0.0 0.435 0.48 1
178 9.13923692038 2.94506192846 0.0 0.435 0.48 1
179 11.0580473248 8.52468938596 0.0 0.435 0.48 1
180 8.71935902668 7.60990637366 0.0 0.435 0.48 1
181 11.772576372 7.28771564405 0.0 0.435 0.48 1
182 12.7895437817 6.54691562574 0.0 0.435 0.48 1
183 13.4285158545 5.81303674162 0.0 0.435 0.48 1
184 14.5641855861 5.97771200342 0.0 0.435 0.48 1
185 14.9783809218 5.95336870385 0.0 0.435 0.48 1
186 14.3937088473 5.47437848583 0.0 0.435 0.48 1
187 10.3778240905 3.3326454432 0.0 0.435 0.48 1
188 11.8653914854 0.18352938598 0.0 0.435 0.48 1
189 6.15252654968 1.28088714506 0.0 0.435 0.48 1
255 6.52210328219 6.7500151153 0.0 0.435 0.48 1
257 6.53683583986 5.85790478397 0.0 0.435 0.48 1
264 7.6704009203 3.96915112903 0.0 0.435 0.48 1
266 9.5530113259 8.54402082974 0.0 0.435 0.48 1
267 9.02621715651 8.25762907009 0.0 0.435 0.48 1
269 11.6086240516 6.32066613561 0.0 0.435 0.48 1
270 12.3178914711 6.30061871244 0.0 0.435 0.48 1
272 10.7383508233 7.76551256308 0.0 0.435 0.48 1
273 14.9453378996 6.70180583575 0.0 0.435 0.48 1
274 15.0272088273 6.4161300555 0.0 0.435 0.48 1
363 4.67316729413 10.8812162483 0.0 0.435 0.48 1
364 4.55109753054 11.0143884166 0.0 0.435 0.48 1
365 11.6953356768 3.74027638111 0.0 0.435 0.48 1
366 11.0588891853 3.82619390901 0.0 0.435 0.48 1
367 1.7645394791 12.7081570151 0.0 0.435 0.48 1
368 2.27849527681 12.6912121694 0.0 0.435 0.48 1
399 5.75664167848 10.7666595445 0.0 0.435 0.48 1
403 11.3705880126 8.08531669469 0.0 0.435 0.48 1
404 6.8723172246 10.5022244864 0.0 0.435 0.48 1
406 4.14447893875 10.4599817018 0.0 0.435 0.48 1
407 3.87592545886 9.81631622201 0.0 0.435 0.48 1
