101 13.7050670086 5.51351869298 0.0 0.435 0.48 1
103 13.7810449132 4.78441300486 0.0 0.435 0.48 1
104 13.2864519055 5.21972847953 0.0 0.435 0.48 1
108 7.98672998007 6.15503623461 0.0 0.435 0.48 1
109 12.0476542703 5.12927641544 0.0 0.435 0.48 1
112 11.3606961525 5.21925115993 0.0 0.435 0.48 1
113 11.5488519605 4.77963980886 0.0 0.435 0.48 1
116 5.96584399745 12.1124621551 0.0 0.435 0.48 1
117 7.1238230306 9.48839765721 0.0 0.435 0.48 1
118 5.34581378449 7.1597939914 0.0 0.435 0.48 1
119 5.45336145551 2.84387017339 0.0 0.435 0.48 1
120 4.36525683874 6.11637334706 0.0 0.435 0.48 1
121 3.61705337402 5.86363261916 0.0 0.435 0.48 1
122 1.89418598663 3.96175267524 0.0 0.435 0.48 1
164 6.68984397456 9.79435952044 0.0 0.435 0.48 1
165 12.3374647262 9.10725795707 0.0 0.435 0.48 1
166 7.56895673746 5.85695014477 0.0 0.435 0.48 1
168 7.87307882087 5.02665270156 0.0 0.435 0.48 1
173 15.0276297575 9.50247858539 0.0 0.435 0.48 1
177 8.16352067215 5.59394704548 0.0 0.435 0.48 1
178 8.94034739178 5.96840427123 0.0 0.435 0.48 1
180 12.6897833198 7.8280414306 0.0 0.435 0.48 1
189 13.5251193399 5.92807076508 0.0 0.435 0.48 1
190 8.77639507138 5.3338078638 0.0 0.435 0.48 1
195 8.89593925365 0.56657836452 0.0 0.435 0.48 1
196 -0.290441851283 2.04292788555 0.0 0.435 0.48 1
197 -0.109441857005 1.22671137053 0.0 0.435 0.48 1
255 6.37709282165 6.11732798626 0.0 0.435 0.48 1
269 10.8684182611 6.53307335736 0.0 0.435 0.48 1
270 11.8401356722 6.55789397653 0.0 0.435 0.48 1
272 14.0554914161 7.41778523489 0.0 0.435 0.48 1
273 6.16052422385 6.95072800685 0.0 0.435 0.48 1
274 6.47180212098 6.71230686694 0.0 0.435 0.48 1
276 14.7026716282 6.64524346322 0.0 0.435 0.48 1
277 14.270376293 4.75553516909 0.0 0.435 0.48 1
279 8.88899390503 7.81396050242 0.0 0.435 0.48 1
280 9.78725899292 7.44857234906 0.0 0.435 0.48 1
281 9.52922876852 7.63090843604 0.0 0.435 0.48 1
282 15.0591995239 4.87391042975 0.0 0.435 0.48 1
367 11.5579019602 8.09534040628 0.0 0.435 0.48 1
368 11.8390833467 7.52279554677 0.0 0.435 0.48 1
369 6.09022887723 10.4606976812 0.0 0.435 0.48 1
370 5.96984283453 10.9038889293 0.0 0.435 0.48 1
371 6.55598816484 11.3602064664 0.0 0.435 0.48 1
372 7.09456838037 11.8031590546 0.0 0.435 0.48 1
399 5.33550099412 11.8852580257 0.0 0.435 0.48 1
403 13.0538879594 8.62826773904 0.0 0.435 0.48 1
407 2.0989685383 4.53334289556 0.0 0.435 0.48 1
