29 15.0025844094 8.04689246694 0.0 0.435 0.48 1
94 6.29332770802 9.90008581171 0.0 0.435 0.48 1
95 5.95300562576 9.59794250528 0.0 0.435 0.48 1
99 11.5010763806 4.4171155731 0.0 0.435 0.48 1
100 8.98686018101 4.15268051501 0.0 0.435 0.48 1
101 1.64162785508 1.5806438535 0.0 0.435 0.48 1
102 0.897633692553 2.00474231759 0.0 0.435 0.48 1
103 0.183315110484 1.60450983347 0.0 0.435 0.48 1
105 0.0631395328877 4.43907227467 0.0 0.435 0.48 1
106 2.79245107451 3.34314647439 0.0 0.435 0.48 1
158 9.70854504192 7.4120573997 0.0 0.435 0.48 1
159 8.99612064583 7.53950173275 0.0 0.435 0.48 1
160 9.43515086451 7.11707388725 0.0 0.435 0.48 1
164 6.15168468924 9.31131208582 0.0 0.435 0.48 1
165 6.80265327332 8.26789144147 0.0 0.435 0.48 1
166 9.79273108577 1.06776394392 0.0 0.435 0.48 1
167 14.0199228126 1.3348242598 0.0 0.435 0.48 1
248 0.0909209273582 13.7090962151 0.0 0.435 0.48 1
250 0.912366250227 13.4274776515 0.0 0.435 0.48 1
254 0.353370919061 4.14766865922 0.0 0.435 0.48 1
255 8.7723962343 5.70754911015 0.0 0.435 0.48 1
257 10.367300835 1.26609023748 0.0 0.435 0.48 1
258 6.98849396512 9.64066260942 0.0 0.435 0.48 1
259 7.2703067469 6.75264037309 0.0 0.435 0.48 1
260 7.21453349285 7.33831152159 0.0 0.435 0.48 1
261 14.2017646673 3.26009286409 0.0 0.435 0.48 1
262 14.7805437188 3.03980986895 0.0 0.435 0.48 1
263 6.52168235197 4.46365423404 0.0 0.435 0.48 1
358 5.02569635275 9.73111467352 0.0 0.435 0.48 1
359 4.41913590681 9.81822550041 0.0 0.435 0.48 1
360 4.73483357125 9.93278220427 0.0 0.435 0.48 1
361 4.77398008164 5.2431171399 0.0 0.435 0.48 1
365 7.91622416834 13.4131580635 0.0 0.435 0.48 1
397 12.2957926345 6.41803933389 0.0 0.435 0.48 1
399 4.28927893417 11.361877085 0.0 0.435 0.48 1
403 6.13232189916 10.9735775908 0.0 0.435 0.48 1
