26 13.1050309811 5.56864910671 0.0 0.435 0.48 1
27 13.7854646805 4.64193310443 0.0 0.435 0.48 1
28 13.5217518981 5.29824755364 0.0 0.435 0.48 1
29 14.8544169723 8.10631875707 0.0 0.435 0.48 1
77 2.49190689797 13.7754436395 0.0 0.435 0.48 1
94 6.27733235969 9.79626879884 0.0 0.435 0.48 1
95 5.96815911365 9.38959250013 0.0 0.435 0.48 1
96 12.4997333258 1.19735621516 0.0 0.435 0.48 1
97 12.1932961262 0.861561876966 0.0 0.435 0.48 1
98 5.82630562976 1.29091085665 0.0 0.435 0.48 1
99 7.66471836234 3.21116760514 0.0 0.435 0.48 1
100 4.84616961424 3.36414853676 0.0 0.435 0.48 1
101 0.694955791983 1.62575055565 0.0 0.435 0.48 1
158 10.4270729262 6.42949500428 0.0 0.435 0.48 1
159 9.32192063553 6.69225944376 0.0 0.435 0.48 1
160 10.0343450316 6.12615839884 0.0 0.435 0.48 1
164 5.48135331509 8.38578938253 0.0 0.435 0.48 1
165 5.97594632271 6.664574907 0.0 0.435 0.48 1
166 10.3664589746 0.187586602575 0.0 0.435 0.48 1
247 1.45873367481 12.7081570151 0.0 0.435 0.48 1
248 1.74391389836 12.9756946506 0.0 0.435 0.48 1
249 2.10465109626 13.0785570243 0.0 0.435 0.48 1
250 2.56620108166 12.5484936091 0.0 0.435 0.48 1
254 1.36802321257 3.86628875536 0.0 0.435 0.48 1
255 8.63096368063 5.96434705464 0.0 0.435 0.48 1
257 10.850949657 0.757028884691 0.0 0.435 0.48 1
258 7.77773812621 8.84282289898 0.0 0.435 0.48 1
259 9.51660086194 6.82471563261 0.0 0.435 0.48 1
260 9.63004155603 7.10156100027 0.0 0.435 0.48 1
261 14.2268100154 3.21427018254 0.0 0.435 0.48 1
262 14.8203216245 3.01117069298 0.0 0.435 0.48 1
263 10.6017589672 5.47843570242 0.0 0.435 0.48 1
350 11.1125577882 1.83768045779 0.0 0.435 0.48 1
352 15.4691855575 5.67222745979 0.0 0.435 0.48 1
354 15.3479576543 5.38535838053 0.0 0.435 0.48 1
357 0.429980218965 5.39371147352 0.0 0.435 0.48 1
358 4.57361729727 10.6038935611 0.0 0.435 0.48 1
359 3.92012313189 11.0888502741 0.0 0.435 0.48 1
360 4.21814172711 11.2014976996 0.0 0.435 0.48 1
361 8.7700811181 6.96647955364 0.0 0.435 0.48 1
397 11.4004740582 7.13592801143 0.0 0.435 0.48 1
399 4.02830219823 12.0649688549 0.0 0.435 0.48 1
403 6.88452420096 11.8800075101 0.0 0.435 0.48 1
