137 9.58542295279 11.7406301871 0.0 0.435 0.48 1
138 9.38884854039 11.4411121385 0.0 0.435 0.48 1
139 4.99244286543 10.5291930438 0.0 0.435 0.48 1
140 4.65906613178 10.2268110775 0.0 0.435 0.48 1
142 6.98049629095 1.94507736766 0.0 0.435 0.48 1
143 7.07857303204 1.46370055164 0.0 0.435 0.48 1
144 4.82386031262 2.25772170529 0.0 0.435 0.48 1
145 3.78963476392 2.29352067525 0.0 0.435 0.48 1
146 2.89073828071 2.21237634334 0.0 0.435 0.48 1
147 2.74804293638 1.62909179284 0.0 0.435 0.48 1
168 3.34639524305 13.0546910443 0.0 0.435 0.48 1
177 2.79118828385 13.0196080538 0.0 0.435 0.48 1
207 11.569056611 6.98056048182 0.0 0.435 0.48 1
208 12.3202065873 6.7433326409 0.0 0.435 0.48 1
209 10.4937903659 10.5248971674 0.0 0.435 0.48 1
210 1.02559647921 3.97917484062 0.0 0.435 0.48 1
211 1.08031740771 13.1818967176 0.0 0.435 0.48 1
212 4.01988359385 2.88778357653 0.0 0.435 0.48 1
213 3.67366848851 3.35818204177 0.0 0.435 0.48 1
214 8.60023577463 4.20327639255 0.0 0.435 0.48 1
215 8.95907878654 4.498259905 0.0 0.435 0.48 1
216 8.21739974022 3.84504803318 0.0 0.435 0.48 1
217 13.6652891029 5.30516868783 0.0 0.435 0.48 1
218 10.8450566339 5.73762024491 0.0 0.435 0.48 1
219 14.0274995565 2.93837945407 0.0 0.435 0.48 1
220 13.5440611997 1.79472169385 0.0 0.435 0.48 1
221 8.19235439217 0.984471673818 0.0 0.435 0.48 1
222 10.6562694306 0.365626813161 0.0 0.435 0.48 1
269 3.37775454438 9.10248476107 0.0 0.435 0.48 1
276 12.7905961073 4.2481444349 0.0 0.435 0.48 1
301 6.56966839696 10.8143915044 0.0 0.435 0.48 1
306 7.63167534013 7.21468574534 0.0 0.435 0.48 1
307 8.1950904386 7.20275275535 0.0 0.435 0.48 1
311 11.4606670795 9.6597553934 0.0 0.435 0.48 1
314 7.16423233165 10.6442270672 0.0 0.435 0.48 1
318 2.16779062914 3.9140207153 0.0 0.435 0.48 1
319 3.59705918861 4.43764031587 0.0 0.435 0.48 1
320 11.9748333424 8.21872752273 0.0 0.435 0.48 1
321 11.7275368386 5.96649499284 0.0 0.435 0.48 1
322 11.9445263666 5.56960374591 0.0 0.435 0.48 1
323 9.30550435698 6.30753984663 0.0 0.435 0.48 1
324 13.031999588 6.46529397424 0.0 0.435 0.48 1
325 12.6565298324 6.48605737681 0.0 0.435 0.48 1
326 13.3403309736 6.10611097567 0.0 0.435 0.48 1
327 14.5385088427 6.44548521086 0.0 0.435 0.48 1
389 4.99265333054 8.63304093503 0.0 0.435 0.48 1
390 4.44565451062 8.59175278968 0.0 0.435 0.48 1
391 12.0806972925 8.4977208286 0.0 0.435 0.48 1
392 12.3130507735 8.54712340714 0.0 0.435 0.48 1
394 14.1937669931 7.55835585692 0.0 0.435 0.48 1
395 5.28730448401 9.35856672616 0.0 0.435 0.48 1
396 4.25392079575 9.99984560799 0.0 0.435 0.48 1
399 3.65220104733 11.6148564727 0.0 0.435 0.48 1
414 10.9999589546 7.93329040227 0.0 0.435 0.48 1
415 11.5915763777 10.0124945774 0.0 0.435 0.48 1
