108 7.96231602735 5.83785736079 0.0 0.435 0.48 1
116 6.13589980602 12.2339399931 0.0 0.435 0.48 1
120 9.00937994774 9.95330694705 0.0 0.435 0.48 1
123 7.1170881471 10.4678574752 0.0 0.435 0.48 1
125 9.8350345728 4.21711866094 0.0 0.435 0.48 1
126 10.188615957 4.00327948039 0.0 0.435 0.48 1
127 9.73948341303 2.95484698025 0.0 0.435 0.48 1
128 1.72581389893 1.4975902432 0.0 0.435 0.48 1
129 1.40927437405 0.860129918167 0.0 0.435 0.48 1
164 6.6732172309 9.91703065749 0.0 0.435 0.48 1
166 7.50181836749 5.829265608 0.0 0.435 0.48 1
168 8.53162414889 5.64621354162 0.0 0.435 0.48 1
177 8.13994857988 6.43044964348 0.0 0.435 0.48 1
178 8.83069506967 6.70180583575 0.0 0.435 0.48 1
190 8.68400088826 6.22233829813 0.0 0.435 0.48 1
198 9.85208224668 7.08819605149 0.0 0.435 0.48 1
199 4.1063847539 2.2450727359 0.0 0.435 0.48 1
255 6.32216142804 5.9099326203 0.0 0.435 0.48 1
269 8.83490437186 7.26456564348 0.0 0.435 0.48 1
272 8.10522183679 10.4069992263 0.0 0.435 0.48 1
276 14.4419053574 6.54094913075 0.0 0.435 0.48 1
277 13.7585251464 4.06103515192 0.0 0.435 0.48 1
279 3.6865068602 8.36812855735 0.0 0.435 0.48 1
280 3.97589638594 11.1757224412 0.0 0.435 0.48 1
281 3.85151150615 10.7475667605 0.0 0.435 0.48 1
282 14.1177890886 4.4144903153 0.0 0.435 0.48 1
284 9.49408109521 4.71305372474 0.0 0.435 0.48 1
285 9.7935729462 5.02617538197 0.0 0.435 0.48 1
286 15.0061623163 7.52470482517 0.0 0.435 0.48 1
287 14.133994902 9.34400847838 0.0 0.435 0.48 1
290 15.0194216182 6.2426243811 0.0 0.435 0.48 1
369 2.58303829043 0.0224340211731 0.0 0.435 0.48 1
370 1.98952668129 -0.0150355673819 0.0 0.435 0.48 1
371 7.69544626835 3.47942122002 0.0 0.435 0.48 1
372 7.9610532367 4.07607071931 0.0 0.435 0.48 1
375 4.23792544742 11.4005399725 0.0 0.435 0.48 1
376 3.99147080405 11.9096013253 0.0 0.435 0.48 1
377 5.93511609144 9.07336826551 0.0 0.435 0.48 1
378 7.80425673002 9.02515898596 0.0 0.435 0.48 1
379 2.07897435288 13.0100616618 0.0 0.435 0.48 1
380 1.84262203477 12.7682992847 0.0 0.435 0.48 1
381 7.57674394652 8.75881464948 0.0 0.435 0.48 1
383 6.63638583671 11.3506600744 0.0 0.435 0.48 1
384 6.85063931831 11.5034023462 0.0 0.435 0.48 1
385 8.01598463031 11.5337121408 0.0 0.435 0.48 1
399 5.11556495456 12.0523198855 0.0 0.435 0.48 1
408 6.97797070963 12.8833333081 0.0 0.435 0.48 1
