26 5.08841495542 4.65577537281 0.0 0.435 0.48 1
27 5.08462658344 3.86270885836 0.0 0.435 0.48 1
28 4.29959172454 3.94480782946 0.0 0.435 0.48 1
29 14.5484007029 8.20607855335 0.0 0.435 0.48 1
30 15.0038472001 8.12230896365 0.0 0.435 0.48 1
56 2.95282548805 5.28154136766 0.0 0.435 0.48 1
76 7.56411603994 13.288577648 0.0 0.435 0.48 1
77 4.18446730957 11.0057966638 0.0 0.435 0.48 1
80 3.82520336744 12.3017193762 0.0 0.435 0.48 1
81 4.35662776925 11.4556703862 0.0 0.435 0.48 1
82 3.13087897079 13.152780222 0.0 0.435 0.48 1
94 5.51271261642 8.01896927037 0.0 0.435 0.48 1
95 3.6865068602 4.67319753819 0.0 0.435 0.48 1
96 5.09325565294 2.8345624412 0.0 0.435 0.48 1
97 4.71294519984 2.34912840858 0.0 0.435 0.48 1
153 3.75006732331 0.340567534191 0.0 0.435 0.48 1
158 12.5647670446 3.84242277539 0.0 0.435 0.48 1
159 11.8228775332 3.06081193132 0.0 0.435 0.48 1
160 12.3806100737 3.23765884291 0.0 0.435 0.48 1
161 14.5787076787 3.84982122918 0.0 0.435 0.48 1
162 14.2615367584 2.02860829756 0.0 0.435 0.48 1
163 14.7552879056 2.03505211216 0.0 0.435 0.48 1
247 4.63086380709 9.95903478224 0.0 0.435 0.48 1
248 5.13934751195 10.1482920034 0.0 0.435 0.48 1
249 5.21637774207 10.3685749986 0.0 0.435 0.48 1
250 5.57795680041 9.41632239769 0.0 0.435 0.48 1
254 10.0602322401 3.48443307582 0.0 0.435 0.48 1
255 11.6597670733 5.5812980761 0.0 0.435 0.48 1
256 13.5688960827 3.24076142031 0.0 0.435 0.48 1
257 13.7195891012 5.01567435078 0.0 0.435 0.48 1
258 14.1379937391 6.44787180886 0.0 0.435 0.48 1
349 9.22405435956 7.3316290472 0.0 0.435 0.48 1
350 11.5463263792 6.4149367565 0.0 0.435 0.48 1
351 8.3613578752 6.70252181515 0.0 0.435 0.48 1
352 8.63811949436 7.08819605149 0.0 0.435 0.48 1
353 8.44533345394 6.38200170414 0.0 0.435 0.48 1
354 7.16486372698 7.30991100542 0.0 0.435 0.48 1
355 3.53518244638 10.6339646958 0.0 0.435 0.48 1
356 3.8658231336 10.4640389184 0.0 0.435 0.48 1
357 3.67577313961 11.2239317207 0.0 0.435 0.48 1
358 2.71689410016 13.1680544492 0.0 0.435 0.48 1
397 11.2306287147 7.13592801143 0.0 0.435 0.48 1
399 3.5770650032 12.6122157757 0.0 0.435 0.48 1
