29 15.1515937071 8.0805434987 0.0 0.435 0.48 1
94 6.74561722861 11.4253605917 0.0 0.435 0.48 1
95 6.13526841069 9.80796312902 0.0 0.435 0.48 1
101 3.78984522903 1.72002117653 0.0 0.435 0.48 1
103 3.60674058365 0.627436613447 0.0 0.435 0.48 1
104 3.09068013485 2.25700572589 0.0 0.435 0.48 1
105 10.0137194509 6.6614723296 0.0 0.435 0.48 1
106 14.2423844335 5.32211353361 0.0 0.435 0.48 1
107 7.31197883861 6.00826045779 0.0 0.435 0.48 1
108 7.63988347941 6.37221665235 0.0 0.435 0.48 1
158 7.84424510085 10.2036610769 0.0 0.435 0.48 1
159 8.36598810761 10.847087897 0.0 0.435 0.48 1
160 7.54306952898 10.0984121053 0.0 0.435 0.48 1
164 6.57093118762 9.60438631987 0.0 0.435 0.48 1
165 11.5088635897 9.02110176937 0.0 0.435 0.48 1
166 8.13300323126 5.15600631301 0.0 0.435 0.48 1
167 8.98622878568 8.14689092302 0.0 0.435 0.48 1
168 6.72436025254 1.86321705636 0.0 0.435 0.48 1
169 6.8918904798 0.939842291272 0.0 0.435 0.48 1
170 12.9833821477 1.47849745922 0.0 0.435 0.48 1
171 11.8982240425 1.06680930472 0.0 0.435 0.48 1
172 12.9583367996 5.86792849555 0.0 0.435 0.48 1
173 13.0993484231 3.09541760228 0.0 0.435 0.48 1
174 10.9652322115 2.20593252875 0.0 0.435 0.48 1
175 12.4441705368 0.414790731902 0.0 0.435 0.48 1
176 6.82348931917 0.40786959771 0.0 0.435 0.48 1
177 7.15581372727 0.190927839771 0.0 0.435 0.48 1
178 7.76700440562 0.270878872675 0.0 0.435 0.48 1
179 15.0131076649 0.432212897281 0.0 0.435 0.48 1
255 8.53120321867 5.50444962059 0.0 0.435 0.48 1
257 8.94602994974 4.85553362517 0.0 0.435 0.48 1
258 3.94979871234 11.1420714094 0.0 0.435 0.48 1
261 14.1198937397 3.4109258575 0.0 0.435 0.48 1
262 14.6500553508 3.13384183004 0.0 0.435 0.48 1
264 10.5621915266 4.71257640514 0.0 0.435 0.48 1
265 8.58950205404 6.02186406637 0.0 0.435 0.48 1
266 12.7560798293 6.3259166512 0.0 0.435 0.48 1
267 12.6531623907 6.71588676394 0.0 0.435 0.48 1
268 14.0529658348 0.944854147066 0.0 0.435 0.48 1
269 13.7265344498 6.22902077252 0.0 0.435 0.48 1
270 14.0258158357 5.84931303118 0.0 0.435 0.48 1
271 14.3358309421 4.45195990385 0.0 0.435 0.48 1
358 8.04986951296 4.22929031072 0.0 0.435 0.48 1
359 6.98112768628 4.11258566866 0.0 0.435 0.48 1
360 7.42268348627 4.30112691044 0.0 0.435 0.48 1
362 5.77179516637 8.81155846522 0.0 0.435 0.48 1
363 2.36078713467 13.6570683788 0.0 0.435 0.48 1
365 5.91406958048 10.6442270672 0.0 0.435 0.48 1
366 6.32889631155 11.1420714094 0.0 0.435 0.48 1
397 11.6808135842 -0.232215985121 0.0 0.435 0.48 1
399 5.2936184373 10.7642729465 0.0 0.435 0.48 1
403 4.49574520671 7.93973421687 0.0 0.435 0.48 1
404 6.33752538104 10.5375461367 0.0 0.435 0.48 1
405 5.64425330994 11.9155678203 0.0 0.435 0.48 1
