147 15.2141018446 5.98129190042 0.0 0.435 0.48 1
148 6.32910677666 7.11611924806 0.0 0.435 0.48 1
207 8.06249741953 12.8160312446 0.0 0.435 0.48 1
208 8.42428694298 12.8403745442 0.0 0.435 0.48 1
209 4.11480335829 12.0883575153 0.0 0.435 0.48 1
214 5.3504440169 10.3289574718 0.0 0.435 0.48 1
215 4.8038661272 10.4747786094 0.0 0.435 0.48 1
216 4.94740333197 10.7072332543 0.0 0.435 0.48 1
225 4.64770101586 10.0755007645 0.0 0.435 0.48 1
228 10.1212671219 13.3747338357 0.0 0.435 0.48 1
229 8.5777160079 11.5296549242 0.0 0.435 0.48 1
301 6.29459049868 11.2537641957 0.0 0.435 0.48 1
306 7.92316951696 6.95144398625 0.0 0.435 0.48 1
307 8.39271717654 7.18413729097 0.0 0.435 0.48 1
314 3.62210453666 11.2940977018 0.0 0.435 0.48 1
320 8.83827181361 11.7382435891 0.0 0.435 0.48 1
332 5.87660679096 10.7396909871 0.0 0.435 0.48 1
333 6.02182771661 10.4294332475 0.0 0.435 0.48 1
335 11.6909159095 9.32276775621 0.0 0.435 0.48 1
336 7.89244161096 9.70987395134 0.0 0.435 0.48 1
341 11.4983403342 8.04283525034 0.0 0.435 0.48 1
342 13.8302937488 7.26766822087 0.0 0.435 0.48 1
345 14.4576902406 2.93479955708 0.0 0.435 0.48 1
389 8.49142531295 6.18582334877 0.0 0.435 0.48 1
390 9.19543110465 6.14047798683 0.0 0.435 0.48 1
414 4.03945684904 10.3704842769 0.0 0.435 0.48 1
