148 7.17938581955 12.6057719611 0.0 0.435 0.48 1
149 0.272973247184 3.51235627238 0.0 0.435 0.48 1
209 2.27891620703 11.857573489 0.0 0.435 0.48 1
225 4.24676498202 10.7260873785 0.0 0.435 0.48 1
232 14.1011623449 3.06797172532 0.0 0.435 0.48 1
233 8.47353577863 5.49180065121 0.0 0.435 0.48 1
234 14.951862318 2.59542532188 0.0 0.435 0.48 1
235 14.9577553411 3.82285267181 0.0 0.435 0.48 1
237 14.6544751181 1.52050158397 0.0 0.435 0.48 1
238 14.8384216239 0.783520122459 0.0 0.435 0.48 1
301 6.30911259124 11.154481719 0.0 0.435 0.48 1
306 7.91454044747 7.00967697738 0.0 0.435 0.48 1
307 8.34052182935 7.07053522631 0.0 0.435 0.48 1
320 8.57371717082 12.803620935 0.0 0.435 0.48 1
332 5.68003237857 11.4599662626 0.0 0.435 0.48 1
333 5.47756494311 11.4217806947 0.0 0.435 0.48 1
335 9.18680203515 10.1788404578 0.0 0.435 0.48 1
336 6.40382189058 10.7163023267 0.0 0.435 0.48 1
341 7.71017882602 9.10272342087 0.0 0.435 0.48 1
342 5.91638469668 4.06724030672 0.0 0.435 0.48 1
343 14.1581983896 2.40163356452 0.0 0.435 0.48 1
344 13.3245460904 6.34357747638 0.0 0.435 0.48 1
346 14.262589084 7.84403163718 0.0 0.435 0.48 1
347 14.260694898 8.3282723708 0.0 0.435 0.48 1
389 8.60802298368 6.161718709 0.0 0.435 0.48 1
390 9.51765318749 6.19513108096 0.0 0.435 0.48 1
414 3.53686616726 10.9313348063 0.0 0.435 0.48 1
