101 6.39540328619 1.47062168583 0.0 0.435 0.48 1
103 3.85824638966 0.688533522173 0.0 0.435 0.48 1
104 4.44586497573 1.58875828669 0.0 0.435 0.48 1
105 14.0786425782 9.09293836908 0.0 0.435 0.48 1
107 11.663134515 7.86694297795 0.0 0.435 0.48 1
108 7.98757184051 6.08510891329 0.0 0.435 0.48 1
109 2.71647316994 3.72643411273 0.0 0.435 0.48 1
110 2.28459876499 6.43737077767 0.0 0.435 0.48 1
111 1.43242553611 5.37772126694 0.0 0.435 0.48 1
112 1.94322435717 2.96725728984 0.0 0.435 0.48 1
113 1.72581389893 2.17180417739 0.0 0.435 0.48 1
114 0.250663945564 2.90735368011 0.0 0.435 0.48 1
158 8.13700206834 10.8010265556 0.0 0.435 0.48 1
164 6.71215327618 9.63087755764 0.0 0.435 0.48 1
165 11.5812635874 9.11799764805 0.0 0.435 0.48 1
166 7.65861487416 5.89394241372 0.0 0.435 0.48 1
167 6.34194514835 10.4652322174 0.0 0.435 0.48 1
168 7.77226603336 2.65795418941 0.0 0.435 0.48 1
169 8.22918578636 2.37633562575 0.0 0.435 0.48 1
171 7.64872301401 0.170641756795 0.0 0.435 0.48 1
173 14.1598821105 7.68317493218 0.0 0.435 0.48 1
174 13.3434879503 0.243194335908 0.0 0.435 0.48 1
177 8.66947879569 2.0028330392 0.0 0.435 0.48 1
178 9.06494273668 2.32741036681 0.0 0.435 0.48 1
179 12.6047554155 4.49086145121 0.0 0.435 0.48 1
180 11.7159612575 4.14480474162 0.0 0.435 0.48 1
181 13.129865864 3.38729853733 0.0 0.435 0.48 1
182 13.6566600334 3.06964234391 0.0 0.435 0.48 1
183 14.3373041979 0.839366515592 0.0 0.435 0.48 1
184 14.892300692 0.870392289555 0.0 0.435 0.48 1
185 15.1063437085 1.3295737442 0.0 0.435 0.48 1
186 14.4694762868 0.0436747433476 0.0 0.435 0.48 1
255 7.00659396454 6.56600840972 0.0 0.435 0.48 1
257 8.07786137254 5.04837074334 0.0 0.435 0.48 1
258 3.17128827184 10.0688182901 0.0 0.435 0.48 1
261 14.0664356018 3.87297122975 0.0 0.435 0.48 1
262 14.6397425604 3.56366812932 0.0 0.435 0.48 1
264 9.83145666594 3.76939287667 0.0 0.435 0.48 1
265 2.54031387318 5.15290373561 0.0 0.435 0.48 1
266 10.9656531417 6.53450531615 0.0 0.435 0.48 1
267 10.5678740845 6.85526408697 0.0 0.435 0.48 1
269 11.8306647423 6.26195582488 0.0 0.435 0.48 1
270 12.8042763394 6.19155118397 0.0 0.435 0.48 1
272 10.8717857028 7.42947956508 0.0 0.435 0.48 1
358 12.3431472842 0.446532485264 0.0 0.435 0.48 1
360 11.7942542783 0.115750002861 0.0 0.435 0.48 1
362 10.5931298977 3.8331150432 0.0 0.435 0.48 1
363 3.84793359928 11.9384791611 0.0 0.435 0.48 1
364 4.10049173083 12.1914585488 0.0 0.435 0.48 1
365 7.88297068102 7.39845379112 0.0 0.435 0.48 1
366 7.1739137267 7.50704399999 0.0 0.435 0.48 1
399 5.24163355522 10.6700023256 0.0 0.435 0.48 1
403 8.92603576433 7.76837648067 0.0 0.435 0.48 1
404 6.67658467265 10.5244198478 0.0 0.435 0.48 1
405 7.60768231763 12.5313101036 0.0 0.435 0.48 1
