128 6.74351257751 13.6768771422 0.0 0.435 0.48 1
129 7.10677535673 13.2616090907 0.0 0.435 0.48 1
134 14.3951821031 5.01519703118 0.0 0.435 0.48 1
135 13.6793902652 5.5762862203 0.0 0.435 0.48 1
137 7.74132766225 9.80390591243 0.0 0.435 0.48 1
138 7.70554859361 9.4972280698 0.0 0.435 0.48 1
139 5.51418587219 7.75644349069 0.0 0.435 0.48 1
140 5.11766960565 7.6597862718 0.0 0.435 0.48 1
141 8.9298241363 0.348920627181 0.0 0.435 0.48 1
142 0.790717416863 0.975163941629 0.0 0.435 0.48 1
143 0.823970904184 0.396891246923 0.0 0.435 0.48 1
168 3.96621499089 11.3769126523 0.0 0.435 0.48 1
177 3.53623477193 11.6578152366 0.0 0.435 0.48 1
178 3.08141967003 12.0558997825 0.0 0.435 0.48 1
207 11.300292666 5.8287882884 0.0 0.435 0.48 1
208 11.6789193982 5.84501715478 0.0 0.435 0.48 1
209 10.6154391993 10.352584792 0.0 0.435 0.48 1
210 4.81965101042 3.02405832217 0.0 0.435 0.48 1
211 4.01988359385 10.6740595422 0.0 0.435 0.48 1
212 9.78957410912 3.22190729613 0.0 0.435 0.48 1
213 9.77357876079 3.76629029928 0.0 0.435 0.48 1
214 12.3332554241 1.72025983633 0.0 0.435 0.48 1
215 12.5132030928 2.55485315593 0.0 0.435 0.48 1
216 11.8904368334 1.67157323719 0.0 0.435 0.48 1
217 10.0768589838 1.93314437768 0.0 0.435 0.48 1
218 14.2143925739 1.58899694649 0.0 0.435 0.48 1
219 5.0968335598 0.556793312731 0.0 0.435 0.48 1
269 3.45709989071 9.13064661744 0.0 0.435 0.48 1
276 12.6258019264 4.2481444349 0.0 0.435 0.48 1
301 6.78181722746 11.0110471794 0.0 0.435 0.48 1
306 7.61147068961 6.9979826472 0.0 0.435 0.48 1
307 8.153628812 7.20680997195 0.0 0.435 0.48 1
311 12.1171077565 9.22062136193 0.0 0.435 0.48 1
314 8.21697881 9.47479404862 0.0 0.435 0.48 1
316 3.56296384085 4.42379804749 0.0 0.435 0.48 1
318 8.64380205232 5.39013157653 0.0 0.435 0.48 1
319 10.0669671236 5.67556869699 0.0 0.435 0.48 1
320 13.2856100451 7.38365688353 0.0 0.435 0.48 1
389 4.69337194465 10.4358770621 0.0 0.435 0.48 1
390 4.41324288374 10.6559213974 0.0 0.435 0.48 1
391 8.43586252401 9.65378889841 0.0 0.435 0.48 1
392 8.69052530666 9.68958786837 0.0 0.435 0.48 1
394 8.77639507138 7.83591720399 0.0 0.435 0.48 1
395 7.70302301229 11.7869301882 0.0 0.435 0.48 1
396 3.64125686163 9.98313942201 0.0 0.435 0.48 1
399 4.15331847335 12.020816792 0.0 0.435 0.48 1
408 13.0082170306 6.95168264605 0.0 0.435 0.48 1
409 12.310104262 7.3325836864 0.0 0.435 0.48 1
414 10.2111357237 8.06431463232 0.0 0.435 0.48 1
415 10.0242427064 10.3420837608 0.0 0.435 0.48 1
