101 13.7147484036 5.63428055164 0.0 0.435 0.48 1
103 13.8410274694 4.9123346575 0.0 0.435 0.48 1
104 13.310444928 5.38344910214 0.0 0.435 0.48 1
108 8.01872067673 6.15742283261 0.0 0.435 0.48 1
109 12.075856595 5.14383466322 0.0 0.435 0.48 1
112 11.3876356865 5.26483518168 0.0 0.435 0.48 1
113 11.6012577728 4.72021351873 0.0 0.435 0.48 1
116 6.03066725121 12.0809590615 0.0 0.435 0.48 1
117 7.24989163127 10.5888579937 0.0 0.435 0.48 1
118 6.21293003615 8.34115999999 0.0 0.435 0.48 1
119 7.25115442193 2.51022377339 0.0 0.435 0.48 1
120 5.35549517953 6.93736305807 0.0 0.435 0.48 1
121 4.81817775466 6.82089707581 0.0 0.435 0.48 1
122 3.70418592941 4.43764031587 0.0 0.435 0.48 1
123 1.30193716814 4.23406350672 0.0 0.435 0.48 1
164 6.68816025368 9.80700848983 0.0 0.435 0.48 1
165 12.1293147328 9.13279455563 0.0 0.435 0.48 1
166 7.56222185395 5.85408622717 0.0 0.435 0.48 1
168 8.5756113568 5.08894290929 0.0 0.435 0.48 1
173 15.0655134772 9.60748889726 0.0 0.435 0.48 1
177 8.29927066786 5.996088808 0.0 0.435 0.48 1
178 8.95402762391 6.30348263003 0.0 0.435 0.48 1
180 13.7854646805 7.93543834047 0.0 0.435 0.48 1
189 13.7467391003 5.96577901344 0.0 0.435 0.48 1
190 8.7549276302 5.68583106837 0.0 0.435 0.48 1
255 6.37141026369 6.09608726408 0.0 0.435 0.48 1
269 10.8467403548 6.52257232617 0.0 0.435 0.48 1
270 11.8091973011 6.58820377109 0.0 0.435 0.48 1
272 13.9393146756 7.50680534019 0.0 0.435 0.48 1
273 5.61689284569 6.57078160571 0.0 0.435 0.48 1
274 5.93511609144 6.39608263232 0.0 0.435 0.48 1
276 14.6759425593 6.63450377223 0.0 0.435 0.48 1
277 14.0910600196 4.20972020715 0.0 0.435 0.48 1
279 8.66926833059 7.93329040227 0.0 0.435 0.48 1
280 8.99780436671 7.39129399713 0.0 0.435 0.48 1
281 8.84500669712 7.62279400285 0.0 0.435 0.48 1
282 14.8516809258 4.62188568125 0.0 0.435 0.48 1
367 13.1382844684 7.52971668096 0.0 0.435 0.48 1
368 13.4767123647 6.80180429183 0.0 0.435 0.48 1
369 5.4445219209 9.80151931443 0.0 0.435 0.48 1
370 5.13471727953 10.304852832 0.0 0.435 0.48 1
371 5.94816492824 10.9485183119 0.0 0.435 0.48 1
372 6.40529514634 11.3017348154 0.0 0.435 0.48 1
373 13.8319774697 9.64328786722 0.0 0.435 0.48 1
399 4.89668124055 11.9501734913 0.0 0.435 0.48 1
403 12.8859368019 8.45691000285 0.0 0.435 0.48 1
407 0.982240666622 4.55052640114 0.0 0.435 0.48 1
