26 2.55630922151 4.19683257796 0.0 0.435 0.48 1
27 2.96903130149 3.82452329041 0.0 0.435 0.48 1
28 2.32185108939 3.56581606752 0.0 0.435 0.48 1
29 13.8359763068 7.9972512286 0.0 0.435 0.48 1
30 13.6497146848 8.26741412187 0.0 0.435 0.48 1
56 3.00102199815 5.33619446179 0.0 0.435 0.48 1
75 7.83498463603 12.1556595788 0.0 0.435 0.48 1
76 7.57442883031 11.8136600858 0.0 0.435 0.48 1
77 4.36083707144 8.60607237767 0.0 0.435 0.48 1
80 5.16502425532 9.61106879426 0.0 0.435 0.48 1
81 4.75524868688 9.13756775163 0.0 0.435 0.48 1
82 3.48067198299 12.3427688618 0.0 0.435 0.48 1
90 12.2808496118 10.9783507868 0.0 0.435 0.48 1
93 3.53013128375 1.76393457968 0.0 0.435 0.48 1
94 2.28607202075 4.85386300657 0.0 0.435 0.48 1
95 1.11399182525 4.36389443776 0.0 0.435 0.48 1
153 5.8423009781 0.668724758797 0.0 0.435 0.48 1
155 14.5999646547 6.32281407381 0.0 0.435 0.48 1
156 14.1403088553 5.71972075993 0.0 0.435 0.48 1
247 8.05681486157 7.68556153017 0.0 0.435 0.48 1
248 7.7577439408 8.14712958282 0.0 0.435 0.48 1
249 8.14499974251 8.32922701 0.0 0.435 0.48 1
250 8.65137879627 7.16743110499 0.0 0.435 0.48 1
252 1.48104297643 1.30666240343 0.0 0.435 0.48 1
253 4.41555799994 2.69590109756 0.0 0.435 0.48 1
254 14.7500262779 5.19037332417 0.0 0.435 0.48 1
348 0.154270925356 4.39921608812 0.0 0.435 0.48 1
349 8.5143660099 10.7222688217 0.0 0.435 0.48 1
350 11.6597670733 6.41994861229 0.0 0.435 0.48 1
351 4.24444986582 8.45643268325 0.0 0.435 0.48 1
352 3.65262197755 9.06477651272 0.0 0.435 0.48 1
353 4.21708940157 8.02445844577 0.0 0.435 0.48 1
355 2.36141853 12.8064848526 0.0 0.435 0.48 1
356 2.76572200559 12.8398972246 0.0 0.435 0.48 1
357 2.84885572389 13.3258085768 0.0 0.435 0.48 1
397 11.2628298765 7.29535275764 0.0 0.435 0.48 1
398 1.59953483315 13.6394075536 0.0 0.435 0.48 1
399 3.47309523904 12.9988446512 0.0 0.435 0.48 1
