108 7.90591137797 5.8326068452 0.0 0.435 0.48 1
116 6.50295095721 12.0771405047 0.0 0.435 0.48 1
123 6.84411489991 11.1260812028 0.0 0.435 0.48 1
125 10.1412613073 5.90229550671 0.0 0.435 0.48 1
126 10.626383385 6.22735015392 0.0 0.435 0.48 1
127 11.1588601123 5.73738158511 0.0 0.435 0.48 1
128 6.0150928331 1.34580261058 0.0 0.435 0.48 1
129 6.38319630983 0.35011392618 0.0 0.435 0.48 1
130 1.95669412419 1.93553097568 0.0 0.435 0.48 1
131 1.91670575336 0.94103559027 0.0 0.435 0.48 1
132 0.605297655283 2.98038357882 0.0 0.435 0.48 1
133 0.29212557216 3.64147122403 0.0 0.435 0.48 1
166 7.47950906587 5.81995787581 0.0 0.435 0.48 1
168 8.56172065957 6.10300839827 0.0 0.435 0.48 1
177 8.01998346739 6.60848985407 0.0 0.435 0.48 1
178 8.78649739665 6.78295016766 0.0 0.435 0.48 1
190 8.50047531267 6.56195119312 0.0 0.435 0.48 1
198 8.10901020876 9.40486672731 0.0 0.435 0.48 1
200 12.5226740227 2.15247273362 0.0 0.435 0.48 1
201 13.185639118 2.38421139914 0.0 0.435 0.48 1
202 4.32947777011 1.6644134432 0.0 0.435 0.48 1
203 12.7203007607 0.912157754505 0.0 0.435 0.48 1
255 6.3038509635 5.84095993819 0.0 0.435 0.48 1
269 5.81304632786 8.75070021629 0.0 0.435 0.48 1
276 12.8699414536 4.96412383404 0.0 0.435 0.48 1
277 13.723167008 4.04409030614 0.0 0.435 0.48 1
280 1.60626971666 12.6811884578 0.0 0.435 0.48 1
281 1.3206685629 12.3625776252 0.0 0.435 0.48 1
282 14.0281309519 4.45410784205 0.0 0.435 0.48 1
284 3.31187896507 3.70256813275 0.0 0.435 0.48 1
285 3.8460394133 4.21974391873 0.0 0.435 0.48 1
286 14.2078681555 7.5819831771 0.0 0.435 0.48 1
287 13.8376600277 8.52230278797 0.0 0.435 0.48 1
288 11.8653914854 4.78751558225 0.0 0.435 0.48 1
289 11.5299101006 5.15099445722 0.0 0.435 0.48 1
290 13.3131809745 4.79849393304 0.0 0.435 0.48 1
291 12.642218205 7.27458935507 0.0 0.435 0.48 1
292 14.1687216451 8.63805279083 0.0 0.435 0.48 1
293 14.5940716317 7.62207802345 0.0 0.435 0.48 1
294 14.4846297746 8.03567545635 0.0 0.435 0.48 1
371 10.9176670967 2.17800933218 0.0 0.435 0.48 1
372 11.3249170838 2.82048151301 0.0 0.435 0.48 1
375 6.10138352804 10.4167842781 0.0 0.435 0.48 1
376 4.82386031262 10.3339693276 0.0 0.435 0.48 1
377 9.99351480035 9.09795022488 0.0 0.435 0.48 1
378 10.1568357254 8.57075072731 0.0 0.435 0.48 1
379 3.96810917688 11.5955250289 0.0 0.435 0.48 1
380 3.49919291263 11.7384822489 0.0 0.435 0.48 1
381 5.15828937181 9.39794559312 0.0 0.435 0.48 1
382 3.32955803428 12.9878663004 0.0 0.435 0.48 1
383 4.05692545314 12.2019595799 0.0 0.435 0.48 1
384 4.59361148269 12.3442008206 0.0 0.435 0.48 1
385 4.7775579885 10.5487631473 0.0 0.435 0.48 1
386 2.52221387375 6.08749551129 0.0 0.435 0.48 1
387 3.01070339319 6.29250427924 0.0 0.435 0.48 1
388 3.56675221282 6.30801716623 0.0 0.435 0.48 1
399 5.00696495799 12.0523198855 0.0 0.435 0.48 1
408 7.21726953928 11.3036440938 0.0 0.435 0.48 1
409 7.0821509389 13.0339276418 0.0 0.435 0.48 1
410 7.39153465005 12.0680714323 0.0 0.435 0.48 1
