29 15.0608832448 8.06001875592 0.0 0.435 0.48 1
94 6.48379863223 10.1175048893 0.0 0.435 0.48 1
95 5.91912074311 9.70390745635 0.0 0.435 0.48 1
100 12.9646507529 5.82329911301 0.0 0.435 0.48 1
101 3.42616151959 1.92240468669 0.0 0.435 0.48 1
102 1.83841273258 0.584000529899 0.0 0.435 0.48 1
103 1.68624645832 1.76393457968 0.0 0.435 0.48 1
104 1.6485732037 2.38397273934 0.0 0.435 0.48 1
105 4.28296498088 4.91925579169 0.0 0.435 0.48 1
106 7.72806836034 4.12618927725 0.0 0.435 0.48 1
107 2.13474760693 4.53119495736 0.0 0.435 0.48 1
108 1.85882784821 4.81710939742 0.0 0.435 0.48 1
158 8.89194041657 8.55666979913 0.0 0.435 0.48 1
159 8.52383693983 8.91752341629 0.0 0.435 0.48 1
160 8.4619601976 8.39175587752 0.0 0.435 0.48 1
164 6.36783235683 9.47312343003 0.0 0.435 0.48 1
165 9.0609438996 9.23995280571 0.0 0.435 0.48 1
166 8.83153693011 3.38538925894 0.0 0.435 0.48 1
167 11.5865252151 4.1631815462 0.0 0.435 0.48 1
168 4.19478009995 0.566817024319 0.0 0.435 0.48 1
171 14.671522792 0.248683511301 0.0 0.435 0.48 1
255 8.72462065442 5.5774795193 0.0 0.435 0.48 1
257 9.75000666851 3.39016245493 0.0 0.435 0.48 1
258 5.8467207454 10.3005569556 0.0 0.435 0.48 1
259 3.99294405982 5.74263210071 0.0 0.435 0.48 1
260 4.16784056591 6.14596716222 0.0 0.435 0.48 1
261 14.1697739706 3.31904183461 0.0 0.435 0.48 1
262 14.7294006971 3.07656347811 0.0 0.435 0.48 1
263 1.27899647119 3.33574802059 0.0 0.435 0.48 1
264 13.4070484134 6.28892438225 0.0 0.435 0.48 1
265 13.5634239898 7.10776615507 0.0 0.435 0.48 1
267 14.972908829 6.40061716852 0.0 0.435 0.48 1
358 6.07528585445 7.79248112044 0.0 0.435 0.48 1
359 5.25826029888 7.72207647953 0.0 0.435 0.48 1
360 5.5276556392 7.90632184491 0.0 0.435 0.48 1
362 3.47498942503 12.665436911 0.0 0.435 0.48 1
365 7.37995906902 12.182866796 0.0 0.435 0.48 1
366 6.92346024624 12.8742642357 0.0 0.435 0.48 1
397 12.605807741 4.48608825521 0.0 0.435 0.48 1
399 5.34539285427 10.8583049076 0.0 0.435 0.48 1
403 4.61907776095 9.68696261057 0.0 0.435 0.48 1
404 4.01567429166 10.6831286146 0.0 0.435 0.48 1
405 4.84027659117 12.2623405093 0.0 0.435 0.48 1
