123 9.555115977 8.95881156164 0.0 0.435 0.48 1
126 3.21169757289 9.52920848296 0.0 0.435 0.48 1
127 3.19380803857 9.17957187638 0.0 0.435 0.48 1
128 9.71001829768 3.52715317997 0.0 0.435 0.48 1
129 9.99625084677 2.62239387925 0.0 0.435 0.48 1
132 1.35392205022 9.04783166694 0.0 0.435 0.48 1
133 1.94069877586 9.18171981458 0.0 0.435 0.48 1
168 7.56685208637 8.47194557023 0.0 0.435 0.48 1
177 7.04258349829 8.48340124061 0.0 0.435 0.48 1
178 7.63525324699 8.80726258883 0.0 0.435 0.48 1
190 7.61083929428 9.12921465864 0.0 0.435 0.48 1
198 8.84437530179 12.9885822798 0.0 0.435 0.48 1
200 7.0777311716 7.01564347238 0.0 0.435 0.48 1
201 7.1762288429 7.53472853675 0.0 0.435 0.48 1
203 6.51200095692 6.97316202803 0.0 0.435 0.48 1
204 11.7946752085 5.09395476508 0.0 0.435 0.48 1
205 15.1446483584 5.56769446752 0.0 0.435 0.48 1
207 14.6483716299 0.751778369097 0.0 0.435 0.48 1
208 14.4050739632 0.174460313591 0.0 0.435 0.48 1
269 4.03651033751 9.29603785864 0.0 0.435 0.48 1
276 12.8061705254 4.43978825407 0.0 0.435 0.48 1
286 10.2105043284 5.55385219913 0.0 0.435 0.48 1
287 10.0280310783 6.05551509813 0.0 0.435 0.48 1
288 0.377784871778 3.36963771215 0.0 0.435 0.48 1
289 0.43818835824 3.89779184892 0.0 0.435 0.48 1
291 3.18475803885 5.25815270729 0.0 0.435 0.48 1
292 4.44481265018 10.1430414878 0.0 0.435 0.48 1
293 13.0970333069 8.56192031472 0.0 0.435 0.48 1
294 13.8410274694 8.9931785728 0.0 0.435 0.48 1
295 2.29954178777 3.0849165711 0.0 0.435 0.48 1
296 2.5297906177 2.73504130472 0.0 0.435 0.48 1
297 11.1325519736 9.26644404347 0.0 0.435 0.48 1
298 7.39153465005 3.9999382432 0.0 0.435 0.48 1
299 8.57371717082 3.81760215622 0.0 0.435 0.48 1
300 7.78720905614 3.72142225693 0.0 0.435 0.48 1
301 11.5261217286 8.96525537624 0.0 0.435 0.48 1
302 8.23928811162 7.09296924748 0.0 0.435 0.48 1
303 10.1471543304 4.79706197424 0.0 0.435 0.48 1
304 11.3628008036 4.10232329727 0.0 0.435 0.48 1
305 9.06431134135 3.56867998512 0.0 0.435 0.48 1
306 13.4731344578 5.31829497681 0.0 0.435 0.48 1
307 13.9736204885 5.17295115879 0.0 0.435 0.48 1
308 13.3138123698 10.0824218987 0.0 0.435 0.48 1
309 14.9712251081 5.04813208354 0.0 0.435 0.48 1
310 14.9430227834 6.30061871244 0.0 0.435 0.48 1
311 14.8188483687 8.31681670041 0.0 0.435 0.48 1
371 14.938392551 3.13694440743 0.0 0.435 0.48 1
372 14.4589530313 3.69922689556 0.0 0.435 0.48 1
375 7.51128929743 10.8540090312 0.0 0.435 0.48 1
376 7.10488117074 11.0411183141 0.0 0.435 0.48 1
378 11.8405566024 7.51277183518 0.0 0.435 0.48 1
379 6.45328119134 10.9015023313 0.0 0.435 0.48 1
380 6.54188700249 10.7117677905 0.0 0.435 0.48 1
382 4.14384754342 5.53094085836 0.0 0.435 0.48 1
387 12.1049007801 0.0348443307582 0.0 0.435 0.48 1
388 12.2073972885 1.1632278638 0.0 0.435 0.48 1
399 3.37754407927 13.4463317757 0.0 0.435 0.48 1
408 9.16533459397 8.4149058781 0.0 0.435 0.48 1
409 7.1522358204 12.5764168057 0.0 0.435 0.48 1
411 4.90383705427 10.5964951073 0.0 0.435 0.48 1
413 4.926356821 11.9370472023 0.0 0.435 0.48 1
414 7.92674742383 10.3041368526 0.0 0.435 0.48 1
