128 7.46393464776 9.47694198682 0.0 0.435 0.48 1
129 8.11216718541 8.96835795363 0.0 0.435 0.48 1
134 8.37167066557 3.49111555021 0.0 0.435 0.48 1
135 8.03871486215 4.0798892761 0.0 0.435 0.48 1
136 4.14616265962 3.35746606237 0.0 0.435 0.48 1
137 0.90499997139 4.494680008 0.0 0.435 0.48 1
168 6.01530329821 9.62180848525 0.0 0.435 0.48 1
177 5.61373586904 9.51369559598 0.0 0.435 0.48 1
178 5.49545447743 10.0506801453 0.0 0.435 0.48 1
190 7.02406256864 11.3325219296 0.0 0.435 0.48 1
200 3.46867547174 11.4158141997 0.0 0.435 0.48 1
201 3.70965802226 11.7220147227 0.0 0.435 0.48 1
203 3.95737545629 10.8444626392 0.0 0.435 0.48 1
207 11.3672205709 4.84073671759 0.0 0.435 0.48 1
208 11.8451868348 4.92450630729 0.0 0.435 0.48 1
209 8.6804229814 7.76169400628 0.0 0.435 0.48 1
210 14.0912704848 0.349159286981 0.0 0.435 0.48 1
269 3.60968709519 9.18482239197 0.0 0.435 0.48 1
276 12.4974182096 4.43429907868 0.0 0.435 0.48 1
286 0.396937196754 3.54696194334 0.0 0.435 0.48 1
287 0.694534861764 3.93860267467 0.0 0.435 0.48 1
293 13.5463763159 8.64736052302 0.0 0.435 0.48 1
297 9.30045319435 9.34281517938 0.0 0.435 0.48 1
301 8.06354974508 9.97836622602 0.0 0.435 0.48 1
306 11.8851752057 5.79537591644 0.0 0.435 0.48 1
307 13.9550995588 5.42569188669 0.0 0.435 0.48 1
311 12.3189437966 9.02277238797 0.0 0.435 0.48 1
312 12.3587217023 0.548917539341 0.0 0.435 0.48 1
313 12.5647670446 0.880416001143 0.0 0.435 0.48 1
314 10.9020926786 8.4962888698 0.0 0.435 0.48 1
315 13.1401786544 8.96692599483 0.0 0.435 0.48 1
316 14.3747669874 3.48610369441 0.0 0.435 0.48 1
317 14.637006514 8.58339969669 0.0 0.435 0.48 1
375 7.15455093661 11.0005461482 0.0 0.435 0.48 1
389 3.8155219724 12.5477776297 0.0 0.435 0.48 1
390 3.5160301214 12.6136477345 0.0 0.435 0.48 1
391 3.08205106536 9.49937600799 0.0 0.435 0.48 1
392 2.84380456126 9.71536312674 0.0 0.435 0.48 1
393 3.2973568725 10.8134368652 0.0 0.435 0.48 1
399 2.92862200044 13.5107699216 0.0 0.435 0.48 1
408 7.93453463288 9.50414920399 0.0 0.435 0.48 1
409 7.81877882259 10.023711588 0.0 0.435 0.48 1
414 9.52943923362 7.84379297738 0.0 0.435 0.48 1
