148 7.33260441935 11.5988662661 0.0 0.435 0.48 1
209 2.64049526536 12.4790436074 0.0 0.435 0.48 1
225 4.32442660748 10.5549683021 0.0 0.435 0.48 1
229 8.08691137225 13.4351147651 0.0 0.435 0.48 1
232 14.0108728129 2.4118959359 0.0 0.435 0.48 1
233 9.05189389988 4.01067793418 0.0 0.435 0.48 1
234 14.5696576789 1.65916292761 0.0 0.435 0.48 1
235 14.8291611591 2.98253151702 0.0 0.435 0.48 1
237 14.8483134841 0.76657527668 0.0 0.435 0.48 1
301 6.30553468438 11.1793023382 0.0 0.435 0.48 1
306 7.91664509856 6.9951187296 0.0 0.435 0.48 1
307 8.35630671257 7.10179966007 0.0 0.435 0.48 1
314 3.31966617412 13.3823709493 0.0 0.435 0.48 1
320 8.62001949493 12.680949798 0.0 0.435 0.48 1
332 5.56532889383 11.2370580097 0.0 0.435 0.48 1
333 5.39274750393 11.2809714129 0.0 0.435 0.48 1
335 9.73779969215 10.2996023164 0.0 0.435 0.48 1
336 6.4633835166 10.6571146964 0.0 0.435 0.48 1
341 9.10745668883 8.78053269126 0.0 0.435 0.48 1
342 8.50279042887 4.48465629642 0.0 0.435 0.48 1
343 14.4078100096 2.86582687496 0.0 0.435 0.48 1
344 14.4139134978 6.56314449212 0.0 0.435 0.48 1
345 14.7588658125 2.18970366237 0.0 0.435 0.48 1
389 8.57876833345 6.16768520399 0.0 0.435 0.48 1
390 9.43725551561 6.18152747238 0.0 0.435 0.48 1
414 3.5181347725 10.8182100612 0.0 0.435 0.48 1
