101 13.6450844524 5.01973156737 0.0 0.435 0.48 1
103 13.4325146916 4.19134340257 0.0 0.435 0.48 1
104 13.0336833089 4.77796919026 0.0 0.435 0.48 1
108 7.95473928341 6.15264963661 0.0 0.435 0.48 1
109 12.0192414805 5.11471816766 0.0 0.435 0.48 1
112 11.3339670836 5.17366713819 0.0 0.435 0.48 1
113 11.4966566133 4.83882743919 0.0 0.435 0.48 1
116 5.90102074368 12.1439652486 0.0 0.435 0.48 1
117 5.61268354349 8.52206412817 0.0 0.435 0.48 1
118 4.43891962711 5.72353931673 0.0 0.435 0.48 1
119 3.76669406697 3.18897224377 0.0 0.435 0.48 1
120 3.12435455239 5.62807539684 0.0 0.435 0.48 1
121 1.8520929647 5.05791713533 0.0 0.435 0.48 1
164 6.69152769543 9.78171055106 0.0 0.435 0.48 1
165 12.5620309982 9.15498991701 0.0 0.435 0.48 1
166 7.57590208608 5.85981406236 0.0 0.435 0.48 1
168 7.61083929428 5.05791713533 0.0 0.435 0.48 1
173 14.9897460377 9.39746827352 0.0 0.435 0.48 1
177 8.0574462569 5.11113827066 0.0 0.435 0.48 1
178 8.89425553277 5.79847849384 0.0 0.435 0.48 1
180 11.5288577751 8.27839247266 0.0 0.435 0.48 1
189 13.3079193467 5.64334962402 0.0 0.435 0.48 1
190 8.77639507138 5.10708105407 0.0 0.435 0.48 1
195 10.5198880395 1.6644134432 0.0 0.435 0.48 1
196 2.4599162013 2.12216293905 0.0 0.435 0.48 1
197 2.50453480454 1.5839850907 0.0 0.435 0.48 1
255 6.3825649145 6.13856870843 0.0 0.435 0.48 1
267 10.0918020065 9.27933167266 0.0 0.435 0.48 1
269 10.971967095 6.53927851215 0.0 0.435 0.48 1
270 11.8708635782 6.52734552216 0.0 0.435 0.48 1
272 14.1405193204 7.33759554219 0.0 0.435 0.48 1
273 6.80833583128 7.25239399369 0.0 0.435 0.48 1
274 6.77445094863 6.80395223003 0.0 0.435 0.48 1
276 14.7294006971 6.65598315421 0.0 0.435 0.48 1
277 14.2409111777 5.26197126408 0.0 0.435 0.48 1
279 9.46966714249 7.47816616422 0.0 0.435 0.48 1
280 10.7604496598 7.35716564577 0.0 0.435 0.48 1
281 10.5280961788 7.56790224891 0.0 0.435 0.48 1
282 14.978801852 4.9154372349 0.0 0.435 0.48 1
367 10.0198229391 8.52922392216 0.0 0.435 0.48 1
368 10.1437868886 8.11753576765 0.0 0.435 0.48 1
369 6.62102188371 11.0659389333 0.0 0.435 0.48 1
370 6.68437188171 11.4604435822 0.0 0.435 0.48 1
399 5.85450795445 11.8263090552 0.0 0.435 0.48 1
403 13.3714798098 8.65428165721 0.0 0.435 0.48 1
404 14.7378193015 8.1621651502 0.0 0.435 0.48 1
407 2.50221968834 4.46484753304 0.0 0.435 0.48 1
