26 2.54746968691 4.15673773161 0.0 0.435 0.48 1
27 2.94672199987 3.85387844577 0.0 0.435 0.48 1
28 2.19199411675 3.53097173676 0.0 0.435 0.48 1
29 13.8208228189 7.94212081486 0.0 0.435 0.48 1
30 13.6958065438 8.21109040914 0.0 0.435 0.48 1
56 3.01575455582 5.35290064777 0.0 0.435 0.48 1
70 0.372523244037 4.335016602 0.0 0.435 0.48 1
75 7.63630557254 11.9513667903 0.0 0.435 0.48 1
76 7.11456256578 11.7628255485 0.0 0.435 0.48 1
77 4.20930219251 7.44618575106 0.0 0.435 0.48 1
80 5.04063937553 8.47838938482 0.0 0.435 0.48 1
81 4.62328706314 7.95262184605 0.0 0.435 0.48 1
82 3.82351964657 11.9952801934 0.0 0.435 0.48 1
87 0.505116263101 1.96369283204 0.0 0.435 0.48 1
88 0.490173240318 0.978505178825 0.0 0.435 0.48 1
90 12.1385751977 10.9783507868 0.0 0.435 0.48 1
92 2.02046505241 8.13829917023 0.0 0.435 0.48 1
93 1.57848832219 2.65604491101 0.0 0.435 0.48 1
94 0.78692904489 3.74075370071 0.0 0.435 0.48 1
95 0.287705804858 4.05172741974 0.0 0.435 0.48 1
153 5.90291492967 0.582568571101 0.0 0.435 0.48 1
155 14.5557669817 5.29347435764 0.0 0.435 0.48 1
156 14.2238635038 4.44718670786 0.0 0.435 0.48 1
244 11.8750728804 11.0518580051 0.0 0.435 0.48 1
247 9.35201714621 7.34451667638 0.0 0.435 0.48 1
248 8.8094380936 7.59868936308 0.0 0.435 0.48 1
249 9.21142645298 7.70871153074 0.0 0.435 0.48 1
250 9.77673573743 6.63999294763 0.0 0.435 0.48 1
252 3.97863243236 1.72598767153 0.0 0.435 0.48 1
253 6.60250095406 3.26271812188 0.0 0.435 0.48 1
348 1.32593019064 5.36984549355 0.0 0.435 0.48 1
349 8.13237183593 11.5160513156 0.0 0.435 0.48 1
350 11.3398601066 7.02614450356 0.0 0.435 0.48 1
351 2.84927665411 9.1595244532 0.0 0.435 0.48 1
352 2.10549295669 9.43326724347 0.0 0.435 0.48 1
397 11.2922949918 7.36623471816 0.0 0.435 0.48 1
398 2.267340626 13.3403668246 0.0 0.435 0.48 1
399 3.42111035696 13.0184147548 0.0 0.435 0.48 1
