147 15.0166855718 5.78750014305 0.0 0.435 0.48 1
148 6.28827654539 6.61875222545 0.0 0.435 0.48 1
207 8.07870323298 12.6967013448 0.0 0.435 0.48 1
208 8.48174391791 12.7265338197 0.0 0.435 0.48 1
209 4.23455800567 12.0258286478 0.0 0.435 0.48 1
214 5.3329754128 10.3363559256 0.0 0.435 0.48 1
215 4.7512498498 10.488382218 0.0 0.435 0.48 1
216 4.89289286857 10.7279966569 0.0 0.435 0.48 1
225 4.66937892215 10.0509188051 0.0 0.435 0.48 1
228 10.2041903751 13.2222302237 0.0 0.435 0.48 1
229 8.60486600704 11.3399203834 0.0 0.435 0.48 1
301 6.29353817313 11.2599693505 0.0 0.435 0.48 1
306 7.92359044718 6.94762542946 0.0 0.435 0.48 1
307 8.38956019989 7.18437595077 0.0 0.435 0.48 1
314 3.60842430453 11.1785863588 0.0 0.435 0.48 1
320 8.8555299526 11.631085339 0.0 0.435 0.48 1
332 6.1026463187 10.6602172738 0.0 0.435 0.48 1
333 6.21524515235 10.3614152046 0.0 0.435 0.48 1
335 11.8214042774 9.20534713475 0.0 0.435 0.48 1
336 8.10290672058 9.64185590842 0.0 0.435 0.48 1
339 -0.384940685505 1.36036085837 0.0 0.435 0.48 1
341 11.6723949798 8.09152184948 0.0 0.435 0.48 1
342 14.3705576852 7.41754657509 0.0 0.435 0.48 1
345 14.6205902355 3.02716089957 0.0 0.435 0.48 1
389 8.48426949922 6.18725530757 0.0 0.435 0.48 1
390 9.17543691923 6.13689808983 0.0 0.435 0.48 1
414 4.04598126744 10.3506755136 0.0 0.435 0.48 1
