26 9.71969969273 4.79276609785 0.0 0.435 0.48 1
27 10.0050903814 3.97583360343 0.0 0.435 0.48 1
28 10.1012729365 4.30566144663 0.0 0.435 0.48 1
29 14.6652088387 8.18961102717 0.0 0.435 0.48 1
30 15.1160251035 8.02684504376 0.0 0.435 0.48 1
56 0.564467424016 4.26222536308 0.0 0.435 0.48 1
77 2.83475456155 12.7511157791 0.0 0.435 0.48 1
80 3.23548013027 13.8062307536 0.0 0.435 0.48 1
81 3.37838593971 13.1792714598 0.0 0.435 0.48 1
94 6.32174049782 9.69579302316 0.0 0.435 0.48 1
95 5.89302306951 6.8256702718 0.0 0.435 0.48 1
96 10.2837461865 2.09280778369 0.0 0.435 0.48 1
97 10.123371773 1.65868560801 0.0 0.435 0.48 1
98 2.5211615482 2.830027905 0.0 0.435 0.48 1
99 2.58787898796 2.07538561831 0.0 0.435 0.48 1
101 0.317591850425 1.5823144721 0.0 0.435 0.48 1
158 11.158228717 5.54239652875 0.0 0.435 0.48 1
159 9.3736950525 5.93165066208 0.0 0.435 0.48 1
160 10.8553694243 5.14168672503 0.0 0.435 0.48 1
162 15.1997902172 6.18606200857 0.0 0.435 0.48 1
164 5.03306263158 5.51137075478 0.0 0.435 0.48 1
165 5.98920562461 3.78776968125 0.0 0.435 0.48 1
247 3.25526385058 11.9329899857 0.0 0.435 0.48 1
248 3.42132082207 11.964731739 0.0 0.435 0.48 1
249 3.57559174743 12.1921745282 0.0 0.435 0.48 1
250 3.88244987726 11.5172446146 0.0 0.435 0.48 1
254 4.49174636963 3.64839235822 0.0 0.435 0.48 1
255 9.95710433638 5.62735941744 0.0 0.435 0.48 1
257 11.5642159135 1.47515622203 0.0 0.435 0.48 1
258 9.9158531749 7.2428476017 0.0 0.435 0.48 1
259 11.5865252151 6.4944104698 0.0 0.435 0.48 1
260 11.9468414828 6.68891820657 0.0 0.435 0.48 1
261 14.358561174 3.01546656938 0.0 0.435 0.48 1
262 14.9381820859 2.78683048125 0.0 0.435 0.48 1
263 14.3261495471 7.21110584834 0.0 0.435 0.48 1
349 12.0181891549 2.57609387811 0.0 0.435 0.48 1
350 12.171828685 4.15100989642 0.0 0.435 0.48 1
351 12.671051925 5.85862076337 0.0 0.435 0.48 1
352 11.7229066061 6.09632592388 0.0 0.435 0.48 1
353 12.6699995995 5.48917539341 0.0 0.435 0.48 1
354 11.5315938215 5.70301457395 0.0 0.435 0.48 1
355 2.52558131551 6.73020635192 0.0 0.435 0.48 1
356 2.84738246812 6.64667542202 0.0 0.435 0.48 1
357 2.75583014544 7.88317184433 0.0 0.435 0.48 1
358 3.24894989729 11.5795348223 0.0 0.435 0.48 1
359 2.90294525706 11.9482642129 0.0 0.435 0.48 1
360 3.05216501979 12.0024399874 0.0 0.435 0.48 1
361 11.2382054587 9.29937909583 0.0 0.435 0.48 1
397 11.3324938278 7.13592801143 0.0 0.435 0.48 1
399 3.68040337202 12.5845312389 0.0 0.435 0.48 1
