18 14.6416367464 7.5774486409 0.0 0.435 0.48 1
26 3.19906966631 4.34671093218 0.0 0.435 0.48 1
27 3.54023360901 4.05220473933 0.0 0.435 0.48 1
28 3.00986153275 3.5825222535 0.0 0.435 0.48 1
29 13.7637867742 7.73544142831 0.0 0.435 0.48 1
30 13.869019329 7.9996378266 0.0 0.435 0.48 1
33 10.9027240739 4.95839599885 0.0 0.435 0.48 1
34 11.4928682413 5.01686764978 0.0 0.435 0.48 1
35 14.0788530433 2.30593098483 0.0 0.435 0.48 1
55 6.99564977884 11.700296681 0.0 0.435 0.48 1
56 3.9620056887 5.48320889842 0.0 0.435 0.48 1
60 10.4119194383 4.5813135153 0.0 0.435 0.48 1
61 9.59468341761 4.81496145922 0.0 0.435 0.48 1
70 5.97026376475 6.61397902946 0.0 0.435 0.48 1
74 0.180789529168 0.314553616022 0.0 0.435 0.48 1
75 6.73046374071 10.8771590317 0.0 0.435 0.48 1
76 6.1245346901 10.9544848068 0.0 0.435 0.48 1
77 5.17302192949 6.2447723193 0.0 0.435 0.48 1
79 1.71381738768 5.09371610528 0.0 0.435 0.48 1
80 5.05537193321 7.78508266665 0.0 0.435 0.48 1
81 5.16060448802 7.37458781115 0.0 0.435 0.48 1
82 4.96823937782 10.1948306644 0.0 0.435 0.48 1
83 6.848113737 11.3353858472 0.0 0.435 0.48 1
84 2.22608946451 12.8974142363 0.0 0.435 0.48 1
86 1.89418598663 12.48787402 0.0 0.435 0.48 1
87 6.54104514205 3.02119440457 0.0 0.435 0.48 1
88 6.60144862851 1.97347788383 0.0 0.435 0.48 1
90 10.7711833804 11.1442193476 0.0 0.435 0.48 1
91 6.25523352318 9.1635816698 0.0 0.435 0.48 1
92 3.11130571559 5.61017591186 0.0 0.435 0.48 1
153 6.18367538591 0.705478367953 0.0 0.435 0.48 1
154 5.76737539907 1.06657064492 0.0 0.435 0.48 1
242 10.4180229265 10.835154907 0.0 0.435 0.48 1
243 12.1318403141 11.009137901 0.0 0.435 0.48 1
244 9.99877642809 10.5029404658 0.0 0.435 0.48 1
245 5.28583122825 4.06461504892 0.0 0.435 0.48 1
246 5.40769052672 3.56939596451 0.0 0.435 0.48 1
247 12.4384879789 6.44381459226 0.0 0.435 0.48 1
248 12.5016275118 6.8333073854 0.0 0.435 0.48 1
249 12.8890937786 6.49083057281 0.0 0.435 0.48 1
250 12.8684681978 5.94883416766 0.0 0.435 0.48 1
252 12.0718577579 4.14671402002 0.0 0.435 0.48 1
253 13.5596356178 5.02569806237 0.0 0.435 0.48 1
348 4.47112078888 9.75832189068 0.0 0.435 0.48 1
350 10.8408473317 7.96049761944 0.0 0.435 0.48 1
397 10.8389531457 7.4118187399 0.0 0.435 0.48 1
398 4.03608940729 11.5127100784 0.0 0.435 0.48 1
399 3.35460338232 13.2358338323 0.0 0.435 0.48 1
