140 2.71710456527 13.8014575576 0.0 0.435 0.48 1
144 7.55696022621 1.37993096194 0.0 0.435 0.48 1
145 8.41123810618 2.31714799542 0.0 0.435 0.48 1
146 9.01737762191 2.70258357196 0.0 0.435 0.48 1
147 7.38374744099 1.75582014649 0.0 0.435 0.48 1
207 8.67684507453 9.0821986781 0.0 0.435 0.48 1
208 9.13481715308 9.06048063632 0.0 0.435 0.48 1
209 6.67868932375 11.826547715 0.0 0.435 0.48 1
214 3.89718243494 9.53445899855 0.0 0.435 0.48 1
215 3.85214290148 8.61585742946 0.0 0.435 0.48 1
216 3.33271501092 9.78887034505 0.0 0.435 0.48 1
218 8.05260555938 11.0427889327 0.0 0.435 0.48 1
220 8.65011600561 10.787422947 0.0 0.435 0.48 1
224 11.052575232 4.75577382889 0.0 0.435 0.48 1
225 7.17475558713 6.63140119484 0.0 0.435 0.48 1
226 10.7804438452 3.34791967038 0.0 0.435 0.48 1
228 12.2741147283 6.45001974706 0.0 0.435 0.48 1
229 12.1341554304 4.52880835936 0.0 0.435 0.48 1
301 6.64606723175 11.5852626575 0.0 0.435 0.48 1
306 7.86907998379 6.94762542946 0.0 0.435 0.48 1
307 8.29064159837 7.19368368296 0.0 0.435 0.48 1
311 12.3690344927 7.4161146163 0.0 0.435 0.48 1
314 3.50676965658 10.6845605734 0.0 0.435 0.48 1
320 10.0478147986 9.20272187695 0.0 0.435 0.48 1
323 2.33026969377 13.2028987799 0.0 0.435 0.48 1
324 0.446606962625 3.00496553819 0.0 0.435 0.48 1
326 0.69684997797 2.52597532017 0.0 0.435 0.48 1
327 10.1359996796 2.73504130472 0.0 0.435 0.48 1
328 6.76813699534 3.97774288182 0.0 0.435 0.48 1
329 9.46398458453 5.37247075135 0.0 0.435 0.48 1
330 9.55259039568 5.83857334019 0.0 0.435 0.48 1
331 9.43662412028 4.95935063805 0.0 0.435 0.48 1
332 11.1253961599 7.42542234848 0.0 0.435 0.48 1
333 11.2270508079 7.83400792559 0.0 0.435 0.48 1
334 11.8996972982 8.69580846236 0.0 0.435 0.48 1
335 13.7465286352 7.98937545521 0.0 0.435 0.48 1
336 13.1405995846 5.67723931558 0.0 0.435 0.48 1
337 14.782858835 4.995149608 0.0 0.435 0.48 1
338 15.0406785943 4.7502846535 0.0 0.435 0.48 1
339 15.0385739432 5.94071973447 0.0 0.435 0.48 1
389 6.84790327189 7.5781646203 0.0 0.435 0.48 1
390 5.11261844302 7.78579864605 0.0 0.435 0.48 1
396 12.5100461161 7.9091857625 0.0 0.435 0.48 1
414 6.94808466407 8.7442564017 0.0 0.435 0.48 1
