138 10.0880136346 13.7441792057 0.0 0.435 0.48 1
139 3.49919291263 12.9169843399 0.0 0.435 0.48 1
140 3.23106036297 12.5496869081 0.0 0.435 0.48 1
142 11.5048647526 5.04622280514 0.0 0.435 0.48 1
143 11.935686832 4.63000011444 0.0 0.435 0.48 1
144 5.47693354779 1.64961653562 0.0 0.435 0.48 1
145 5.70802423815 2.13075469184 0.0 0.435 0.48 1
146 6.50021491078 2.55007995994 0.0 0.435 0.48 1
147 4.12658940443 1.10308559428 0.0 0.435 0.48 1
207 11.42320429 7.15072491901 0.0 0.435 0.48 1
208 11.9950379929 7.06862594791 0.0 0.435 0.48 1
209 7.89538812249 11.5504183267 0.0 0.435 0.48 1
212 2.29701620645 1.46346189184 0.0 0.435 0.48 1
213 2.19241504697 2.71069800515 0.0 0.435 0.48 1
214 4.54478357725 7.0812749173 0.0 0.435 0.48 1
215 5.16797076685 6.66934810299 0.0 0.435 0.48 1
216 4.25581498174 6.83927388039 0.0 0.435 0.48 1
218 8.15110323069 9.65498219741 0.0 0.435 0.48 1
220 9.13481715308 7.35549502717 0.0 0.435 0.48 1
221 12.6489530885 5.15505167381 0.0 0.435 0.48 1
222 2.82023246898 0.644381459226 0.0 0.435 0.48 1
223 12.7695495963 2.87847584434 0.0 0.435 0.48 1
224 12.8539461053 3.45054338426 0.0 0.435 0.48 1
225 11.5658996344 3.18205110958 0.0 0.435 0.48 1
226 12.841949594 1.7462737545 0.0 0.435 0.48 1
227 13.3691646936 2.09877427868 0.0 0.435 0.48 1
228 14.880725111 4.31449185922 0.0 0.435 0.48 1
269 3.28620222169 9.07026568811 0.0 0.435 0.48 1
301 6.49495328304 10.9365853219 0.0 0.435 0.48 1
306 7.77668580066 7.05239708153 0.0 0.435 0.48 1
307 8.24286601848 7.19821821916 0.0 0.435 0.48 1
311 10.9852263969 9.09985950327 0.0 0.435 0.48 1
314 6.88389280563 10.791002844 0.0 0.435 0.48 1
320 10.3481485101 9.00177032559 0.0 0.435 0.48 1
321 5.11998472186 4.05793257453 0.0 0.435 0.48 1
322 5.29866959993 3.69230576137 0.0 0.435 0.48 1
323 4.87226728783 10.1907734478 0.0 0.435 0.48 1
324 8.60991716967 5.05433723833 0.0 0.435 0.48 1
325 6.11043352776 3.31737121602 0.0 0.435 0.48 1
326 8.8422706507 4.54050268955 0.0 0.435 0.48 1
327 9.28887761332 5.72067539913 0.0 0.435 0.48 1
328 11.3204973165 5.9989527256 0.0 0.435 0.48 1
329 13.6741286375 6.88175532474 0.0 0.435 0.48 1
330 13.9658332794 7.11611924806 0.0 0.435 0.48 1
331 14.0851669966 6.51923108897 0.0 0.435 0.48 1
332 14.2476460612 5.88845323833 0.0 0.435 0.48 1
333 14.6115402358 6.24095376251 0.0 0.435 0.48 1
389 5.61857656656 8.40535948611 0.0 0.435 0.48 1
390 4.63970334169 8.59175278968 0.0 0.435 0.48 1
395 1.92112552066 6.13928468783 0.0 0.435 0.48 1
396 8.2081392754 8.42469092988 0.0 0.435 0.48 1
399 1.3185639118 11.2024523387 0.0 0.435 0.48 1
414 10.6358543149 8.02517442516 0.0 0.435 0.48 1
415 14.112948391 7.44021925607 0.0 0.435 0.48 1
