108 8.00104160752 5.84143725779 0.0 0.435 0.48 1
116 7.03227070792 12.0482626689 0.0 0.435 0.48 1
120 9.01864041256 9.81703220141 0.0 0.435 0.48 1
121 8.56635089198 10.185761592 0.0 0.435 0.48 1
123 8.52215321896 9.21584816593 0.0 0.435 0.48 1
124 12.7331391323 6.29799345464 0.0 0.435 0.48 1
125 6.23986957018 4.01759906838 0.0 0.435 0.48 1
126 6.41392421584 3.45913513705 0.0 0.435 0.48 1
127 6.37056840326 2.80807120343 0.0 0.435 0.48 1
164 6.67721606798 9.88863014133 0.0 0.435 0.48 1
166 7.5173927856 5.83570942259 0.0 0.435 0.48 1
168 8.43944043087 5.5765248801 0.0 0.435 0.48 1
177 8.20435090342 6.36243160056 0.0 0.435 0.48 1
178 8.86121251056 6.64548212302 0.0 0.435 0.48 1
180 14.9798541776 8.11443319026 0.0 0.435 0.48 1
190 8.69789158549 6.13952334763 0.0 0.435 0.48 1
198 11.9123252048 4.86865991415 0.0 0.435 0.48 1
255 6.33478933462 5.95790324005 0.0 0.435 0.48 1
269 10.1143217733 6.45169036565 0.0 0.435 0.48 1
270 10.7983333796 7.05788625693 0.0 0.435 0.48 1
272 7.89749277359 10.2275270569 0.0 0.435 0.48 1
276 14.5020983787 6.56505377052 0.0 0.435 0.48 1
277 13.782728634 4.07296814191 0.0 0.435 0.48 1
279 5.70507772662 8.2440254615 0.0 0.435 0.48 1
280 4.77882077916 10.4652322174 0.0 0.435 0.48 1
281 4.62181380738 9.62920693904 0.0 0.435 0.48 1
282 14.1796658308 4.38728309813 0.0 0.435 0.48 1
283 5.23784518325 0.0276845367668 0.0 0.435 0.48 1
284 12.413863561 5.2464583771 0.0 0.435 0.48 1
285 12.5858135556 5.70396921315 0.0 0.435 0.48 1
286 13.7566309605 7.5774486409 0.0 0.435 0.48 1
287 14.3558251276 8.51848423117 0.0 0.435 0.48 1
369 2.34310806546 3.54004080915 0.0 0.435 0.48 1
370 1.78832203649 3.92237380829 0.0 0.435 0.48 1
371 5.20543355637 5.3340465236 0.0 0.435 0.48 1
372 5.65835447228 5.82329911301 0.0 0.435 0.48 1
373 15.0804565 5.85289292817 0.0 0.435 0.48 1
374 14.5738669811 6.25479603089 0.0 0.435 0.48 1
375 3.67429988384 12.4119802037 0.0 0.435 0.48 1
376 3.29925105849 12.4921698964 0.0 0.435 0.48 1
377 4.27538823693 10.5895739731 0.0 0.435 0.48 1
378 5.79726144464 9.44352961486 0.0 0.435 0.48 1
381 10.6718438487 9.02277238797 0.0 0.435 0.48 1
399 5.1909114638 12.0523198855 0.0 0.435 0.48 1
