1 7.70912650047 3.23885214191 0.0 0.435 0.48 1
2 7.78510440505 2.6658299628 0.0 0.435 0.48 1
3 7.71144161668 2.05104231874 0.0 0.435 0.48 1
4 12.0198728758 5.37509600915 0.0 0.435 0.48 1
5 8.89425553277 1.57515467811 0.0 0.435 0.48 1
6 8.93487529893 0.727673729326 0.0 0.435 0.48 1
7 4.85353589307 2.08684128869 0.0 0.435 0.48 1
8 4.52563125228 1.61071498827 0.0 0.435 0.48 1
9 5.32792425017 3.07131296251 0.0 0.435 0.48 1
10 2.71836735592 4.81520011902 0.0 0.435 0.48 1
11 9.15523226871 5.51304137338 0.0 0.435 0.48 1
12 5.13808472129 4.92259702889 0.0 0.435 0.48 1
13 3.42384640339 4.95648672045 0.0 0.435 0.48 1
14 3.41900570587 4.40947845951 0.0 0.435 0.48 1
15 3.6296812806 4.03167999656 0.0 0.435 0.48 1
16 3.30872198842 3.42858668268 0.0 0.435 0.48 1
17 4.52121148498 4.72260011673 0.0 0.435 0.48 1
18 4.03398475619 3.28300420486 0.0 0.435 0.48 1
19 3.73786034695 2.45819593705 0.0 0.435 0.48 1
20 3.14519059824 1.22766600973 0.0 0.435 0.48 1
21 0.439661614008 0.734594863518 0.0 0.435 0.48 1
22 11.3897403376 4.06771762632 0.0 0.435 0.48 1
23 11.7005973045 4.23740474391 0.0 0.435 0.48 1
25 6.19125212985 9.06907238911 0.0 0.435 0.48 1
26 5.82988353663 10.0618971559 0.0 0.435 0.48 1
27 5.66845679754 10.634919335 0.0 0.435 0.48 1
28 5.52933936008 10.3857585041 0.0 0.435 0.48 1
29 4.69337194465 11.1120002747 0.0 0.435 0.48 1
30 4.95161263416 10.8203579994 0.0 0.435 0.48 1
31 5.02632774808 8.86883681715 0.0 0.435 0.48 1
32 4.40314055848 9.20797239254 0.0 0.435 0.48 1
33 7.61378580581 10.972145632 0.0 0.435 0.48 1
34 7.42562999781 11.3738100749 0.0 0.435 0.48 1
35 7.76974045205 12.2905023656 0.0 0.435 0.48 1
36 7.58347883003 10.6988801614 0.0 0.435 0.48 1
37 14.2169181552 6.37221665235 0.0 0.435 0.48 1
38 13.0667263311 6.79345119884 0.0 0.435 0.48 1
39 13.9725681629 6.56051923432 0.0 0.435 0.48 1
40 8.55919507825 4.65338877481 0.0 0.435 0.48 1
41 8.29695555166 4.2498150535 0.0 0.435 0.48 1
42 6.22892538448 6.14453520342 0.0 0.435 0.48 1
43 13.2338356281 6.12997695564 0.0 0.435 0.48 1
44 13.9618344423 6.09680324348 0.0 0.435 0.48 1
45 14.3657169877 7.28294244806 0.0 0.435 0.48 1
46 6.78392187856 8.8304125894 0.0 0.435 0.48 1
47 7.08130907846 9.03351207895 0.0 0.435 0.48 1
48 14.8718855764 7.40585224491 0.0 0.435 0.48 1
49 4.83122659145 9.81202034562 0.0 0.435 0.48 1
50 4.51005683417 9.84256879998 0.0 0.435 0.48 1
51 5.58826959078 9.3296888904 0.0 0.435 0.48 1
52 7.6112602245 9.87860642974 0.0 0.435 0.48 1
53 6.52273467751 10.1301538586 0.0 0.435 0.48 1
54 6.20914166417 10.0408950935 0.0 0.435 0.48 1
55 13.1119763297 7.72470173733 0.0 0.435 0.48 1
56 11.4282554527 7.36480275936 0.0 0.435 0.48 1
57 0.200152319254 3.87249391015 0.0 0.435 0.48 1
58 1.08515810523 4.9118573379 0.0 0.435 0.48 1
59 0.91068252935 4.24050732131 0.0 0.435 0.48 1
60 7.97010323641 11.5244044086 0.0 0.435 0.48 1
61 7.75037766196 11.7592456515 0.0 0.435 0.48 1
62 2.44202666699 12.483100824 0.0 0.435 0.48 1
63 3.72944174256 11.1501858426 0.0 0.435 0.48 1
64 4.00409871063 11.154481719 0.0 0.435 0.48 1
65 4.42839637163 10.7602157299 0.0 0.435 0.48 1
66 4.96045216876 10.4540152068 0.0 0.435 0.48 1
67 7.87055323956 13.0208013528 0.0 0.435 0.48 1
68 3.20033245697 12.5434817533 0.0 0.435 0.48 1
69 3.47477895992 12.9682961968 0.0 0.435 0.48 1
71 13.7762042156 7.62374864205 0.0 0.435 0.48 1
72 14.1403088553 8.04927906494 0.0 0.435 0.48 1
82 9.69928457709 8.9931785728 0.0 0.435 0.48 1
83 13.6238274763 8.47552546722 0.0 0.435 0.48 1
400 7.49824046063 12.6776085608 0.0 0.435 0.48 1
401 7.38774627808 12.311504428 0.0 0.435 0.48 1
402 7.40521488217 11.9833472034 0.0 0.435 0.48 1
