128 7.51802418093 11.7974312194 0.0 0.435 0.48 1
129 7.62578231706 11.2408765665 0.0 0.435 0.48 1
134 11.9304252042 4.63906918683 0.0 0.435 0.48 1
135 11.5408542863 4.78154908726 0.0 0.435 0.48 1
136 10.2138717701 5.56602384892 0.0 0.435 0.48 1
137 5.4379975025 7.27339605607 0.0 0.435 0.48 1
138 5.4401021536 6.8263862512 0.0 0.435 0.48 1
139 3.30051384915 4.28465938426 0.0 0.435 0.48 1
140 2.90757548948 4.15888566981 0.0 0.435 0.48 1
141 2.49758945593 1.12957683204 0.0 0.435 0.48 1
168 4.93540682072 10.5129641774 0.0 0.435 0.48 1
177 4.49448241605 10.3208430386 0.0 0.435 0.48 1
178 3.92412196897 10.9509049099 0.0 0.435 0.48 1
190 7.13118930944 12.9453848561 0.0 0.435 0.48 1
200 1.14366740571 12.7200900051 0.0 0.435 0.48 1
201 1.6814057608 13.0021858884 0.0 0.435 0.48 1
203 1.8017918035 12.4410966993 0.0 0.435 0.48 1
207 11.3318624325 5.52043982717 0.0 0.435 0.48 1
208 11.7123833507 5.40564446351 0.0 0.435 0.48 1
209 10.3506740914 9.77168683947 0.0 0.435 0.48 1
210 9.83019387528 2.28469026266 0.0 0.435 0.48 1
211 3.34071268509 5.85360890757 0.0 0.435 0.48 1
212 14.4799995422 0.744618575106 0.0 0.435 0.48 1
213 14.8714646461 1.28398972246 0.0 0.435 0.48 1
269 3.53034174886 9.15666053561 0.0 0.435 0.48 1
276 12.5580321611 4.331436705 0.0 0.435 0.48 1
297 7.6855544082 10.5559229413 0.0 0.435 0.48 1
301 7.30103465291 10.4399342787 0.0 0.435 0.48 1
306 8.12689974308 6.63879964863 0.0 0.435 0.48 1
307 10.1414717724 6.40181046751 0.0 0.435 0.48 1
311 12.2086600792 9.12826001944 0.0 0.435 0.48 1
314 10.3012147906 9.19269816536 0.0 0.435 0.48 1
315 13.8151402609 9.26167084748 0.0 0.435 0.48 1
316 8.92792995031 3.85101452818 0.0 0.435 0.48 1
317 14.6881495357 3.10377069527 0.0 0.435 0.48 1
318 13.8934332817 6.56314449212 0.0 0.435 0.48 1
375 6.96976257036 11.2248863599 0.0 0.435 0.48 1
389 4.3686242805 11.4602049224 0.0 0.435 0.48 1
390 4.08681149871 11.6031621425 0.0 0.435 0.48 1
391 5.79494632843 10.2812255119 0.0 0.435 0.48 1
392 5.59879284626 10.4120110821 0.0 0.435 0.48 1
393 3.03174990416 12.5587559805 0.0 0.435 0.48 1
394 4.30758939871 8.56096567552 0.0 0.435 0.48 1
399 3.26873361759 12.8301121728 0.0 0.435 0.48 1
408 9.60920551017 8.23376309011 0.0 0.435 0.48 1
409 9.15607412915 8.38006154734 0.0 0.435 0.48 1
414 9.47556016556 8.09987494247 0.0 0.435 0.48 1
