26 2.5386301523 4.11640422546 0.0 0.435 0.48 1
27 2.92462316336 3.88347226094 0.0 0.435 0.48 1
28 2.31658946165 3.48395575622 0.0 0.435 0.48 1
29 13.805669331 7.88699040113 0.0 0.435 0.48 1
30 13.7421088679 8.15452803661 0.0 0.435 0.48 1
33 13.003165868 1.00380311759 0.0 0.435 0.48 1
34 13.6295100342 1.04270466495 0.0 0.435 0.48 1
56 3.03069757861 5.36984549355 0.0 0.435 0.48 1
60 12.2395984503 0.560850529327 0.0 0.435 0.48 1
61 11.8100391615 0.226726809728 0.0 0.435 0.48 1
70 2.07223946937 4.60398619627 0.0 0.435 0.48 1
75 7.22463581812 11.7117523513 0.0 0.435 0.48 1
76 6.88957536359 11.4971971914 0.0 0.435 0.48 1
77 4.31453474732 7.12805223804 0.0 0.435 0.48 1
80 4.91078240289 7.97481720742 0.0 0.435 0.48 1
81 4.59361148269 7.56503833132 0.0 0.435 0.48 1
82 4.19057079775 11.5878879153 0.0 0.435 0.48 1
87 2.00004993677 2.13528922804 0.0 0.435 0.48 1
88 2.31090690369 0.978505178825 0.0 0.435 0.48 1
90 11.8912786938 10.9843172818 0.0 0.435 0.48 1
91 7.94737300457 10.4206028349 0.0 0.435 0.48 1
92 2.70552898424 7.81610844062 0.0 0.435 0.48 1
153 5.96352888124 0.496651043204 0.0 0.435 0.48 1
155 14.3726623363 4.06461504892 0.0 0.435 0.48 1
156 13.9201623506 3.06725574592 0.0 0.435 0.48 1
244 11.3745868497 10.9752482094 0.0 0.435 0.48 1
245 -0.270868596088 2.21476294134 0.0 0.435 0.48 1
247 10.3233136271 6.87340223175 0.0 0.435 0.48 1
248 9.74200899435 6.96504759484 0.0 0.435 0.48 1
249 10.3163682785 7.17626151758 0.0 0.435 0.48 1
250 10.8366380295 6.25551201029 0.0 0.435 0.48 1
252 6.61491839553 1.67061859799 0.0 0.435 0.48 1
253 8.90961948578 3.63550472903 0.0 0.435 0.48 1
348 2.70700224 6.68319037138 0.0 0.435 0.48 1
349 8.07596718655 12.2768987571 0.0 0.435 0.48 1
350 10.9521833747 7.47458626723 0.0 0.435 0.48 1
397 11.3217601072 7.43711667867 0.0 0.435 0.48 1
398 2.91641502408 12.8351240286 0.0 0.435 0.48 1
399 3.36891500978 13.0382235181 0.0 0.435 0.48 1
