26 8.5034218242 4.95672538025 0.0 0.435 0.48 1
27 8.1841462529 3.97487896423 0.0 0.435 0.48 1
28 8.23402648388 4.64479702202 0.0 0.435 0.48 1
29 14.6262727934 8.19510020256 0.0 0.435 0.48 1
30 15.078562314 8.05882545692 0.0 0.435 0.48 1
56 1.43579297787 4.71758826094 0.0 0.435 0.48 1
77 3.32661152274 12.348496697 0.0 0.435 0.48 1
80 3.4613091929 13.3406054844 0.0 0.435 0.48 1
81 3.74522662579 12.663050313 0.0 0.435 0.48 1
94 6.43854863366 9.48959095621 0.0 0.435 0.48 1
95 5.33150215703 5.662442408 0.0 0.435 0.48 1
96 8.62906949465 2.48206191702 0.0 0.435 0.48 1
97 8.53562298597 1.94579334706 0.0 0.435 0.48 1
98 1.04790578083 3.31235936022 0.0 0.435 0.48 1
99 0.0894476715909 1.89137891273 0.0 0.435 0.48 1
158 11.5545345184 5.17891765378 0.0 0.435 0.48 1
159 10.0572857286 4.95052022546 0.0 0.435 0.48 1
160 11.2893484803 4.59658774248 0.0 0.435 0.48 1
162 14.7325576738 5.02617538197 0.0 0.435 0.48 1
163 15.1452797538 4.83787279999 0.0 0.435 0.48 1
164 4.98802309813 3.58777276909 0.0 0.435 0.48 1
165 5.82041260669 1.96273819284 0.0 0.435 0.48 1
247 3.78416267107 11.3458868784 0.0 0.435 0.48 1
248 3.99504871091 11.4050745087 0.0 0.435 0.48 1
249 4.11143591653 11.662111113 0.0 0.435 0.48 1
250 4.4648068356 10.9294255279 0.0 0.435 0.48 1
254 6.46654049324 3.55961091273 0.0 0.435 0.48 1
255 10.7779182639 5.44454601086 0.0 0.435 0.48 1
256 11.8230879983 0.140331962232 0.0 0.435 0.48 1
257 12.1192124076 2.84745007038 0.0 0.435 0.48 1
258 11.3651159198 6.70037387696 0.0 0.435 0.48 1
259 12.9966414496 6.38558160113 0.0 0.435 0.48 1
260 13.141441445 7.01015429698 0.0 0.435 0.48 1
261 14.6281669794 2.43695521487 0.0 0.435 0.48 1
349 11.0797252311 4.30924134363 0.0 0.435 0.48 1
350 11.9895659 5.51566663118 0.0 0.435 0.48 1
351 10.9589182582 6.23140737052 0.0 0.435 0.48 1
352 10.6550066399 6.48390943861 0.0 0.435 0.48 1
353 10.9559717467 5.8261630306 0.0 0.435 0.48 1
354 10.1393671213 6.29942541344 0.0 0.435 0.48 1
355 3.33250454581 8.26574350328 0.0 0.435 0.48 1
356 3.72333825439 8.14689092302 0.0 0.435 0.48 1
357 3.42931849624 9.18171981458 0.0 0.435 0.48 1
358 2.72278712323 12.0449214317 0.0 0.435 0.48 1
359 2.60176968519 12.4162760801 0.0 0.435 0.48 1
360 2.92862200044 12.4773729888 0.0 0.435 0.48 1
361 11.8045670687 10.7217915021 0.0 0.435 0.48 1
397 11.2986089451 7.13592801143 0.0 0.435 0.48 1
399 3.5311836093 12.6088745385 0.0 0.435 0.48 1
