108 7.8497171937 5.8271176698 0.0 0.435 0.48 1
116 9.32718226327 13.4126807439 0.0 0.435 0.48 1
123 6.98828350001 11.2034069779 0.0 0.435 0.48 1
125 6.68037304462 8.14808422202 0.0 0.435 0.48 1
126 8.4072392691 8.88554300313 0.0 0.435 0.48 1
127 8.18330439246 8.48029866322 0.0 0.435 0.48 1
128 6.34678584587 1.77324231187 0.0 0.435 0.48 1
129 8.42618112897 0.0670634037195 0.0 0.435 0.48 1
130 7.41384395167 0.85822063977 0.0 0.435 0.48 1
131 8.35988461944 0.617651561658 0.0 0.435 0.48 1
132 4.53426032177 6.92113419169 0.0 0.435 0.48 1
133 4.48122311415 6.63283315364 0.0 0.435 0.48 1
166 7.45698929914 5.81088880342 0.0 0.435 0.48 1
168 8.12247997578 7.00466512159 0.0 0.435 0.48 1
177 7.7337509183 7.18175069298 0.0 0.435 0.48 1
178 8.24497066958 7.66790070499 0.0 0.435 0.48 1
190 7.9503195161 7.45382286465 0.0 0.435 0.48 1
198 6.84790327189 10.8773976915 0.0 0.435 0.48 1
200 10.8389531457 4.48680423461 0.0 0.435 0.48 1
201 11.2051624365 4.89586713132 0.0 0.435 0.48 1
202 9.25604505622 4.56341403032 0.0 0.435 0.48 1
203 10.4186543218 3.77488205207 0.0 0.435 0.48 1
204 13.6730763119 1.66035622661 0.0 0.435 0.48 1
205 14.1011623449 1.76608251788 0.0 0.435 0.48 1
269 4.26318126057 9.39030847953 0.0 0.435 0.48 1
276 12.6540042511 4.70851918855 0.0 0.435 0.48 1
286 13.6968588693 7.35573368697 0.0 0.435 0.48 1
287 13.2553030693 7.55644657853 0.0 0.435 0.48 1
288 7.45698929914 3.43908771387 0.0 0.435 0.48 1
289 7.42605092803 3.85196916738 0.0 0.435 0.48 1
291 9.12113692095 7.17077234219 0.0 0.435 0.48 1
292 10.8661031449 7.9951032904 0.0 0.435 0.48 1
293 14.2082890857 7.50704399999 0.0 0.435 0.48 1
294 13.9885635113 7.9091857625 0.0 0.435 0.48 1
295 10.4601159484 5.63714446923 0.0 0.435 0.48 1
296 10.6495345471 5.33953569899 0.0 0.435 0.48 1
297 13.0463112155 8.88124712674 0.0 0.435 0.48 1
298 12.6546356465 6.18128881258 0.0 0.435 0.48 1
299 12.5927589042 5.65623725321 0.0 0.435 0.48 1
300 13.0090588911 5.98582643661 0.0 0.435 0.48 1
301 13.5930995703 8.6643053688 0.0 0.435 0.48 1
302 14.327833268 6.78175686866 0.0 0.435 0.48 1
303 14.6555274437 6.21851974133 0.0 0.435 0.48 1
371 12.0171368294 1.31525415622 0.0 0.435 0.48 1
372 12.3298879823 1.97037530643 0.0 0.435 0.48 1
375 6.71888815969 10.4575951038 0.0 0.435 0.48 1
376 6.06013236656 10.4473327325 0.0 0.435 0.48 1
378 10.3279438595 8.89103217852 0.0 0.435 0.48 1
379 5.0705254211 10.513441497 0.0 0.435 0.48 1
380 4.61949869117 10.4976899502 0.0 0.435 0.48 1
381 3.46930686707 11.4337136847 0.0 0.435 0.48 1
382 4.10449056792 10.9270389299 0.0 0.435 0.48 1
386 5.33171262214 3.09016708669 0.0 0.435 0.48 1
387 5.38496029488 3.79803205264 0.0 0.435 0.48 1
388 6.34889049696 4.25315629069 0.0 0.435 0.48 1
399 4.60792311014 12.1570915376 0.0 0.435 0.48 1
408 7.68723812907 9.59722652588 0.0 0.435 0.48 1
409 7.11245791469 12.8356013482 0.0 0.435 0.48 1
412 7.26841256092 11.48693482 0.0 0.435 0.48 1
413 7.67313696673 11.3174863622 0.0 0.435 0.48 1
