101 9.01211599417 1.68971138197 0.0 0.435 0.48 1
103 7.70302301229 1.82574746781 0.0 0.435 0.48 1
104 8.01956253717 2.39232583233 0.0 0.435 0.48 1
108 7.78699859103 6.14000066723 0.0 0.435 0.48 1
109 11.442356615 5.50588157939 0.0 0.435 0.48 1
112 10.691627569 5.24001456251 0.0 0.435 0.48 1
113 10.6284880361 4.48083773962 0.0 0.435 0.48 1
114 4.5108986946 10.5592641785 0.0 0.435 0.48 1
115 3.73933360272 10.7952987204 0.0 0.435 0.48 1
116 1.67319762152 6.11374808926 0.0 0.435 0.48 1
164 6.70057769515 9.71584044633 0.0 0.435 0.48 1
165 11.720801955 9.30486827123 0.0 0.435 0.48 1
166 7.61210208494 5.87484962975 0.0 0.435 0.48 1
167 6.75277304234 11.4960038924 0.0 0.435 0.48 1
168 7.79226021878 4.25482690929 0.0 0.435 0.48 1
169 10.5049450167 9.96595591643 0.0 0.435 0.48 1
173 14.8180065083 9.00869145978 0.0 0.435 0.48 1
177 8.33694392249 3.79803205264 0.0 0.435 0.48 1
178 9.0588392485 3.52548256137 0.0 0.435 0.48 1
180 6.5595660717 10.5912445917 0.0 0.435 0.48 1
182 11.1441275547 9.4151290987 0.0 0.435 0.48 1
183 14.3244658262 8.54545278854 0.0 0.435 0.48 1
186 14.8613623209 8.11276257166 0.0 0.435 0.48 1
187 4.55299171653 4.46293825464 0.0 0.435 0.48 1
189 8.7942846057 2.19925005436 0.0 0.435 0.48 1
190 8.34346834088 3.12644337625 0.0 0.435 0.48 1
191 13.6280367785 3.60113771788 0.0 0.435 0.48 1
192 -0.178895343182 1.96894334764 0.0 0.435 0.48 1
193 0.0852383693983 1.15940930701 0.0 0.435 0.48 1
255 6.41224049496 6.2502614947 0.0 0.435 0.48 1
264 3.76059057879 2.79852481144 0.0 0.435 0.48 1
267 8.87531367291 9.72944405492 0.0 0.435 0.48 1
269 11.4261508016 6.38749087953 0.0 0.435 0.48 1
270 12.0331321777 6.36815943575 0.0 0.435 0.48 1
272 11.0388949999 7.78174142946 0.0 0.435 0.48 1
273 11.3689042918 7.17292028039 0.0 0.435 0.48 1
274 11.3766915008 6.75478831129 0.0 0.435 0.48 1
275 7.85687300743 7.01468883318 0.0 0.435 0.48 1
276 14.3627704762 6.29369757824 0.0 0.435 0.48 1
277 14.5387193078 5.45146714505 0.0 0.435 0.48 1
278 14.9352355744 6.8316367668 0.0 0.435 0.48 1
279 14.4589530313 8.37695896994 0.0 0.435 0.48 1
363 4.74788240804 11.0384930563 0.0 0.435 0.48 1
364 5.04989984035 10.6279982008 0.0 0.435 0.48 1
367 3.94579987526 11.1153415119 0.0 0.435 0.48 1
368 4.24992195867 10.8263244944 0.0 0.435 0.48 1
369 7.44036255548 13.1733049648 0.0 0.435 0.48 1
399 7.1892776797 11.0776332635 0.0 0.435 0.48 1
403 13.924792583 8.53089454076 0.0 0.435 0.48 1
404 9.74390318033 8.86549557996 0.0 0.435 0.48 1
406 3.3192452439 12.7955065018 0.0 0.435 0.48 1
407 4.49343009051 6.8316367668 0.0 0.435 0.48 1
