144 14.6296402352 3.55197379914 0.0 0.435 0.48 1
145 14.8487344143 4.7478980555 0.0 0.435 0.48 1
146 14.7115111628 5.36984549355 0.0 0.435 0.48 1
147 14.3949716379 4.01497381058 0.0 0.435 0.48 1
148 6.02540562347 2.57060470271 0.0 0.435 0.48 1
207 7.94042765595 11.9465935943 0.0 0.435 0.48 1
208 8.25023229732 11.7952832812 0.0 0.435 0.48 1
209 4.85753473016 11.9234435937 0.0 0.435 0.48 1
214 5.21153704455 10.3881451021 0.0 0.435 0.48 1
215 4.85058938154 10.5478085081 0.0 0.435 0.48 1
216 4.54078474017 10.817255422 0.0 0.435 0.48 1
225 4.76471961681 9.81082704662 0.0 0.435 0.48 1
228 10.8686287262 11.9604358626 0.0 0.435 0.48 1
229 9.06725785289 10.1561677768 0.0 0.435 0.48 1
231 7.87223696043 0.313837636623 0.0 0.435 0.48 1
301 6.28722421984 11.3036440938 0.0 0.435 0.48 1
306 7.92737881916 6.92232749069 0.0 0.435 0.48 1
307 8.36725089827 7.18652388897 0.0 0.435 0.48 1
314 3.39374989271 10.9902837768 0.0 0.435 0.48 1
320 8.86331716166 10.8019811948 0.0 0.435 0.48 1
330 0.811974392935 0.242717016309 0.0 0.435 0.48 1
332 7.72406952326 10.0714435479 0.0 0.435 0.48 1
333 8.05723579179 9.88648220313 0.0 0.435 0.48 1
334 10.902934539 12.6255807244 0.0 0.435 0.48 1
335 12.7962786652 8.36096876336 0.0 0.435 0.48 1
336 9.33181249569 8.96048218024 0.0 0.435 0.48 1
339 4.00157312931 2.7476902741 0.0 0.435 0.48 1
340 3.88055569128 1.87992324234 0.0 0.435 0.48 1
341 13.7772565412 7.87672802974 0.0 0.435 0.48 1
389 8.43312647759 6.19775633876 0.0 0.435 0.48 1
390 8.21508462401 6.18319809098 0.0 0.435 0.48 1
414 4.09144173112 10.2129688091 0.0 0.435 0.48 1
