108 7.91896021477 5.8338001442 0.0 0.435 0.48 1
116 6.28533003386 12.0862095771 0.0 0.435 0.48 1
123 6.81801722632 11.0964873877 0.0 0.435 0.48 1
125 10.7002566385 5.35003673018 0.0 0.435 0.48 1
126 11.1533880195 5.56650116852 0.0 0.435 0.48 1
127 11.2798775504 5.18464548897 0.0 0.435 0.48 1
128 5.46893587362 1.34007477539 0.0 0.435 0.48 1
129 5.2498416945 0.704046409155 0.0 0.435 0.48 1
130 0.454604636791 1.89018561373 0.0 0.435 0.48 1
131 0.331272082551 1.19544693676 0.0 0.435 0.48 1
166 7.4845602285 5.82210581401 0.0 0.435 0.48 1
168 8.60255089083 6.00372592159 0.0 0.435 0.48 1
177 8.05786718712 6.53689191415 0.0 0.435 0.48 1
178 8.79681018702 6.76433470328 0.0 0.435 0.48 1
190 8.61433693697 6.38772953933 0.0 0.435 0.48 1
198 8.5996043793 8.92110331329 0.0 0.435 0.48 1
200 13.3455926014 1.17349023519 0.0 0.435 0.48 1
201 13.9988763016 1.50856859399 0.0 0.435 0.48 1
202 3.69681965057 0.370877328755 0.0 0.435 0.48 1
255 6.3080602657 5.85695014477 0.0 0.435 0.48 1
269 6.37330444968 8.4106100017 0.0 0.435 0.48 1
276 13.2473053952 5.23691198511 0.0 0.435 0.48 1
277 13.7313751473 4.04790886294 0.0 0.435 0.48 1
280 2.3220615545 12.3864436051 0.0 0.435 0.48 1
281 2.0160452851 12.019623493 0.0 0.435 0.48 1
282 14.0489669977 4.44480010986 0.0 0.435 0.48 1
284 4.83985566095 3.81497689842 0.0 0.435 0.48 1
285 5.27846494941 4.46580217224 0.0 0.435 0.48 1
286 14.3716100108 7.64379606522 0.0 0.435 0.48 1
287 14.0664356018 9.05332084233 0.0 0.435 0.48 1
288 12.3471461213 5.20731816995 0.0 0.435 0.48 1
289 12.0167158992 5.41853209269 0.0 0.435 0.48 1
290 13.7275867753 5.06555424892 0.0 0.435 0.48 1
291 13.7012786366 7.13592801143 0.0 0.435 0.48 1
292 14.8821983667 8.52612134476 0.0 0.435 0.48 1
293 14.6969890703 7.6590702924 0.0 0.435 0.48 1
294 14.5532414004 8.10560277767 0.0 0.435 0.48 1
371 10.2608054896 2.46583305064 0.0 0.435 0.48 1
372 10.5828171073 3.17489131559 0.0 0.435 0.48 1
375 5.43610331652 10.3330146884 0.0 0.435 0.48 1
376 4.38525102416 10.5900512927 0.0 0.435 0.48 1
377 8.79744158235 9.08864249269 0.0 0.435 0.48 1
378 9.89691131503 8.65499763661 0.0 0.435 0.48 1
379 3.70292313875 11.9952801934 0.0 0.435 0.48 1
380 3.24537199043 12.1430106094 0.0 0.435 0.48 1
381 6.09064980745 8.9943718718 0.0 0.435 0.48 1
382 3.16728943475 13.519838994 0.0 0.435 0.48 1
383 4.80765449918 11.8924178197 0.0 0.435 0.48 1
384 5.27909634474 12.1599554552 0.0 0.435 0.48 1
385 5.68571493653 10.7038920171 0.0 0.435 0.48 1
399 5.03201030604 12.0523198855 0.0 0.435 0.48 1
408 7.3336567449 11.6804879176 0.0 0.435 0.48 1
409 7.07520559028 13.0795116635 0.0 0.435 0.48 1
