108 7.8627660305 5.8285496286 0.0 0.435 0.48 1
116 8.71409739894 12.6890642312 0.0 0.435 0.48 1
123 6.93145792041 11.2251250197 0.0 0.435 0.48 1
125 7.7621637081 7.98006772302 0.0 0.435 0.48 1
126 8.85363576662 8.38483474333 0.0 0.435 0.48 1
127 8.93950553134 7.97123731043 0.0 0.435 0.48 1
128 6.29985212642 1.72885158912 0.0 0.435 0.48 1
129 8.27632997091 0.0367536091559 0.0 0.435 0.48 1
130 5.91175446427 0.596649499284 0.0 0.435 0.48 1
131 6.83443350487 0.354887122174 0.0 0.435 0.48 1
132 4.25139521444 5.91876303289 0.0 0.435 0.48 1
133 3.61999988556 5.94262901286 0.0 0.435 0.48 1
166 7.46225092688 5.81303674162 0.0 0.435 0.48 1
168 8.28727415661 6.65097129841 0.0 0.435 0.48 1
177 7.89370440162 6.84714965378 0.0 0.435 0.48 1
178 8.280328808 7.4922470924 0.0 0.435 0.48 1
190 8.07470439589 7.22065224033 0.0 0.435 0.48 1
198 7.08257186912 10.7086652131 0.0 0.435 0.48 1
200 11.217790343 4.12881453504 0.0 0.435 0.48 1
201 11.6782880029 4.4180702123 0.0 0.435 0.48 1
202 8.0660753264 4.47487124463 0.0 0.435 0.48 1
203 11.0763577894 3.18157378998 0.0 0.435 0.48 1
204 13.6189867788 1.04676188154 0.0 0.435 0.48 1
205 14.4549541942 0.930773218882 0.0 0.435 0.48 1
269 4.41198009308 9.37455693274 0.0 0.435 0.48 1
276 12.6638961113 4.7450341379 0.0 0.435 0.48 1
282 13.959308861 4.48441763662 0.0 0.435 0.48 1
285 -0.136802321257 3.79946401144 0.0 0.435 0.48 1
286 13.8664937477 7.4153986369 0.0 0.435 0.48 1
287 13.2801379523 7.61277029126 0.0 0.435 0.48 1
288 8.49942298712 3.74242431931 0.0 0.435 0.48 1
289 8.39671601362 4.14886195822 0.0 0.435 0.48 1
291 9.56669155803 7.48079142202 0.0 0.435 0.48 1
292 12.1303670584 7.85190741057 0.0 0.435 0.48 1
293 14.3040507106 7.52136358797 0.0 0.435 0.48 1
294 14.0083472316 7.83591720399 0.0 0.435 0.48 1
295 11.6932310257 6.00515788039 0.0 0.435 0.48 1
296 11.9234798556 5.69919601716 0.0 0.435 0.48 1
297 13.4560867839 8.77814609326 0.0 0.435 0.48 1
298 13.7402146819 6.16887850299 0.0 0.435 0.48 1
299 13.6431902664 5.64883879942 0.0 0.435 0.48 1
300 14.0108728129 5.9132738575 0.0 0.435 0.48 1
301 14.1222088559 8.52707598396 0.0 0.435 0.48 1
302 15.1223390568 7.05884089612 0.0 0.435 0.48 1
371 11.9070635771 1.34818920858 0.0 0.435 0.48 1
372 12.2461228687 1.94507736766 0.0 0.435 0.48 1
375 6.6492242084 10.4628456194 0.0 0.435 0.48 1
376 5.72465098181 10.3578353076 0.0 0.435 0.48 1
377 12.116265896 9.39770693332 0.0 0.435 0.48 1
378 10.3458333939 8.89508939512 0.0 0.435 0.48 1
379 4.70115915371 10.532534281 0.0 0.435 0.48 1
380 4.3227428866 10.7485213997 0.0 0.435 0.48 1
381 3.72523244037 10.9306188269 0.0 0.435 0.48 1
382 3.85782545944 11.4337136847 0.0 0.435 0.48 1
383 2.8118138646 13.6417941516 0.0 0.435 0.48 1
384 3.19212431769 13.7069482769 0.0 0.435 0.48 1
385 2.35573597204 8.87814454934 0.0 0.435 0.48 1
386 4.32947777011 3.82189803261 0.0 0.435 0.48 1
387 4.53404985666 4.41854753189 0.0 0.435 0.48 1
388 5.42831610746 4.60422485607 0.0 0.435 0.48 1
399 4.90509984493 12.0587637001 0.0 0.435 0.48 1
408 7.17307186626 10.0215636498 0.0 0.435 0.48 1
409 7.10551256607 12.8814240297 0.0 0.435 0.48 1
410 6.59113583814 11.311758527 0.0 0.435 0.48 1
412 7.64240906072 11.3408750226 0.0 0.435 0.48 1
413 7.88970556453 11.1358662546 0.0 0.435 0.48 1
