138 9.9770985218 13.4680498174 0.0 0.435 0.48 1
139 3.71449871978 12.6616183542 0.0 0.435 0.48 1
140 3.39101384629 12.2919343244 0.0 0.435 0.48 1
142 11.108348486 4.53930939055 0.0 0.435 0.48 1
143 11.5231752171 4.09134494649 0.0 0.435 0.48 1
144 5.57416842843 1.70737220715 0.0 0.435 0.48 1
145 5.6324672638 2.19209026037 0.0 0.435 0.48 1
146 6.00730562404 2.59303872389 0.0 0.435 0.48 1
147 3.85761499433 1.23840570071 0.0 0.435 0.48 1
207 11.4638240562 7.11707388725 0.0 0.435 0.48 1
208 12.0383938055 7.02518986437 0.0 0.435 0.48 1
209 8.36725089827 11.4508971903 0.0 0.435 0.48 1
210 -0.000210465109625 3.98442535622 0.0 0.435 0.48 1
212 2.7265754952 1.69567787696 0.0 0.435 0.48 1
213 2.20714760464 2.76630573848 0.0 0.435 0.48 1
214 4.8148103129 6.54476768754 0.0 0.435 0.48 1
215 5.42621145637 6.36601149756 0.0 0.435 0.48 1
216 4.49953357868 6.27555943347 0.0 0.435 0.48 1
218 8.3853508977 9.25618167209 0.0 0.435 0.48 1
220 9.27919621828 6.59178366809 0.0 0.435 0.48 1
221 12.1579379877 4.59825836108 0.0 0.435 0.48 1
222 3.87908243551 0.60762785007 0.0 0.435 0.48 1
223 13.0776705168 2.69208254077 0.0 0.435 0.48 1
224 13.1570158631 3.31474595822 0.0 0.435 0.48 1
225 12.0261868291 2.69685573676 0.0 0.435 0.48 1
226 13.1342856313 1.44126653047 0.0 0.435 0.48 1
227 13.7667332857 1.92646190329 0.0 0.435 0.48 1
269 3.29840919805 9.0745615645 0.0 0.435 0.48 1
301 6.45559630754 10.9086621253 0.0 0.435 0.48 1
306 7.76132184766 7.07339914391 0.0 0.435 0.48 1
307 8.2365520652 7.19893419856 0.0 0.435 0.48 1
311 10.9740717461 9.16883218539 0.0 0.435 0.48 1
314 7.05142303289 10.8809775885 0.0 0.435 0.48 1
320 10.4725333899 8.89055485893 0.0 0.435 0.48 1
321 6.15820910764 4.26485062088 0.0 0.435 0.48 1
322 6.3015358473 3.86056092016 0.0 0.435 0.48 1
323 5.22416495112 9.67932549698 0.0 0.435 0.48 1
324 9.47008807271 5.24120786151 0.0 0.435 0.48 1
325 7.19222419123 3.42810936308 0.0 0.435 0.48 1
326 9.69044504249 4.77104805607 0.0 0.435 0.48 1
327 9.89543805926 6.06195891272 0.0 0.435 0.48 1
328 12.0453391541 6.19942695736 0.0 0.435 0.48 1
329 14.1222088559 6.89726821172 0.0 0.435 0.48 1
330 14.295211176 7.15764605321 0.0 0.435 0.48 1
331 14.6237472121 6.47770428382 0.0 0.435 0.48 1
332 14.6995146516 5.7483599359 0.0 0.435 0.48 1
333 14.8878809247 6.15145633761 0.0 0.435 0.48 1
389 5.29993239059 8.50201670499 0.0 0.435 0.48 1
390 4.61381613321 8.59175278968 0.0 0.435 0.48 1
395 2.5386301523 6.73760480571 0.0 0.435 0.48 1
396 7.54285906387 8.53256515936 0.0 0.435 0.48 1
399 1.49977437119 11.3349085276 0.0 0.435 0.48 1
414 10.6842612901 8.01276411558 0.0 0.435 0.48 1
415 13.2803484174 7.66885534419 0.0 0.435 0.48 1
