101 13.6684460795 5.20540889155 0.0 0.435 0.48 1
103 13.5930995703 4.40375062431 0.0 0.435 0.48 1
104 13.1206053992 4.9156758947 0.0 0.435 0.48 1
108 7.96273695757 6.15312695621 0.0 0.435 0.48 1
109 12.0263972942 5.11829806465 0.0 0.435 0.48 1
112 11.3407019671 5.18488414877 0.0 0.435 0.48 1
113 11.5097054501 4.82403053161 0.0 0.435 0.48 1
116 5.91722655712 12.1360894752 0.0 0.435 0.48 1
117 5.9561626024 8.79556825864 0.0 0.435 0.48 1
118 4.67358822434 6.09728056308 0.0 0.435 0.48 1
119 4.18152079804 3.09756554048 0.0 0.435 0.48 1
120 3.46888593685 5.75814498769 0.0 0.435 0.48 1
121 2.28017899768 5.2438331193 0.0 0.435 0.48 1
122 0.330219757002 3.67345163719 0.0 0.435 0.48 1
164 6.69110676521 9.78481312845 0.0 0.435 0.48 1
165 12.5058368139 9.14305692702 0.0 0.435 0.48 1
166 7.5742183652 5.85909808297 0.0 0.435 0.48 1
168 7.67650440848 5.05028002174 0.0 0.435 0.48 1
173 14.9992169677 9.42372085149 0.0 0.435 0.48 1
177 8.09911834861 5.22855889212 0.0 0.435 0.48 1
178 8.9058311138 5.84095993819 0.0 0.435 0.48 1
180 11.7822577671 8.11658112845 0.0 0.435 0.48 1
189 13.3617984148 5.73523364691 0.0 0.435 0.48 1
190 8.77639507138 5.1636434266 0.0 0.435 0.48 1
195 10.0852775881 1.44890364406 0.0 0.435 0.48 1
196 1.77211622305 2.13839180543 0.0 0.435 0.48 1
197 1.87313947567 1.55415261573 0.0 0.435 0.48 1
255 6.38130212385 6.13331819284 0.0 0.435 0.48 1
267 10.2496508388 9.31680126121 0.0 0.435 0.48 1
269 10.9185089572 6.53927851215 0.0 0.435 0.48 1
270 11.8632868343 6.53498263575 0.0 0.435 0.48 1
272 14.1192623443 7.35764296537 0.0 0.435 0.48 1
273 6.67532188199 7.22232285893 0.0 0.435 0.48 1
274 6.69026490478 6.78104088926 0.0 0.435 0.48 1
276 14.7228762787 6.65335789641 0.0 0.435 0.48 1
277 14.2331239686 5.25528878969 0.0 0.435 0.48 1
279 9.28340552047 7.55334400113 0.0 0.435 0.48 1
280 10.486213622 7.36456409956 0.0 0.435 0.48 1
281 10.2639624662 7.58627905349 0.0 0.435 0.48 1
282 14.9987960375 4.90493620371 0.0 0.435 0.48 1
367 10.4483299022 8.42564556908 0.0 0.435 0.48 1
368 10.5653485032 7.98173834162 0.0 0.435 0.48 1
369 6.51978816598 10.9067528469 0.0 0.435 0.48 1
370 6.52210328219 11.330851311 0.0 0.435 0.48 1
399 5.73243819087 11.8852580257 0.0 0.435 0.48 1
403 13.2601437668 8.65762289441 0.0 0.435 0.48 1
404 14.9745925499 8.1621651502 0.0 0.435 0.48 1
407 2.47191271255 4.47296196623 0.0 0.435 0.48 1
