123 10.438227577 8.48173062202 0.0 0.435 0.48 1
126 2.63144526565 9.46978219283 0.0 0.435 0.48 1
127 2.67522200845 9.23279301171 0.0 0.435 0.48 1
128 10.3222613016 3.87607380715 0.0 0.435 0.48 1
129 10.3494113007 2.9978057442 0.0 0.435 0.48 1
133 1.60669064688 9.05021826493 0.0 0.435 0.48 1
168 7.39721720801 8.62611980084 0.0 0.435 0.48 1
177 6.86431955044 8.63041567724 0.0 0.435 0.48 1
178 7.52560092488 9.00367960399 0.0 0.435 0.48 1
190 7.57042999323 9.19150486636 0.0 0.435 0.48 1
198 9.10156366576 13.2919188852 0.0 0.435 0.48 1
200 6.61723351174 7.4142053379 0.0 0.435 0.48 1
201 6.64669862708 7.85811256537 0.0 0.435 0.48 1
203 5.94248237028 7.30991100542 0.0 0.435 0.48 1
204 11.6115705632 5.52688364176 0.0 0.435 0.48 1
207 14.1979762953 1.43673199427 0.0 0.435 0.48 1
208 14.1683007149 0.800942287838 0.0 0.435 0.48 1
269 4.02661847736 9.28028631186 0.0 0.435 0.48 1
276 12.7741798287 4.44217485207 0.0 0.435 0.48 1
286 9.68139504277 5.32211353361 0.0 0.435 0.48 1
287 9.44841016642 5.77723777166 0.0 0.435 0.48 1
291 2.41150922609 4.83715682059 0.0 0.435 0.48 1
292 4.10280684704 10.6203610872 0.0 0.435 0.48 1
293 13.0999798184 8.63614351243 0.0 0.435 0.48 1
294 13.8557600271 8.96191413904 0.0 0.435 0.48 1
295 1.30172670303 2.90806965951 0.0 0.435 0.48 1
296 1.43537204765 2.35318562517 0.0 0.435 0.48 1
297 11.023741512 9.26095486808 0.0 0.435 0.48 1
298 6.72688583385 3.4951727668 0.0 0.435 0.48 1
299 8.02798114156 3.55603101573 0.0 0.435 0.48 1
300 7.1499207042 3.17512997539 0.0 0.435 0.48 1
301 11.3973170816 8.81919557881 0.0 0.435 0.48 1
302 7.35933348828 6.84166047839 0.0 0.435 0.48 1
303 9.73927294792 4.43907227467 0.0 0.435 0.48 1
304 11.4095240579 3.65149493562 0.0 0.435 0.48 1
305 8.31337183021 2.92596914449 0.0 0.435 0.48 1
306 13.4514565515 5.3292733276 0.0 0.435 0.48 1
307 13.9719367676 5.19395322116 0.0 0.435 0.48 1
308 13.1410205148 10.3027048938 0.0 0.435 0.48 1
309 14.9306053419 5.39920064892 0.0 0.435 0.48 1
310 14.6098565149 5.96243777624 0.0 0.435 0.48 1
311 14.3537204765 8.35500226837 0.0 0.435 0.48 1
371 15.3125995159 3.60113771788 0.0 0.435 0.48 1
372 14.8497867398 4.19921917596 0.0 0.435 0.48 1
375 7.51192069275 10.9122420223 0.0 0.435 0.48 1
376 7.16044395968 11.1771544 0.0 0.435 0.48 1
378 12.5081519302 7.4142053379 0.0 0.435 0.48 1
379 6.59744979143 11.0437435719 0.0 0.435 0.48 1
380 6.70331374157 10.8096183084 0.0 0.435 0.48 1
382 3.42384640339 4.72260011673 0.0 0.435 0.48 1
388 12.9808565664 0.586148468096 0.0 0.435 0.48 1
399 3.36196966116 13.5964487897 0.0 0.435 0.48 1
408 8.97844157663 8.50869917938 0.0 0.435 0.48 1
409 7.19517070277 12.5088760824 0.0 0.435 0.48 1
411 4.63801962082 10.53372758 0.0 0.435 0.48 1
413 4.59403241291 12.0260673076 0.0 0.435 0.48 1
414 7.97052416663 10.2046157161 0.0 0.435 0.48 1
