123 7.72827882545 10.2766909757 0.0 0.435 0.48 1
125 2.282704579 9.23255435191 0.0 0.435 0.48 1
126 4.79039636019 9.72896673532 0.0 0.435 0.48 1
127 4.89078821748 9.25093115649 0.0 0.435 0.48 1
128 7.76090091744 2.84005161659 0.0 0.435 0.48 1
129 7.96610439933 1.94507736766 0.0 0.435 0.48 1
130 12.4967868142 0.511925270385 0.0 0.435 0.48 1
131 12.237072869 0.109067528469 0.0 0.435 0.48 1
132 2.71499991417 9.02850022316 0.0 0.435 0.48 1
133 2.52305573419 8.69962701915 0.0 0.435 0.48 1
166 7.43804743928 5.80301303003 0.0 0.435 0.48 1
168 7.85266370524 7.82374555421 0.0 0.435 0.48 1
177 7.35912302317 7.93257442288 0.0 0.435 0.48 1
178 8.08312300028 8.15739195421 0.0 0.435 0.48 1
190 7.71228347712 8.52087082917 0.0 0.435 0.48 1
198 8.27338345938 12.2501688595 0.0 0.435 0.48 1
200 8.78902297796 6.04047953075 0.0 0.435 0.48 1
201 8.8203822793 6.57388418311 0.0 0.435 0.48 1
202 13.8025123544 3.67655421459 0.0 0.435 0.48 1
203 8.32978810876 5.84716509298 0.0 0.435 0.48 1
204 12.532776348 3.48228513762 0.0 0.435 0.48 1
205 14.7091960466 4.48274701802 0.0 0.435 0.48 1
269 4.06639638307 9.34329249898 0.0 0.435 0.48 1
276 12.6178042523 4.57463104091 0.0 0.435 0.48 1
286 11.6702903287 6.43188160228 0.0 0.435 0.48 1
287 11.6090449818 6.87173161315 0.0 0.435 0.48 1
288 3.06816036812 3.61712792446 0.0 0.435 0.48 1
289 3.15908129548 4.09015164749 0.0 0.435 0.48 1
291 5.46556843187 6.3280645894 0.0 0.435 0.48 1
292 6.56061839725 9.04759300714 0.0 0.435 0.48 1
293 13.3228623695 8.19175896536 0.0 0.435 0.48 1
294 13.7179053803 8.5798197997 0.0 0.435 0.48 1
295 5.27257192634 4.05268205893 0.0 0.435 0.48 1
296 5.53754749936 3.81068102202 0.0 0.435 0.48 1
297 11.4594042889 9.28338888925 0.0 0.435 0.48 1
298 9.53406946604 5.37772126694 0.0 0.435 0.48 1
299 10.071597356 4.55291299913 0.0 0.435 0.48 1
300 9.61741364945 4.8345315628 0.0 0.435 0.48 1
301 11.818668231 9.10153012187 0.0 0.435 0.48 1
302 10.3574089749 7.59320018768 0.0 0.435 0.48 1
303 11.7845728833 5.55647745693 0.0 0.435 0.48 1
304 12.1998205446 5.12211662145 0.0 0.435 0.48 1
305 11.0037473266 4.72331609613 0.0 0.435 0.48 1
306 13.6760228235 5.39848466952 0.0 0.435 0.48 1
307 14.2787948974 5.34860477138 0.0 0.435 0.48 1
308 14.4206483813 9.18673167037 0.0 0.435 0.48 1
309 15.0398367338 3.44624750786 0.0 0.435 0.48 1
371 13.5545844552 1.82646344721 0.0 0.435 0.48 1
372 13.1704856301 2.55103459914 0.0 0.435 0.48 1
375 7.33912883775 10.4363543817 0.0 0.435 0.48 1
376 6.90620210725 10.6191677882 0.0 0.435 0.48 1
378 10.4683240877 8.63685949183 0.0 0.435 0.48 1
379 5.89912655769 10.5657079931 0.0 0.435 0.48 1
380 6.32489747447 10.4759719084 0.0 0.435 0.48 1
381 1.1828139161 12.3912168011 0.0 0.435 0.48 1
382 4.99244286543 7.86646565836 0.0 0.435 0.48 1
386 9.79315201599 0.388538153933 0.0 0.435 0.48 1
387 9.50165783915 1.32002735222 0.0 0.435 0.48 1
388 9.89754271036 2.74387171731 0.0 0.435 0.48 1
399 3.73217778899 12.9153137213 0.0 0.435 0.48 1
408 9.42673226013 8.36550329956 0.0 0.435 0.48 1
409 7.13834512317 12.667823509 0.0 0.435 0.48 1
411 5.87976376761 11.012717798 0.0 0.435 0.48 1
412 5.94816492824 12.0523198855 0.0 0.435 0.48 1
413 6.41918584358 11.8103188486 0.0 0.435 0.48 1
