26 7.23579046893 4.93548465807 0.0 0.435 0.48 1
27 6.96597419839 3.87201659055 0.0 0.435 0.48 1
28 6.690685835 4.4975439256 0.0 0.435 0.48 1
29 14.5970181432 8.19915741916 0.0 0.435 0.48 1
30 15.0505704544 8.0826914369 0.0 0.435 0.48 1
56 2.23219295269 4.95935063805 0.0 0.435 0.48 1
77 3.47204291349 11.865926582 0.0 0.435 0.48 1
80 3.75385569528 12.9678188772 0.0 0.435 0.48 1
81 3.95337661921 12.2659204063 0.0 0.435 0.48 1
82 3.20433129405 13.5315333242 0.0 0.435 0.48 1
94 6.28112073166 8.98148424262 0.0 0.435 0.48 1
95 4.72388938554 5.12426455965 0.0 0.435 0.48 1
96 7.28882767655 2.64339594163 0.0 0.435 0.48 1
97 7.18633116816 2.12550417625 0.0 0.435 0.48 1
98 0.17994766873 3.49207018941 0.0 0.435 0.48 1
158 11.7024914905 4.87104651215 0.0 0.435 0.48 1
159 10.7547671019 4.40637588211 0.0 0.435 0.48 1
160 11.46150894 4.27773825006 0.0 0.435 0.48 1
161 15.0693018492 5.56077333332 0.0 0.435 0.48 1
162 14.3181518729 4.10852845207 0.0 0.435 0.48 1
163 14.8619937162 3.82643256881 0.0 0.435 0.48 1
164 5.06526379336 1.98087633762 0.0 0.435 0.48 1
165 5.2826742516 0.519085064377 0.0 0.435 0.48 1
247 4.20930219251 10.8769203719 0.0 0.435 0.48 1
248 4.40566613979 10.8933878981 0.0 0.435 0.48 1
249 4.43660451091 11.2361033705 0.0 0.435 0.48 1
250 4.76682426791 10.3688136584 0.0 0.435 0.48 1
254 7.80993928798 3.50638977739 0.0 0.435 0.48 1
255 10.977649653 5.50564291959 0.0 0.435 0.48 1
256 12.4081810031 1.4159685917 0.0 0.435 0.48 1
257 12.5647670446 3.83764957939 0.0 0.435 0.48 1
258 12.3490403073 6.29465221744 0.0 0.435 0.48 1
259 13.9854065346 6.75407233189 0.0 0.435 0.48 1
260 14.2173390854 7.27244141687 0.0 0.435 0.48 1
261 14.9937448748 1.70594024835 0.0 0.435 0.48 1
349 10.5152578071 5.54931766294 0.0 0.435 0.48 1
350 11.7450054427 6.01661355078 0.0 0.435 0.48 1
351 9.98656945173 6.30658520743 0.0 0.435 0.48 1
352 9.95731480149 6.71970532073 0.0 0.435 0.48 1
353 9.91290666336 5.89489705292 0.0 0.435 0.48 1
354 9.26614738148 6.62615067924 0.0 0.435 0.48 1
355 3.54907314362 9.22730383632 0.0 0.435 0.48 1
356 3.91465103903 9.18410641257 0.0 0.435 0.48 1
357 3.55433477136 10.1253806626 0.0 0.435 0.48 1
358 2.50495573476 12.4372781425 0.0 0.435 0.48 1
359 2.42813596975 12.8816626895 0.0 0.435 0.48 1
360 2.87895223457 12.9277240309 0.0 0.435 0.48 1
361 12.599914718 11.3072239908 0.0 0.435 0.48 1
397 11.2731426669 7.13592801143 0.0 0.435 0.48 1
399 3.43878942617 12.6243874254 0.0 0.435 0.48 1
