101 14.2554332703 5.63595117023 0.0 0.435 0.48 1
103 14.0066635107 5.12832177624 0.0 0.435 0.48 1
104 13.5493228275 5.51208673418 0.0 0.435 0.48 1
108 8.04292416434 5.97938262202 0.0 0.435 0.48 1
109 12.1255263609 5.16937126179 0.0 0.435 0.48 1
112 11.434569406 5.34478621458 0.0 0.435 0.48 1
113 11.6928100955 4.61639650586 0.0 0.435 0.48 1
116 6.59408234968 11.5162899754 0.0 0.435 0.48 1
117 7.35301953499 11.7081724543 0.0 0.435 0.48 1
118 7.22274163213 9.98910591701 0.0 0.435 0.48 1
119 10.0560229379 0.94986600286 0.0 0.435 0.48 1
120 7.07625791583 8.29724659684 0.0 0.435 0.48 1
121 6.42823584329 8.32302185521 0.0 0.435 0.48 1
122 3.620841746 5.51304137338 0.0 0.435 0.48 1
123 3.86771731959 6.06553880972 0.0 0.435 0.48 1
124 3.74627895133 2.84005161659 0.0 0.435 0.48 1
164 6.68521374215 9.8289651914 0.0 0.435 0.48 1
165 12.292846123 9.08267599769 0.0 0.435 0.48 1
166 7.5500148776 5.84907437138 0.0 0.435 0.48 1
168 9.15018110608 5.36292435936 0.0 0.435 0.48 1
177 8.34073229446 6.21899706093 0.0 0.435 0.48 1
178 8.92582529922 6.52662954276 0.0 0.435 0.48 1
180 14.5452437262 8.16813164519 0.0 0.435 0.48 1
189 14.9280797606 5.45337642345 0.0 0.435 0.48 1
190 8.72672530551 5.96482437424 0.0 0.435 0.48 1
255 6.36151840354 6.05885633533 0.0 0.435 0.48 1
269 10.8084357048 6.50395686179 0.0 0.435 0.48 1
270 11.6002054472 6.75956150728 0.0 0.435 0.48 1
272 11.745636838 7.69868781916 0.0 0.435 0.48 1
273 4.61697310986 5.56459189012 0.0 0.435 0.48 1
274 4.80786496429 5.23380940772 0.0 0.435 0.48 1
276 14.629219305 6.61588830786 0.0 0.435 0.48 1
277 13.8342925859 4.09802742088 0.0 0.435 0.48 1
279 8.45417298855 7.95763370185 0.0 0.435 0.48 1
280 7.36627883689 7.68484555077 0.0 0.435 0.48 1
281 7.79773231163 7.77171771787 0.0 0.435 0.48 1
282 14.310575129 4.3295274266 0.0 0.435 0.48 1
283 14.7660216262 3.01856914678 0.0 0.435 0.48 1
369 4.25455219108 8.46239917824 0.0 0.435 0.48 1
370 3.96537313045 8.88960021973 0.0 0.435 0.48 1
371 5.25847076399 10.0053347834 0.0 0.435 0.48 1
372 5.64425330994 10.0411337533 0.0 0.435 0.48 1
373 13.9203728157 8.16980226379 0.0 0.435 0.48 1
374 13.6922286369 9.61464869126 0.0 0.435 0.48 1
399 4.94066844846 12.1456358672 0.0 0.435 0.48 1
