123 15.155382079 7.54546822774 0.0 0.435 0.48 1
128 8.97402180932 7.54332028954 0.0 0.435 0.48 1
129 9.73843108748 6.90180274791 0.0 0.435 0.48 1
134 5.01748821347 2.09949025808 0.0 0.435 0.48 1
135 4.85795566038 2.79661553304 0.0 0.435 0.48 1
168 6.96344861707 9.13494249383 0.0 0.435 0.48 1
177 6.39961258838 8.99079197481 0.0 0.435 0.48 1
178 6.81906955187 9.40319610871 0.0 0.435 0.48 1
190 7.2132707022 10.0062894226 0.0 0.435 0.48 1
200 4.3402114907 9.96500127724 0.0 0.435 0.48 1
201 4.51531846191 10.358551287 0.0 0.435 0.48 1
203 4.22740219194 9.494602812 0.0 0.435 0.48 1
204 12.9646507529 7.20752595135 0.0 0.435 0.48 1
207 11.9142193908 3.63073153304 0.0 0.435 0.48 1
208 12.5666612306 3.5777490575 0.0 0.435 0.48 1
209 8.53667531152 4.92021043089 0.0 0.435 0.48 1
269 3.80815569356 9.21202960914 0.0 0.435 0.48 1
276 12.5666612306 4.45673309985 0.0 0.435 0.48 1
286 4.44860102215 3.81473823862 0.0 0.435 0.48 1
287 4.53110334513 4.3300047462 0.0 0.435 0.48 1
292 1.82831040732 13.0040951668 0.0 0.435 0.48 1
293 13.4756600391 8.63137031644 0.0 0.435 0.48 1
294 13.9525739775 8.75809867008 0.0 0.435 0.48 1
297 10.8804147723 8.64759918282 0.0 0.435 0.48 1
299 4.84153938183 0.154651550214 0.0 0.435 0.48 1
301 9.08304273611 9.4953187914 0.0 0.435 0.48 1
302 1.20849065947 5.03476713475 0.0 0.435 0.48 1
303 12.1714077548 -0.0751778369097 0.0 0.435 0.48 1
304 12.8333205245 0.0420041247496 0.0 0.435 0.48 1
305 1.36802321257 0.566817024319 0.0 0.435 0.48 1
306 13.3114972536 5.40158724691 0.0 0.435 0.48 1
307 13.9620449074 5.3309439462 0.0 0.435 0.48 1
310 14.51409489 2.31953459342 0.0 0.435 0.48 1
311 12.4321740256 8.93088836508 0.0 0.435 0.48 1
312 11.6298810277 4.42904856308 0.0 0.435 0.48 1
313 12.1648833364 4.84216867639 0.0 0.435 0.48 1
314 12.369665888 8.16741566579 0.0 0.435 0.48 1
315 13.4386181798 8.29295072044 0.0 0.435 0.48 1
375 7.3008241878 10.9645085184 0.0 0.435 0.48 1
379 6.57977072222 11.3881296629 0.0 0.435 0.48 1
389 3.12856385458 13.1048096023 0.0 0.435 0.48 1
399 3.04500920606 13.7002658026 0.0 0.435 0.48 1
408 7.70070789609 9.98934457681 0.0 0.435 0.48 1
409 7.7512195224 11.4022105911 0.0 0.435 0.48 1
411 3.05721618242 10.7339631519 0.0 0.435 0.48 1
414 9.11061366547 8.54402082974 0.0 0.435 0.48 1
