140 2.69647898452 13.7317688961 0.0 0.435 0.48 1
144 7.26230907274 1.4119113751 0.0 0.435 0.48 1
145 8.19172299684 2.37943820314 0.0 0.435 0.48 1
146 8.77050204832 2.73551862432 0.0 0.435 0.48 1
147 7.04153117274 1.78589128126 0.0 0.435 0.48 1
207 8.8816276262 8.94091207666 0.0 0.435 0.48 1
208 9.35812063439 8.88673630213 0.0 0.435 0.48 1
209 6.69110676521 11.8282183336 0.0 0.435 0.48 1
214 3.80057894962 9.26596672387 0.0 0.435 0.48 1
215 3.83130685562 8.48483319941 0.0 0.435 0.48 1
216 3.23884757203 9.54376673074 0.0 0.435 0.48 1
218 7.98378346853 10.9518595491 0.0 0.435 0.48 1
220 8.4291276405 10.6652291296 0.0 0.435 0.48 1
224 11.0849868589 4.81997331501 0.0 0.435 0.48 1
225 7.3271323265 6.62328676165 0.0 0.435 0.48 1
226 10.7711833804 3.23909080171 0.0 0.435 0.48 1
228 12.375348446 6.2497841751 0.0 0.435 0.48 1
229 12.2137112418 4.22547175393 0.0 0.435 0.48 1
301 6.66942885892 11.5933770907 0.0 0.435 0.48 1
306 7.86297649561 6.95454656365 0.0 0.435 0.48 1
307 8.28748462172 7.19416100256 0.0 0.435 0.48 1
311 12.267800775 7.58413111529 0.0 0.435 0.48 1
314 3.651569652 10.6621265522 0.0 0.435 0.48 1
320 10.0577066588 9.19938063975 0.0 0.435 0.48 1
323 2.56535922123 13.0281998066 0.0 0.435 0.48 1
324 1.05969182696 3.10878255107 0.0 0.435 0.48 1
326 1.28909879646 2.70282223175 0.0 0.435 0.48 1
327 9.59931365002 3.20042791416 0.0 0.435 0.48 1
328 7.2067462838 4.13669030843 0.0 0.435 0.48 1
329 9.80157062037 5.56769446752 0.0 0.435 0.48 1
330 9.88491480378 6.04405942774 0.0 0.435 0.48 1
331 9.76621248195 5.10254651787 0.0 0.435 0.48 1
332 11.2689333647 7.36766667695 0.0 0.435 0.48 1
333 11.4440403359 7.68484555077 0.0 0.435 0.48 1
334 12.1522554298 8.52397340657 0.0 0.435 0.48 1
335 13.865230957 8.00703628039 0.0 0.435 0.48 1
336 13.4520879468 5.63905374763 0.0 0.435 0.48 1
337 14.9476530158 5.14049342603 0.0 0.435 0.48 1
389 6.73151606626 7.62828317824 0.0 0.435 0.48 1
390 5.0749451884 7.9144362781 0.0 0.435 0.48 1
396 12.2844275186 8.02326514677 0.0 0.435 0.48 1
414 7.27388465377 8.6595321728 0.0 0.435 0.48 1
