1 3.17802315535 2.59781191988 0.0 0.435 0.48 1
2 2.79918595802 1.45582477825 0.0 0.435 0.48 1
3 2.69269061255 0.610253107867 0.0 0.435 0.48 1
4 8.99212180875 7.98842081601 0.0 0.435 0.48 1
5 5.37485796962 1.26585157768 0.0 0.435 0.48 1
6 5.39022192262 0.246296913304 0.0 0.435 0.48 1
9 -0.390623243465 0.335555678397 0.0 0.435 0.48 1
10 2.44413131808 7.80536874963 0.0 0.435 0.48 1
11 4.74514636162 3.56295214992 0.0 0.435 0.48 1
12 0.907315087596 1.18804848297 0.0 0.435 0.48 1
13 1.1720801955 3.329304206 0.0 0.435 0.48 1
14 0.841860438502 2.88778357653 0.0 0.435 0.48 1
15 0.82081392754 2.24340211731 0.0 0.435 0.48 1
16 0.448922078831 1.7500923113 0.0 0.435 0.48 1
17 1.57848832219 3.00711347639 0.0 0.435 0.48 1
18 6.48590328333 5.87819086694 0.0 0.435 0.48 1
19 5.83451376904 4.83954341859 0.0 0.435 0.48 1
25 8.70609972477 4.55506093733 0.0 0.435 0.48 1
26 5.72065214473 7.97433988783 0.0 0.435 0.48 1
27 5.69497540136 8.65237237881 0.0 0.435 0.48 1
28 5.26162774064 8.20154401715 0.0 0.435 0.48 1
29 5.63604517066 10.0454296297 0.0 0.435 0.48 1
30 5.63457191489 9.55355178253 0.0 0.435 0.48 1
31 3.90412778355 10.7986399576 0.0 0.435 0.48 1
32 3.66966965143 11.2540028555 0.0 0.435 0.48 1
33 8.16099509084 9.69221312616 0.0 0.435 0.48 1
34 8.39882066472 9.76261776708 0.0 0.435 0.48 1
35 7.47529976368 10.7924348028 0.0 0.435 0.48 1
36 10.3237345574 9.98982189641 0.0 0.435 0.48 1
40 6.24597305836 4.6612645482 0.0 0.435 0.48 1
41 6.42086956446 4.04074906895 0.0 0.435 0.48 1
42 4.8124951967 5.52569034277 0.0 0.435 0.48 1
43 11.7005973045 4.90302692531 0.0 0.435 0.48 1
44 14.7746506957 6.44381459226 0.0 0.435 0.48 1
45 15.1515937071 7.6609795708 0.0 0.435 0.48 1
46 6.04918818086 9.46381569784 0.0 0.435 0.48 1
47 6.35288933405 9.73827446751 0.0 0.435 0.48 1
49 5.52912889497 10.7074719141 0.0 0.435 0.48 1
50 4.7579847333 10.4814610838 0.0 0.435 0.48 1
51 4.92783007677 9.92323581229 0.0 0.435 0.48 1
52 6.02035446084 11.5415879141 0.0 0.435 0.48 1
53 5.92101492909 10.4134430409 0.0 0.435 0.48 1
54 5.7637974922 10.2387440675 0.0 0.435 0.48 1
55 10.6375380358 8.37576567094 0.0 0.435 0.48 1
56 9.08977761962 6.13236355364 0.0 0.435 0.48 1
59 0.422824405238 3.98561865521 0.0 0.435 0.48 1
60 7.74637882488 9.96213735964 0.0 0.435 0.48 1
61 7.38037999924 10.0635677745 0.0 0.435 0.48 1
62 -0.061245346901 13.5742534283 0.0 0.435 0.48 1
63 2.24061155707 12.3181869024 0.0 0.435 0.48 1
64 2.63186619587 12.3644869036 0.0 0.435 0.48 1
65 3.5290789582 11.9117492635 0.0 0.435 0.48 1
66 3.95127196811 11.6616337934 0.0 0.435 0.48 1
67 7.62346720086 11.7103203925 0.0 0.435 0.48 1
68 5.24857890384 12.0306018438 0.0 0.435 0.48 1
69 4.41050683731 11.303405434 0.0 0.435 0.48 1
70 3.46362430911 13.1534962014 0.0 0.435 0.48 1
71 11.6547159106 7.98030638282 0.0 0.435 0.48 1
72 12.0137693876 8.09343112788 0.0 0.435 0.48 1
73 13.2906612077 5.28607590385 0.0 0.435 0.48 1
75 13.4659786441 8.21920484233 0.0 0.435 0.48 1
76 14.2400693173 8.22898989412 0.0 0.435 0.48 1
80 15.0495181289 8.30846360742 0.0 0.435 0.48 1
82 9.02011366833 8.71943578253 0.0 0.435 0.48 1
83 12.7405054112 8.2466507193 0.0 0.435 0.48 1
401 7.07394279962 13.7095735347 0.0 0.435 0.48 1
402 7.45088581096 13.1962163056 0.0 0.435 0.48 1
