144 12.102796129 1.70355365035 0.0 0.435 0.48 1
145 13.0271588905 2.50903047439 0.0 0.435 0.48 1
146 13.5834181752 3.12167018025 0.0 0.435 0.48 1
147 11.918428693 2.28683820085 0.0 0.435 0.48 1
207 7.17117768027 10.7907641842 0.0 0.435 0.48 1
208 7.96357881801 10.6148719119 0.0 0.435 0.48 1
209 6.12727073653 11.7659281259 0.0 0.435 0.48 1
214 5.00023007448 10.5425579925 0.0 0.435 0.48 1
215 4.65969752711 10.3101033476 0.0 0.435 0.48 1
216 4.26781149299 10.6537734592 0.0 0.435 0.48 1
220 8.69726019017 13.0138802186 0.0 0.435 0.48 1
225 5.12356262872 9.06382187352 0.0 0.435 0.48 1
228 11.305975224 9.85211519197 0.0 0.435 0.48 1
229 9.69191829826 8.08460071529 0.0 0.435 0.48 1
230 3.85298476191 0.27445876967 0.0 0.435 0.48 1
301 6.27817422013 11.3656956418 0.0 0.435 0.48 1
306 7.9326404469 6.88581254133 0.0 0.435 0.48 1
307 8.33547066672 7.18962646637 0.0 0.435 0.48 1
311 14.9750134801 5.72115271873 0.0 0.435 0.48 1
314 3.31714059281 10.862600784 0.0 0.435 0.48 1
320 8.87910204488 9.64328786722 0.0 0.435 0.48 1
328 0.252558131551 2.17967995078 0.0 0.435 0.48 1
329 4.39472195409 2.54220418655 0.0 0.435 0.48 1
330 4.26528591167 3.60614957367 0.0 0.435 0.48 1
331 4.54373125171 1.4185938495 0.0 0.435 0.48 1
332 8.68357995804 9.12754404004 0.0 0.435 0.48 1
333 9.2053229648 9.3275409522 0.0 0.435 0.48 1
334 11.1195031368 11.304598733 0.0 0.435 0.48 1
335 13.0559926105 8.14760690242 0.0 0.435 0.48 1
336 10.849055471 7.7418852429 0.0 0.435 0.48 1
337 12.9103507546 1.59209952389 0.0 0.435 0.48 1
338 14.1011623449 0.894974248925 0.0 0.435 0.48 1
339 9.33118110036 4.75219393189 0.0 0.435 0.48 1
340 9.47092993315 4.20041247496 0.0 0.435 0.48 1
389 8.24076136739 6.20515479255 0.0 0.435 0.48 1
390 7.55717069132 6.36744345635 0.0 0.435 0.48 1
414 4.31453474732 9.96070540084 0.0 0.435 0.48 1
