108 7.92337998207 5.83427746379 0.0 0.435 0.48 1
116 6.2470253839 12.1122234953 0.0 0.435 0.48 1
123 6.80917769171 11.0864636761 0.0 0.435 0.48 1
125 10.7772868686 5.22187641773 0.0 0.435 0.48 1
126 11.221578715 5.37676662774 0.0 0.435 0.48 1
127 11.3106054564 5.01018517538 0.0 0.435 0.48 1
128 5.19469983578 1.4123886947 0.0 0.435 0.48 1
129 4.87247775294 0.795691772245 0.0 0.435 0.48 1
166 7.48624394938 5.82282179341 0.0 0.435 0.48 1
168 8.60339275127 5.96625633304 0.0 0.435 0.48 1
177 8.0704950937 6.51302593418 0.0 0.435 0.48 1
178 8.80017762877 6.75812954849 0.0 0.435 0.48 1
190 8.65222065671 6.329735208 0.0 0.435 0.48 1
198 8.77639507138 8.85427856937 0.0 0.435 0.48 1
200 13.6419274757 0.875404145349 0.0 0.435 0.48 1
201 14.3076286175 1.20117477196 0.0 0.435 0.48 1
255 6.30953352146 5.86220066036 0.0 0.435 0.48 1
269 6.57156258295 8.28435896765 0.0 0.435 0.48 1
276 13.4127309713 5.36483363776 0.0 0.435 0.48 1
277 13.7341111937 4.04934082174 0.0 0.435 0.48 1
280 2.53905108252 12.2778533963 0.0 0.435 0.48 1
281 2.2542917892 11.9253528721 0.0 0.435 0.48 1
282 14.0557018812 4.44193619227 0.0 0.435 0.48 1
284 5.36391378392 3.89755318912 0.0 0.435 0.48 1
285 5.78379167762 4.55386763833 0.0 0.435 0.48 1
286 14.4261204742 7.6645594678 0.0 0.435 0.48 1
287 14.0731704853 9.0824373379 0.0 0.435 0.48 1
288 12.4852112332 5.25194755249 0.0 0.435 0.48 1
289 12.1859298473 5.5006310638 0.0 0.435 0.48 1
290 13.8656518872 5.13261765264 0.0 0.435 0.48 1
291 14.1432553668 7.14380378482 0.0 0.435 0.48 1
293 14.834633252 7.65000122001 0.0 0.435 0.48 1
294 14.5761820973 8.12899143804 0.0 0.435 0.48 1
371 10.0391857291 2.55365985693 0.0 0.435 0.48 1
372 10.3662485095 3.21570214134 0.0 0.435 0.48 1
375 5.19785681242 10.3146378838 0.0 0.435 0.48 1
376 4.23224288946 10.7201208835 0.0 0.435 0.48 1
377 8.3765113631 9.06310589412 0.0 0.435 0.48 1
378 9.73337992485 8.6633507296 0.0 0.435 0.48 1
379 3.58064291006 12.11842865 0.0 0.435 0.48 1
380 3.1310894359 12.2384745293 0.0 0.435 0.48 1
381 6.44759863338 8.85952908496 0.0 0.435 0.48 1
383 5.03369402691 11.8124667868 0.0 0.435 0.48 1
384 5.49313936123 12.0418188543 0.0 0.435 0.48 1
385 5.94479748648 10.823221917 0.0 0.435 0.48 1
399 5.04042891042 12.0523198855 0.0 0.435 0.48 1
408 7.32123930343 11.8129441064 0.0 0.435 0.48 1
409 7.07289047408 13.0947858907 0.0 0.435 0.48 1
