149 4.61823590051 4.29420577624 0.0 0.435 0.48 1
150 1.77632552524 3.68968050357 0.0 0.435 0.48 1
209 1.11125577882 11.1072270787 0.0 0.435 0.48 1
225 3.98431499032 11.643018329 0.0 0.435 0.48 1
232 14.9674367361 3.55101915994 0.0 0.435 0.48 1
233 6.75340443766 8.25476515249 0.0 0.435 0.48 1
234 15.030576269 4.32212897281 0.0 0.435 0.48 1
237 15.289658819 2.95818821745 0.0 0.435 0.48 1
238 13.6745495677 1.69758715536 0.0 0.435 0.48 1
239 14.4273832648 2.31332943862 0.0 0.435 0.48 1
301 6.08665097037 10.9926703748 0.0 0.435 0.48 1
306 8.25570439017 6.17747025578 0.0 0.435 0.48 1
307 8.45817182563 6.69941923776 0.0 0.435 0.48 1
320 8.25907183192 13.2002735222 0.0 0.435 0.48 1
333 5.88881376732 11.7874075078 0.0 0.435 0.48 1
335 7.30313930401 10.0017548864 0.0 0.435 0.48 1
341 5.1864916965 9.72944405492 0.0 0.435 0.48 1
342 0.606349980831 2.04054128755 0.0 0.435 0.48 1
344 12.5483507661 4.87749032674 0.0 0.435 0.48 1
346 10.9679682579 8.3306589688 0.0 0.435 0.48 1
347 11.2318915054 8.68244351358 0.0 0.435 0.48 1
389 9.81693457337 5.55552281773 0.0 0.435 0.48 1
390 10.2856403725 6.09131406809 0.0 0.435 0.48 1
414 3.84014639023 11.137775533 0.0 0.435 0.48 1
