101 6.12579748076 1.52527477997 0.0 0.435 0.48 1
103 3.82225685591 0.679941769384 0.0 0.435 0.48 1
104 4.35915335056 1.56990416252 0.0 0.435 0.48 1
105 13.8610216548 8.61561876966 0.0 0.435 0.48 1
107 11.1049810443 7.73162287152 0.0 0.435 0.48 1
108 8.02208811849 6.0793810781 0.0 0.435 0.48 1
109 1.80410691971 3.52070936537 0.0 0.435 0.48 1
110 1.32593019064 5.69800271816 0.0 0.435 0.48 1
111 0.412511614866 4.63954650643 0.0 0.435 0.48 1
112 1.0211767119 2.76511243948 0.0 0.435 0.48 1
113 0.772617417435 1.89567478912 0.0 0.435 0.48 1
158 7.96652532955 10.7327698529 0.0 0.435 0.48 1
164 6.71299513662 9.62467240284 0.0 0.435 0.48 1
165 11.570950797 9.10415537967 0.0 0.435 0.48 1
166 7.6266241775 5.81709395822 0.0 0.435 0.48 1
167 6.63575444138 10.2291976755 0.0 0.435 0.48 1
168 7.69018464061 2.54148820715 0.0 0.435 0.48 1
169 7.80825556711 1.69138200057 0.0 0.435 0.48 1
171 8.2738043896 0.185200004578 0.0 0.435 0.48 1
173 14.1693530404 7.00132388439 0.0 0.435 0.48 1
174 12.8602600586 0.751301049498 0.0 0.435 0.48 1
177 8.4705892671 1.77729952847 0.0 0.435 0.48 1
178 8.96854971647 2.13719850643 0.0 0.435 0.48 1
179 12.8484740124 3.7483908143 0.0 0.435 0.48 1
180 12.2271810088 3.28634544205 0.0 0.435 0.48 1
181 13.5352216651 2.6624887256 0.0 0.435 0.48 1
182 14.038022812 2.57752583691 0.0 0.435 0.48 1
255 7.31008465262 6.2450109791 0.0 0.435 0.48 1
257 8.18498811334 5.09681868268 0.0 0.435 0.48 1
258 3.4568894256 10.4950646924 0.0 0.435 0.48 1
261 14.0761169969 3.59540988268 0.0 0.435 0.48 1
262 14.6452146533 3.45507792045 0.0 0.435 0.48 1
264 9.92616596527 3.76342638168 0.0 0.435 0.48 1
265 3.47141151816 5.32640941 0.0 0.435 0.48 1
266 10.9862787225 6.34835067238 0.0 0.435 0.48 1
267 10.8265357042 6.78557542545 0.0 0.435 0.48 1
269 12.0781717112 6.21995170013 0.0 0.435 0.48 1
270 13.0200030768 6.12759035764 0.0 0.435 0.48 1
272 11.421310104 7.56861822831 0.0 0.435 0.48 1
358 11.8230879983 1.07349177911 0.0 0.435 0.48 1
359 10.8856764001 0.502617538197 0.0 0.435 0.48 1
360 11.2457822026 0.795453112445 0.0 0.435 0.48 1
362 9.90448805898 4.7469434163 0.0 0.435 0.48 1
363 3.71260453379 12.2568513339 0.0 0.435 0.48 1
364 3.94053824752 12.4943178346 0.0 0.435 0.48 1
365 7.36691023222 7.87577339054 0.0 0.435 0.48 1
366 6.63575444138 8.15452803661 0.0 0.435 0.48 1
399 5.24899983406 10.6836059342 0.0 0.435 0.48 1
403 8.31800206262 7.64904658082 0.0 0.435 0.48 1
404 6.64396258066 10.5279997448 0.0 0.435 0.48 1
405 7.34102302374 12.1811961774 0.0 0.435 0.48 1
