108 8.01409044432 5.84286921658 0.0 0.435 0.48 1
116 7.18612070305 12.159000816 0.0 0.435 0.48 1
117 9.26256947462 13.7420312675 0.0 0.435 0.48 1
120 9.02179738921 9.77168683947 0.0 0.435 0.48 1
121 8.57645321724 10.035644578 0.0 0.435 0.48 1
123 8.89593925365 8.72444763832 0.0 0.435 0.48 1
124 12.0245031082 5.54478312674 0.0 0.435 0.48 1
125 4.55699055361 4.22093721773 0.0 0.435 0.48 1
126 5.19238471957 3.23336296652 0.0 0.435 0.48 1
127 5.01833007391 2.66034078741 0.0 0.435 0.48 1
164 6.67847885864 9.87932240914 0.0 0.435 0.48 1
166 7.52244394824 5.83785736079 0.0 0.435 0.48 1
168 8.40871252487 5.55337487953 0.0 0.435 0.48 1
177 8.22602880971 6.33975891959 0.0 0.435 0.48 1
178 8.87152530094 6.62662799884 0.0 0.435 0.48 1
180 14.8746216228 8.12445690185 0.0 0.435 0.48 1
190 8.7023113528 6.11207747066 0.0 0.435 0.48 1
198 13.0326309833 4.06031917252 0.0 0.435 0.48 1
255 6.33899863681 5.97389344663 0.0 0.435 0.48 1
269 10.4234950193 6.42543778769 0.0 0.435 0.48 1
270 10.854948494 7.04189605035 0.0 0.435 0.48 1
272 7.82930207807 9.97597962802 0.0 0.435 0.48 1
273 -0.00526162774064 3.49326348841 0.0 0.435 0.48 1
274 -0.0345162779786 2.97608770243 0.0 0.435 0.48 1
276 14.5220925642 6.57292954391 0.0 0.435 0.48 1
277 13.7909367733 4.0770253585 0.0 0.435 0.48 1
279 6.3474172412 8.07004246751 0.0 0.435 0.48 1
280 4.94466728554 10.1218007656 0.0 0.435 0.48 1
281 4.83143705656 9.08506259569 0.0 0.435 0.48 1
282 14.2005018767 4.37797536594 0.0 0.435 0.48 1
283 6.9487160594 0.46657990844 0.0 0.435 0.48 1
284 12.9568635439 5.39967796852 0.0 0.435 0.48 1
285 13.0707251682 5.80038777224 0.0 0.435 0.48 1
286 14.1527262968 7.48150740142 0.0 0.435 0.48 1
287 14.4461146596 7.86264710156 0.0 0.435 0.48 1
369 2.73394177404 4.69921145636 0.0 0.435 0.48 1
370 1.94027784564 5.00350270099 0.0 0.435 0.48 1
371 4.80975915027 6.24023778311 0.0 0.435 0.48 1
372 5.42305447972 6.56051923432 0.0 0.435 0.48 1
373 14.3747669874 6.25288675249 0.0 0.435 0.48 1
374 14.1440972273 6.67984913418 0.0 0.435 0.48 1
375 3.38743593942 12.7754590787 0.0 0.435 0.48 1
376 2.7922406094 12.7656740269 0.0 0.435 0.48 1
377 4.08470684761 11.2427858449 0.0 0.435 0.48 1
378 5.31066611118 9.54639198854 0.0 0.435 0.48 1
381 11.1188717415 9.34973631357 0.0 0.435 0.48 1
399 5.17428472014 12.0704580303 0.0 0.435 0.48 1
