128 7.08972768285 12.7754590787 0.0 0.435 0.48 1
129 7.58242650448 12.4418126787 0.0 0.435 0.48 1
134 12.5883391369 4.91877847209 0.0 0.435 0.48 1
135 11.9697821797 4.84240733619 0.0 0.435 0.48 1
136 12.3593530976 6.11541870786 0.0 0.435 0.48 1
137 6.80728350573 8.73757392731 0.0 0.435 0.48 1
138 6.85590094605 8.33829608239 0.0 0.435 0.48 1
139 4.94782426219 6.18200479198 0.0 0.435 0.48 1
140 4.44207660376 5.93427591987 0.0 0.435 0.48 1
141 5.94100911451 1.4961582844 0.0 0.435 0.48 1
168 4.26191846992 10.8146301642 0.0 0.435 0.48 1
177 3.90223359757 10.9929090346 0.0 0.435 0.48 1
178 3.43373826354 11.5740456469 0.0 0.435 0.48 1
200 0.0408302312674 13.2845204314 0.0 0.435 0.48 1
201 0.542579052615 13.5184070352 0.0 0.435 0.48 1
203 0.499223240032 12.8871518649 0.0 0.435 0.48 1
207 11.3526984783 5.57557024091 0.0 0.435 0.48 1
208 11.7500566053 5.48225425922 0.0 0.435 0.48 1
209 10.6284880361 10.1640435502 0.0 0.435 0.48 1
210 7.32355441964 2.88038512274 0.0 0.435 0.48 1
211 4.03566847707 8.75284815449 0.0 0.435 0.48 1
212 12.3759798413 2.43432995708 0.0 0.435 0.48 1
213 12.6481112281 2.88778357653 0.0 0.435 0.48 1
214 14.2383855964 0.617651561658 0.0 0.435 0.48 1
215 15.2046309147 1.51381910958 0.0 0.435 0.48 1
217 7.51634046006 -0.0255365985693 0.0 0.435 0.48 1
269 3.49372081978 9.14377290642 0.0 0.435 0.48 1
276 12.5858135556 4.28370474506 0.0 0.435 0.48 1
297 6.77760792527 11.0723827479 0.0 0.435 0.48 1
301 7.05331721888 10.7831270707 0.0 0.435 0.48 1
306 7.60221022478 6.89798419112 0.0 0.435 0.48 1
307 8.6170729834 7.14738368182 0.0 0.435 0.48 1
311 12.1627786853 9.17456002058 0.0 0.435 0.48 1
314 8.96707646071 9.33303012759 0.0 0.435 0.48 1
316 6.30742887037 4.23907536251 0.0 0.435 0.48 1
318 11.2222101103 6.41875531329 0.0 0.435 0.48 1
319 12.6586344835 6.46600995364 0.0 0.435 0.48 1
320 14.673416978 6.80800944663 0.0 0.435 0.48 1
389 4.53846962396 10.9594966626 0.0 0.435 0.48 1
390 4.22361381997 11.1876554312 0.0 0.435 0.48 1
391 6.9377718737 10.3148765436 0.0 0.435 0.48 1
392 7.1259276817 10.5418420131 0.0 0.435 0.48 1
393 2.41845457471 13.4074302283 0.0 0.435 0.48 1
394 6.18662189744 7.95357648525 0.0 0.435 0.48 1
395 7.7272264999 12.9725920732 0.0 0.435 0.48 1
396 3.39943245067 9.78361982945 0.0 0.435 0.48 1
399 3.66335569814 12.3995698941 0.0 0.435 0.48 1
408 11.2133705757 7.80990328582 0.0 0.435 0.48 1
409 10.2847985121 8.15428937681 0.0 0.435 0.48 1
414 9.73022294821 8.14999350041 0.0 0.435 0.48 1
415 9.01485204059 11.5351440996 0.0 0.435 0.48 1
