108 7.95347649275 5.83714138139 0.0 0.435 0.48 1
116 6.13190096894 12.2208137041 0.0 0.435 0.48 1
120 9.00748576175 9.98361674161 0.0 0.435 0.48 1
123 6.95061024538 10.7217915021 0.0 0.435 0.48 1
125 10.4102357174 4.36031454076 0.0 0.435 0.48 1
126 10.8665240751 4.25960010529 0.0 0.435 0.48 1
127 10.4952636217 3.39684492932 0.0 0.435 0.48 1
128 2.3045929504 1.54221962575 0.0 0.435 0.48 1
129 2.23429760378 0.879222702144 0.0 0.435 0.48 1
164 6.67237537046 9.92323581229 0.0 0.435 0.48 1
166 7.49845092574 5.8278336492 0.0 0.435 0.48 1
168 8.55014507854 5.68439910957 0.0 0.435 0.48 1
177 8.12563695242 6.44548521086 0.0 0.435 0.48 1
178 8.82396018616 6.71421614534 0.0 0.435 0.48 1
190 8.68105437672 6.24071510271 0.0 0.435 0.48 1
198 9.42567993458 7.53258059856 0.0 0.435 0.48 1
199 2.64175805602 2.62000728125 0.0 0.435 0.48 1
255 6.31942538162 5.89943158912 0.0 0.435 0.48 1
269 8.32515787635 7.46861977223 0.0 0.435 0.48 1
272 8.1513136958 10.4361157219 0.0 0.435 0.48 1
276 14.2714286186 6.30682386723 0.0 0.435 0.48 1
277 13.7530530536 4.05840989413 0.0 0.435 0.48 1
279 3.1727615276 8.42134969269 0.0 0.435 0.48 1
280 3.79089755458 11.4289404887 0.0 0.435 0.48 1
281 3.57980104962 11.0461301699 0.0 0.435 0.48 1
282 14.1038983913 4.42069547009 0.0 0.435 0.48 1
284 8.70925670141 4.666276404 0.0 0.435 0.48 1
285 9.01106366862 4.96603311244 0.0 0.435 0.48 1
286 14.8657820882 7.59773472388 0.0 0.435 0.48 1
287 14.120525135 9.28577548725 0.0 0.435 0.48 1
288 14.47579024 5.13118569384 0.0 0.435 0.48 1
289 14.4985204719 5.44597796966 0.0 0.435 0.48 1
290 14.9914297586 5.88057746494 0.0 0.435 0.48 1
371 8.38703461858 3.21785007954 0.0 0.435 0.48 1
372 8.58697647272 3.79469081544 0.0 0.435 0.48 1
375 4.2680219581 11.1165348109 0.0 0.435 0.48 1
376 4.12848359041 11.6766693608 0.0 0.435 0.48 1
377 6.63659630182 9.00105434619 0.0 0.435 0.48 1
378 8.2672799712 8.93279764347 0.0 0.435 0.48 1
379 2.45423364334 12.802427636 0.0 0.435 0.48 1
380 2.18694295412 12.6489693848 0.0 0.435 0.48 1
381 7.15581372727 8.6633507296 0.0 0.435 0.48 1
383 6.46969746989 11.3597291468 0.0 0.435 0.48 1
384 6.62481025568 11.5792961625 0.0 0.435 0.48 1
385 7.62304627064 11.4699899742 0.0 0.435 0.48 1
399 5.0989382109 12.0523198855 0.0 0.435 0.48 1
408 7.0581579164 12.6620956738 0.0 0.435 0.48 1
409 7.37764395281 13.2248554815 0.0 0.435 0.48 1
