104 15.1248646381 5.55504549813 0.0 0.435 0.48 1
108 8.04439742011 5.84549447438 0.0 0.435 0.48 1
109 14.0022437434 5.64311096422 0.0 0.435 0.48 1
112 13.2978170215 5.9116032389 0.0 0.435 0.48 1
113 13.9468914196 1.75820674449 0.0 0.435 0.48 1
116 6.5923986288 11.9243982329 0.0 0.435 0.48 1
117 10.1524159581 12.7642420681 0.0 0.435 0.48 1
120 9.02895320294 9.66572188839 0.0 0.435 0.48 1
121 8.59897298397 9.29484455964 0.0 0.435 0.48 1
123 7.72049161639 7.43377544147 0.0 0.435 0.48 1
124 9.04684273725 3.86437947696 0.0 0.435 0.48 1
125 1.64162785508 4.38799907753 0.0 0.435 0.48 1
126 1.94806505469 3.14505884062 0.0 0.435 0.48 1
127 1.64310111085 2.69852635536 0.0 0.435 0.48 1
164 6.68142537017 9.85712704776 0.0 0.435 0.48 1
165 14.7826483699 8.40392752731 0.0 0.435 0.48 1
166 7.53465092459 5.84286921658 0.0 0.435 0.48 1
168 8.44196601219 5.50540425979 0.0 0.435 0.48 1
177 8.2761195058 6.28701510385 0.0 0.435 0.48 1
178 8.89530785832 6.5829532555 0.0 0.435 0.48 1
180 14.7662320913 8.1652677276 0.0 0.435 0.48 1
190 8.71304507339 6.04763932474 0.0 0.435 0.48 1
255 6.34889049696 6.01088571558 0.0 0.435 0.48 1
269 10.7593973343 6.48009088182 0.0 0.435 0.48 1
270 10.9869101178 7.00442646179 0.0 0.435 0.48 1
272 8.83006367434 8.60893629526 0.0 0.435 0.48 1
273 2.28565109053 4.17702381458 0.0 0.435 0.48 1
274 2.42939876041 3.71593308154 0.0 0.435 0.48 1
276 14.5690262836 6.59178366809 0.0 0.435 0.48 1
277 13.8098786332 4.08609443089 0.0 0.435 0.48 1
279 7.69207882659 8.0781569007 0.0 0.435 0.48 1
280 5.65414517009 8.95547032445 0.0 0.435 0.48 1
281 6.02351143748 8.20035071815 0.0 0.435 0.48 1
282 14.2486983868 4.35673464377 0.0 0.435 0.48 1
283 11.1201345322 1.29043353705 0.0 0.435 0.48 1
284 14.6304820956 4.94980424606 0.0 0.435 0.48 1
285 14.6367960489 5.83857334019 0.0 0.435 0.48 1
369 3.31840338347 6.64405016422 0.0 0.435 0.48 1
370 2.78234874925 6.94738676966 0.0 0.435 0.48 1
371 4.61339520299 8.17171154219 0.0 0.435 0.48 1
372 5.3220312271 8.30536103003 0.0 0.435 0.48 1
373 13.8622844455 6.92733934648 0.0 0.435 0.48 1
374 14.0119251384 7.53305791816 0.0 0.435 0.48 1
375 2.38078132008 13.3663807428 0.0 0.435 0.48 1
376 1.70729296928 13.4267616721 0.0 0.435 0.48 1
377 2.24292667328 12.0523198855 0.0 0.435 0.48 1
378 4.2922254457 8.991746614 0.0 0.435 0.48 1
399 5.09409751338 12.1313162792 0.0 0.435 0.48 1
