26 13.8906972353 5.72783519312 0.0 0.435 0.48 1
27 14.627325119 4.88059290414 0.0 0.435 0.48 1
28 14.3642437319 5.48917539341 0.0 0.435 0.48 1
29 14.9152413889 8.0767249419 0.0 0.435 0.48 1
94 6.26638817399 9.82156673761 0.0 0.435 0.48 1
95 5.97194748562 9.53899353475 0.0 0.435 0.48 1
96 13.2172088845 0.52505155937 0.0 0.435 0.48 1
97 12.801540293 0.250592789699 0.0 0.435 0.48 1
98 6.47748467894 1.13816858483 0.0 0.435 0.48 1
99 8.74650902582 3.5779877173 0.0 0.435 0.48 1
100 6.07970562175 3.50925369499 0.0 0.435 0.48 1
101 0.774722068532 1.64579797882 0.0 0.435 0.48 1
102 0.248559294468 2.02168716337 0.0 0.435 0.48 1
106 -0.0997604619625 2.9958964658 0.0 0.435 0.48 1
158 10.2917438607 6.6619496492 0.0 0.435 0.48 1
159 9.28950900865 6.7497764555 0.0 0.435 0.48 1
160 9.94279270893 6.30133469183 0.0 0.435 0.48 1
164 5.66382656513 8.85427856937 0.0 0.435 0.48 1
165 5.9626870208 7.20155945635 0.0 0.435 0.48 1
166 10.2793264192 0.451067021458 0.0 0.435 0.48 1
247 0.97803136443 12.977603929 0.0 0.435 0.48 1
248 1.29393949398 13.1403699124 0.0 0.435 0.48 1
249 1.58206622906 13.3417987834 0.0 0.435 0.48 1
250 2.08928714325 12.8224750592 0.0 0.435 0.48 1
254 0.999709270721 3.96580989184 0.0 0.435 0.48 1
255 8.77576367606 5.80014911244 0.0 0.435 0.48 1
257 10.778128729 0.798078370242 0.0 0.435 0.48 1
258 7.44983348541 9.13899971043 0.0 0.435 0.48 1
259 8.89741250942 6.98175378082 0.0 0.435 0.48 1
260 9.00706483153 7.34976719198 0.0 0.435 0.48 1
261 14.2196542016 3.22739647152 0.0 0.435 0.48 1
262 14.8089565086 3.01928512617 0.0 0.435 0.48 1
263 9.53848923334 5.00684393819 0.0 0.435 0.48 1
350 11.3775333612 1.11287064606 0.0 0.435 0.48 1
358 4.7293614784 10.4232280927 0.0 0.435 0.48 1
359 4.15458126401 10.859020887 0.0 0.435 0.48 1
360 4.51489753169 10.8819322277 0.0 0.435 0.48 1
361 7.65166952555 6.46457799484 0.0 0.435 0.48 1
397 11.6109391678 7.02495120457 0.0 0.435 0.48 1
399 4.09270452178 11.8742796749 0.0 0.435 0.48 1
403 6.70689164844 11.646598226 0.0 0.435 0.48 1
