128 7.54033348255 9.29627651844 0.0 0.435 0.48 1
129 8.32999857387 8.83399248639 0.0 0.435 0.48 1
134 8.0092497468 3.35794338197 0.0 0.435 0.48 1
135 7.70639045405 3.94170525207 0.0 0.435 0.48 1
136 3.51476733075 3.20353049155 0.0 0.435 0.48 1
137 0.484069752139 4.30924134363 0.0 0.435 0.48 1
168 6.15778817742 9.60653425807 0.0 0.435 0.48 1
177 5.74043586504 9.44042703747 0.0 0.435 0.48 1
178 5.5670126147 10.0048574638 0.0 0.435 0.48 1
190 6.97965443051 11.2069868749 0.0 0.435 0.48 1
200 3.57159291035 11.2714250209 0.0 0.435 0.48 1
201 3.83719987869 11.5859786369 0.0 0.435 0.48 1
203 3.96432080491 10.6998348006 0.0 0.435 0.48 1
207 11.4253089411 4.65147949642 0.0 0.435 0.48 1
208 11.8603403227 4.79634599484 0.0 0.435 0.48 1
209 8.61812530895 7.48771255621 0.0 0.435 0.48 1
210 14.3158367567 0.0548917539341 0.0 0.435 0.48 1
269 3.61579058337 9.18697033017 0.0 0.435 0.48 1
276 12.4927879772 4.44241351187 0.0 0.435 0.48 1
286 0.796189509713 3.53884751015 0.0 0.435 0.48 1
287 1.11546508102 4.03740783175 0.0 0.435 0.48 1
293 13.5385891069 8.64545124462 0.0 0.435 0.48 1
297 9.58247644125 9.26716002287 0.0 0.435 0.48 1
301 8.09280439532 9.95736416364 0.0 0.435 0.48 1
306 12.1570961273 5.75313313189 0.0 0.435 0.48 1
307 13.9557309542 5.4151908555 0.0 0.435 0.48 1
311 12.3313612381 9.01251001658 0.0 0.435 0.48 1
312 12.0756461299 1.02623713877 0.0 0.435 0.48 1
313 12.3134717038 1.45009694306 0.0 0.435 0.48 1
314 11.071727557 8.44235175506 0.0 0.435 0.48 1
315 13.060833308 8.96239145864 0.0 0.435 0.48 1
316 14.5591344235 3.68681658597 0.0 0.435 0.48 1
317 14.7325576738 8.87026877595 0.0 0.435 0.48 1
375 7.17075675005 10.9964889316 0.0 0.435 0.48 1
389 3.75511848594 12.6298766008 0.0 0.435 0.48 1
390 3.45225919319 12.7148394895 0.0 0.435 0.48 1
391 2.75309409901 9.38744456193 0.0 0.435 0.48 1
392 2.51190108338 9.62347910385 0.0 0.435 0.48 1
399 2.91409990788 13.5637523971 0.0 0.435 0.48 1
408 7.79415440476 9.62037652645 0.0 0.435 0.48 1
409 7.78952417235 10.2093889121 0.0 0.435 0.48 1
414 9.49323923477 7.8256548326 0.0 0.435 0.48 1
