137 9.05189389988 10.8568729488 0.0 0.435 0.48 1
138 8.7220950731 10.4394569591 0.0 0.435 0.48 1
139 5.46704168763 9.57240590671 0.0 0.435 0.48 1
140 5.14629286056 9.34090590098 0.0 0.435 0.48 1
142 4.76913938411 1.48446395422 0.0 0.435 0.48 1
143 4.84196031204 0.960605693847 0.0 0.435 0.48 1
144 3.07279060053 2.08755726809 0.0 0.435 0.48 1
145 2.21998597633 2.93360625808 0.0 0.435 0.48 1
146 1.16155694002 2.65556759141 0.0 0.435 0.48 1
147 0.990869736117 1.73457942432 0.0 0.435 0.48 1
168 3.48909058737 12.5458683513 0.0 0.435 0.48 1
177 3.09657315792 12.4601894832 0.0 0.435 0.48 1
178 2.83706967775 12.9043353705 0.0 0.435 0.48 1
207 11.4844496369 6.76886923947 0.0 0.435 0.48 1
208 11.9123252048 6.51541253218 0.0 0.435 0.48 1
209 10.5405136203 10.458549743 0.0 0.435 0.48 1
210 2.20251737223 3.60328565607 0.0 0.435 0.48 1
211 2.3504743443 12.2117446317 0.0 0.435 0.48 1
212 5.91406958048 2.9116495565 0.0 0.435 0.48 1
213 5.88649865112 3.45650987925 0.0 0.435 0.48 1
214 10.3925566482 3.43335987868 0.0 0.435 0.48 1
215 10.7734984966 3.63383411044 0.0 0.435 0.48 1
216 10.2643833964 2.86702017396 0.0 0.435 0.48 1
217 11.9028542749 5.03357383576 0.0 0.435 0.48 1
218 12.0367100846 4.27201041487 0.0 0.435 0.48 1
219 10.9833322109 1.68851808297 0.0 0.435 0.48 1
269 3.40827198528 9.11346311186 0.0 0.435 0.48 1
276 12.7272461093 4.2481444349 0.0 0.435 0.48 1
301 6.6513288595 10.8900466609 0.0 0.435 0.48 1
306 7.62388813108 7.13139347524 0.0 0.435 0.48 1
307 8.17909509027 7.20418471415 0.0 0.435 0.48 1
311 11.6321961439 9.62753632044 0.0 0.435 0.48 1
314 7.42941836978 9.92824766808 0.0 0.435 0.48 1
316 -0.235720922781 4.07630937911 0.0 0.435 0.48 1
318 4.75482775666 4.60422485607 0.0 0.435 0.48 1
319 6.23481840755 4.6629351668 0.0 0.435 0.48 1
320 12.2648542634 8.06670123031 0.0 0.435 0.48 1
321 13.2197344658 6.164105307 0.0 0.435 0.48 1
322 13.4276739941 5.88964653733 0.0 0.435 0.48 1
323 11.9544182267 6.03164911816 0.0 0.435 0.48 1
324 14.5143053551 6.44906510786 0.0 0.435 0.48 1
325 14.0862193221 7.44618575106 0.0 0.435 0.48 1
326 14.8396844146 6.30992644462 0.0 0.435 0.48 1
389 4.86784752053 8.96000486064 0.0 0.435 0.48 1
390 4.34315800223 9.09079043089 0.0 0.435 0.48 1
391 10.8810461676 8.80654660943 0.0 0.435 0.48 1
392 11.0258461631 8.95403836565 0.0 0.435 0.48 1
394 12.0630182233 7.77649091386 0.0 0.435 0.48 1
395 6.40718933233 10.2759749963 0.0 0.435 0.48 1
396 3.75133011397 9.9955497316 0.0 0.435 0.48 1
399 4.09628242864 11.5401559553 0.0 0.435 0.48 1
408 14.5606076792 7.01516615278 0.0 0.435 0.48 1
409 14.9781704567 7.19153574477 0.0 0.435 0.48 1
414 11.1213973228 7.90274194791 0.0 0.435 0.48 1
415 11.3430170833 9.87574251214 0.0 0.435 0.48 1
