128 7.84277184509 8.86955279655 0.0 0.435 0.48 1
129 8.66442763306 8.42683886808 0.0 0.435 0.48 1
134 7.28314511859 3.04768564234 0.0 0.435 0.48 1
135 7.04174163785 3.665337204 0.0 0.435 0.48 1
136 2.25197667299 2.90902429871 0.0 0.435 0.48 1
168 6.500635841 9.46882755363 0.0 0.435 0.48 1
177 6.05613352947 9.22825847552 0.0 0.435 0.48 1
178 5.71033935436 9.9134507605 0.0 0.435 0.48 1
190 6.89104861936 10.9556781058 0.0 0.435 0.48 1
200 3.77342895048 10.9783507868 0.0 0.435 0.48 1
201 4.06492312731 11.3150997642 0.0 0.435 0.48 1
203 3.97821150214 10.4103404635 0.0 0.435 0.48 1
204 15.2702960289 7.39606719312 0.0 0.435 0.48 1
207 11.569056611 4.28036350786 0.0 0.435 0.48 1
208 11.8851752057 4.52952433876 0.0 0.435 0.48 1
209 8.56992879884 6.90562130471 0.0 0.435 0.48 1
269 3.65346383799 9.19269816536 0.0 0.435 0.48 1
276 12.4833170472 4.45816505865 0.0 0.435 0.48 1
286 1.66730459845 3.59588720228 0.0 0.435 0.48 1
287 1.85083017405 4.0839464927 0.0 0.435 0.48 1
292 0.864169740122 13.7537255977 0.0 0.435 0.48 1
293 13.5228042237 8.64187134762 0.0 0.435 0.48 1
297 10.1576775859 9.12396414305 0.0 0.435 0.48 1
301 8.1513136958 9.9148827193 0.0 0.435 0.48 1
306 12.630642624 5.663635707 0.0 0.435 0.48 1
307 13.957414675 5.39395013332 0.0 0.435 0.48 1
310 15.0194216182 0.0470159805436 0.0 0.435 0.48 1
311 12.3566170512 8.9922239336 0.0 0.435 0.48 1
312 11.6883903282 1.96775004864 0.0 0.435 0.48 1
313 11.904958926 2.61093820887 0.0 0.435 0.48 1
314 11.4112077788 8.33471618539 0.0 0.435 0.48 1
315 12.9019321503 8.95332238625 0.0 0.435 0.48 1
316 14.7186669766 4.27940886866 0.0 0.435 0.48 1
317 14.9196611562 9.43589250127 0.0 0.435 0.48 1
375 7.20337884204 10.9883744984 0.0 0.435 0.48 1
389 3.63389058279 12.6785632 0.0 0.435 0.48 1
390 3.33902896421 12.9143590821 0.0 0.435 0.48 1
391 2.23345574335 9.27789971386 0.0 0.435 0.48 1
399 2.88484525764 13.669956008 0.0 0.435 0.48 1
408 7.68513347798 9.75951518968 0.0 0.435 0.48 1
409 7.73248812764 10.5869487153 0.0 0.435 0.48 1
414 9.45830202657 7.88531978253 0.0 0.435 0.48 1
