1 2.8271778176 2.51213305178 0.0 0.435 0.48 1
2 2.41571852828 1.37635106495 0.0 0.435 0.48 1
3 2.22019644144 0.479467537624 0.0 0.435 0.48 1
4 8.62380786691 8.18984968697 0.0 0.435 0.48 1
5 5.0048603069 1.2532026083 0.0 0.435 0.48 1
6 5.03643007334 0.236034541917 0.0 0.435 0.48 1
11 4.25665684218 3.46056709585 0.0 0.435 0.48 1
12 0.330430222112 0.905236620313 0.0 0.435 0.48 1
13 1.10788833707 3.20997430615 0.0 0.435 0.48 1
14 0.609717422585 2.78993305865 0.0 0.435 0.48 1
15 0.638340677494 2.15318871301 0.0 0.435 0.48 1
16 0.128383716872 1.57396137911 0.0 0.435 0.48 1
17 1.40885344383 2.84148357539 0.0 0.435 0.48 1
18 6.7016300207 6.09298468668 0.0 0.435 0.48 1
19 6.06834050583 5.05171198053 0.0 0.435 0.48 1
25 9.05484041142 4.04361298654 0.0 0.435 0.48 1
26 5.75348470183 7.75047699569 0.0 0.435 0.48 1
27 5.67224516952 8.36860587695 0.0 0.435 0.48 1
28 5.26162774064 7.92780122688 0.0 0.435 0.48 1
29 5.64867307724 9.9151213791 0.0 0.435 0.48 1
30 5.65246144921 9.42157291329 0.0 0.435 0.48 1
31 3.79889522874 10.9645085184 0.0 0.435 0.48 1
32 3.47835686678 11.4057904881 0.0 0.435 0.48 1
33 8.15889043974 9.68386003317 0.0 0.435 0.48 1
34 8.43965089598 9.68051879598 0.0 0.435 0.48 1
35 7.44836022965 10.6210770666 0.0 0.435 0.48 1
36 10.5179938535 9.92371313188 0.0 0.435 0.48 1
40 6.01930213529 4.48680423461 0.0 0.435 0.48 1
41 6.11316957418 3.83884287839 0.0 0.435 0.48 1
42 4.66474868974 5.44454601086 0.0 0.435 0.48 1
43 11.1929554601 4.68536918797 0.0 0.435 0.48 1
44 15.0166855718 6.40801562231 0.0 0.435 0.48 1
46 6.05781725035 9.54830126694 0.0 0.435 0.48 1
47 6.34510212499 9.80008735563 0.0 0.435 0.48 1
49 5.6652998209 10.7494760389 0.0 0.435 0.48 1
50 4.92341030947 10.5921992309 0.0 0.435 0.48 1
51 4.89036728726 9.98695797881 0.0 0.435 0.48 1
52 6.00036027542 11.6153337923 0.0 0.435 0.48 1
53 5.88018469783 10.4268079897 0.0 0.435 0.48 1
54 5.70444633129 10.2444719027 0.0 0.435 0.48 1
55 10.4384380421 8.43376000227 0.0 0.435 0.48 1
56 8.94034739178 5.98773571501 0.0 0.435 0.48 1
59 0.362420918775 3.95650215965 0.0 0.435 0.48 1
60 7.74511603422 9.80509921143 0.0 0.435 0.48 1
61 7.35217767455 9.88839148153 0.0 0.435 0.48 1
63 2.03603947052 12.4547003078 0.0 0.435 0.48 1
64 2.47801620073 12.481907525 0.0 0.435 0.48 1
65 3.43836849595 12.0158049362 0.0 0.435 0.48 1
66 3.86813824981 11.7685533837 0.0 0.435 0.48 1
67 7.5544346449 11.515573996 0.0 0.435 0.48 1
68 5.29993239059 11.9881203994 0.0 0.435 0.48 1
69 4.36715102473 11.0857476967 0.0 0.435 0.48 1
70 3.49308942445 12.9682961968 0.0 0.435 0.48 1
71 11.3947915002 8.07171308611 0.0 0.435 0.48 1
72 11.7972007898 8.17767803718 0.0 0.435 0.48 1
73 12.9947472636 5.18918002517 0.0 0.435 0.48 1
75 13.2780333012 8.21085174934 0.0 0.435 0.48 1
76 14.0535972301 8.20846515134 0.0 0.435 0.48 1
77 15.055411152 7.02351924577 0.0 0.435 0.48 1
80 14.8323181357 8.29295072044 0.0 0.435 0.48 1
81 15.0482553382 7.9951032904 0.0 0.435 0.48 1
82 8.99612064583 8.71418526694 0.0 0.435 0.48 1
83 12.5698182073 8.16932494419 0.0 0.435 0.48 1
402 7.43299627664 13.2771219777 0.0 0.435 0.48 1
