147 14.8194797641 5.59346972588 0.0 0.435 0.48 1
148 6.27186026684 6.12305582145 0.0 0.435 0.48 1
207 8.09490904642 12.5773714449 0.0 0.435 0.48 1
208 8.53920089284 12.6126930953 0.0 0.435 0.48 1
209 4.31874404952 12.017236895 0.0 0.435 0.48 1
214 5.31571727381 10.3437543794 0.0 0.435 0.48 1
215 4.69863357239 10.5017471668 0.0 0.435 0.48 1
216 4.83838240518 10.7485213997 0.0 0.435 0.48 1
225 4.69126729355 10.026098186 0.0 0.435 0.48 1
228 10.2869031632 13.0694879519 0.0 0.435 0.48 1
229 8.63769856414 11.1530497602 0.0 0.435 0.48 1
301 6.29269631269 11.2664131651 0.0 0.435 0.48 1
306 7.92422184251 6.94404553246 0.0 0.435 0.48 1
307 8.38640322325 7.18461461057 0.0 0.435 0.48 1
314 3.58927197955 11.0926688309 0.0 0.435 0.48 1
320 8.85153111552 11.5170059548 0.0 0.435 0.48 1
332 6.32868584644 10.5805049007 0.0 0.435 0.48 1
333 6.43370793614 10.3065234506 0.0 0.435 0.48 1
335 11.9504193896 9.0745615645 0.0 0.435 0.48 1
336 8.31337183021 9.58219095849 0.0 0.435 0.48 1
339 0.25866161973 1.55128869814 0.0 0.435 0.48 1
340 0.0601930213529 0.52505155937 0.0 0.435 0.48 1
341 11.9249531114 8.01515071358 0.0 0.435 0.48 1
342 14.9177669703 7.56074245492 0.0 0.435 0.48 1
345 14.7725460446 3.0827686329 0.0 0.435 0.48 1
389 8.47690322039 6.18868726637 0.0 0.435 0.48 1
390 9.15523226871 6.13355685264 0.0 0.435 0.48 1
414 4.05250568584 10.33110541 0.0 0.435 0.48 1
