26 8.10437997635 4.97319290643 0.0 0.435 0.48 1
27 7.77289742869 3.93144288068 0.0 0.435 0.48 1
28 7.7228067326 4.60541815507 0.0 0.435 0.48 1
29 14.6165913984 8.19653216136 0.0 0.435 0.48 1
30 15.0693018492 8.06670123031 0.0 0.435 0.48 1
56 1.70476738797 4.79706197424 0.0 0.435 0.48 1
77 3.41774291521 12.2356106117 0.0 0.435 0.48 1
80 3.5530719807 13.2174570277 0.0 0.435 0.48 1
81 3.82814987898 12.5367992789 0.0 0.435 0.48 1
82 3.24116268823 13.6990725036 0.0 0.435 0.48 1
94 6.50337188743 9.37933012874 0.0 0.435 0.48 1
95 5.1273510007 5.47294652703 0.0 0.435 0.48 1
96 8.19572183393 2.56630882632 0.0 0.435 0.48 1
97 8.10480090657 2.00975417339 0.0 0.435 0.48 1
98 0.688431373585 3.38204802174 0.0 0.435 0.48 1
158 11.5846310291 5.09944394048 0.0 0.435 0.48 1
159 10.3277333944 4.7459887771 0.0 0.435 0.48 1
160 11.3594333618 4.48036042002 0.0 0.435 0.48 1
162 14.6010169803 4.73381712732 0.0 0.435 0.48 1
163 15.0474134778 4.497066606 0.0 0.435 0.48 1
164 5.00906960909 3.0787114163 0.0 0.435 0.48 1
165 5.7637974922 1.45677941745 0.0 0.435 0.48 1
247 3.92875220138 11.181927596 0.0 0.435 0.48 1
248 4.12511614866 11.2647425465 0.0 0.435 0.48 1
249 4.22529754084 11.5329961614 0.0 0.435 0.48 1
250 4.56141032091 10.7423162449 0.0 0.435 0.48 1
254 6.91798815339 3.54767792274 0.0 0.435 0.48 1
255 10.8530543081 5.46125219684 0.0 0.435 0.48 1
256 11.9840938072 0.589728365092 0.0 0.435 0.48 1
257 12.2842170535 3.18539234678 0.0 0.435 0.48 1
258 11.7159612575 6.56123521372 0.0 0.435 0.48 1
259 13.3540112057 6.43593881887 0.0 0.435 0.48 1
260 13.4992321314 7.09774244348 0.0 0.435 0.48 1
261 14.7180355812 2.21619490014 0.0 0.435 0.48 1
349 10.8945159347 4.75792176709 0.0 0.435 0.48 1
350 11.8725472991 5.77198725607 0.0 0.435 0.48 1
351 10.6116508273 6.2433403605 0.0 0.435 0.48 1
352 10.4253892053 6.55693933733 0.0 0.435 0.48 1
353 10.5743985029 5.89489705292 0.0 0.435 0.48 1
354 9.89291247795 6.39488933332 0.0 0.435 0.48 1
355 3.40469407841 8.58626361429 0.0 0.435 0.48 1
356 3.88266034237 8.53757701515 0.0 0.435 0.48 1
357 3.46867547174 9.50247858539 0.0 0.435 0.48 1
358 2.59124642971 12.1611487542 0.0 0.435 0.48 1
359 2.54389178004 12.5714049499 0.0 0.435 0.48 1
360 2.91220572189 12.6262967038 0.0 0.435 0.48 1
361 12.0386042706 10.9623605802 0.0 0.435 0.48 1
397 11.2901903408 7.13592801143 0.0 0.435 0.48 1
399 3.49393128489 12.6148410335 0.0 0.435 0.48 1
