1 1.43894995451 1.94985056366 0.0 0.435 0.48 1
2 0.836598810761 1.02814641717 0.0 0.435 0.48 1
3 0.173423250331 -0.0267298975679 0.0 0.435 0.48 1
4 7.38101139457 8.93566156107 0.0 0.435 0.48 1
5 3.51013709833 1.19473095737 0.0 0.435 0.48 1
6 3.50213942417 0.195462375965 0.0 0.435 0.48 1
11 2.5057975952 3.02883151816 0.0 0.435 0.48 1
13 0.631395328877 2.73265470672 0.0 0.435 0.48 1
15 -0.0911313924679 1.79257375565 0.0 0.435 0.48 1
17 0.673488350802 2.24340211731 0.0 0.435 0.48 1
18 7.68744859418 6.80061099283 0.0 0.435 0.48 1
19 7.23768465491 5.76769137967 0.0 0.435 0.48 1
25 10.530411295 2.03934798855 0.0 0.435 0.48 1
26 5.5274451741 6.64357284462 0.0 0.435 0.48 1
27 5.54217773177 7.30298987123 0.0 0.435 0.48 1
28 5.12293123339 6.69798727896 0.0 0.435 0.48 1
29 6.04034864625 9.27360383747 0.0 0.435 0.48 1
30 6.01235678667 8.87814454934 0.0 0.435 0.48 1
31 3.1464533889 11.5988662661 0.0 0.435 0.48 1
32 2.42224294668 11.9959961728 0.0 0.435 0.48 1
33 8.15068230047 9.64997034161 0.0 0.435 0.48 1
34 8.44259740752 9.4941254924 0.0 0.435 0.48 1
35 7.59400208551 9.94137395706 0.0 0.435 0.48 1
36 11.1230810437 9.85664972817 0.0 0.435 0.48 1
40 4.45049520814 4.06700164692 0.0 0.435 0.48 1
41 4.4408138131 3.34648771158 0.0 0.435 0.48 1
42 3.95590220052 5.05863311473 0.0 0.435 0.48 1
43 8.97633692553 3.85435576537 0.0 0.435 0.48 1
46 6.05192422728 9.86404818196 0.0 0.435 0.48 1
47 6.31395328877 10.0475775679 0.0 0.435 0.48 1
49 6.4612788655 10.7635569671 0.0 0.435 0.48 1
50 5.68634633186 10.8659420212 0.0 0.435 0.48 1
51 4.87458240404 10.121323446 0.0 0.435 0.48 1
52 5.67792772748 11.8270250346 0.0 0.435 0.48 1
53 5.37212192319 10.5427966523 0.0 0.435 0.48 1
54 5.39800913168 10.3151152034 0.0 0.435 0.48 1
55 10.0111938696 8.75284815449 0.0 0.435 0.48 1
56 8.22666020504 5.496812507 0.0 0.435 0.48 1
60 7.86444975138 9.31560796222 0.0 0.435 0.48 1
61 7.25410093346 9.43493786207 0.0 0.435 0.48 1
63 1.41158949026 12.8177018632 0.0 0.435 0.48 1
64 1.80915808234 12.9344065053 0.0 0.435 0.48 1
65 2.90989060568 12.4597121636 0.0 0.435 0.48 1
66 3.40953477593 12.2193817453 0.0 0.435 0.48 1
67 7.26041488675 10.6115306747 0.0 0.435 0.48 1
68 5.21195797477 11.9134198821 0.0 0.435 0.48 1
69 4.22887544771 10.002232206 0.0 0.435 0.48 1
70 3.77784871778 12.3041059742 0.0 0.435 0.48 1
71 10.3237345574 8.32087391701 0.0 0.435 0.48 1
72 10.8928322138 8.5771945419 0.0 0.435 0.48 1
73 11.6690275381 4.73501042631 0.0 0.435 0.48 1
74 13.8875402586 5.1629274472 0.0 0.435 0.48 1
75 12.5733961141 8.11109195306 0.0 0.435 0.48 1
76 13.3100239978 8.10464813847 0.0 0.435 0.48 1
77 14.0710658342 6.89893883032 0.0 0.435 0.48 1
78 15.2048413798 8.19175896536 0.0 0.435 0.48 1
80 13.9748832791 8.36192340256 0.0 0.435 0.48 1
81 14.2114460624 7.87004555535 0.0 0.435 0.48 1
82 8.94371483354 8.72778887552 0.0 0.435 0.48 1
83 11.6153589351 7.61587286866 0.0 0.435 0.48 1
240 14.9813274334 4.30566144663 0.0 0.435 0.48 1
