148 7.26946488647 11.2807327531 0.0 0.435 0.48 1
209 2.72152433257 12.6351271164 0.0 0.435 0.48 1
225 4.3576800948 10.4964966512 0.0 0.435 0.48 1
229 8.11153579008 13.308863731 0.0 0.435 0.48 1
232 13.9365786292 2.28540624206 0.0 0.435 0.48 1
233 9.28151133449 3.78275782546 0.0 0.435 0.48 1
234 14.4869448909 1.42193508669 0.0 0.435 0.48 1
235 14.796328602 2.79613821344 0.0 0.435 0.48 1
237 14.9535460389 0.537939188554 0.0 0.435 0.48 1
301 6.30448235883 11.185507493 0.0 0.435 0.48 1
306 7.91727649389 6.99153883261 0.0 0.435 0.48 1
307 8.36009508455 7.10943677366 0.0 0.435 0.48 1
314 3.33734524333 13.1675771296 0.0 0.435 0.48 1
320 8.63159507596 12.6504013436 0.0 0.435 0.48 1
332 5.5691172658 11.2155786277 0.0 0.435 0.48 1
333 5.37170099297 11.2456497625 0.0 0.435 0.48 1
335 9.87249736231 10.2709631405 0.0 0.435 0.48 1
336 6.47832653938 10.6423177888 0.0 0.435 0.48 1
341 9.45177760817 8.67194248239 0.0 0.435 0.48 1
342 9.07799157348 4.61400990786 0.0 0.435 0.48 1
343 14.4248576835 2.93670883547 0.0 0.435 0.48 1
344 14.7477111617 6.56314449212 0.0 0.435 0.48 1
345 14.4168600093 2.21953613734 0.0 0.435 0.48 1
389 8.57161251972 6.16935582259 0.0 0.435 0.48 1
390 9.41705086508 6.17818623518 0.0 0.435 0.48 1
414 3.59116616554 10.7840817099 0.0 0.435 0.48 1
