101 12.2574879846 3.19804131616 0.0 0.435 0.48 1
103 11.405946151 2.6682165608 0.0 0.435 0.48 1
104 11.3358612695 3.38276400114 0.0 0.435 0.48 1
108 7.88276021591 6.14716046122 0.0 0.435 0.48 1
109 11.9554705523 5.0817831153 0.0 0.435 0.48 1
112 11.2531484815 5.09681868268 0.0 0.435 0.48 1
113 11.2377845285 4.55577691673 0.0 0.435 0.48 1
114 3.42763477536 12.9081539273 0.0 0.435 0.48 1
115 2.89999874553 12.8833333081 0.0 0.435 0.48 1
116 4.88931496171 10.2907719038 0.0 0.435 0.48 1
117 3.35355105677 4.13048515364 0.0 0.435 0.48 1
118 1.59132669388 2.1687016 0.0 0.435 0.48 1
119 0.272131386746 3.77082483547 0.0 0.435 0.48 1
164 6.69552653252 9.75354869469 0.0 0.435 0.48 1
165 12.7844926191 9.23637290871 0.0 0.435 0.48 1
166 7.59147650419 5.86625787696 0.0 0.435 0.48 1
168 7.28209279304 4.7433635193 0.0 0.435 0.48 1
173 14.9045076684 9.1611950718 0.0 0.435 0.48 1
177 7.8036253347 4.32236763261 0.0 0.435 0.48 1
178 8.81975088397 5.34454755478 0.0 0.435 0.48 1
180 8.61286368121 9.40319610871 0.0 0.435 0.48 1
189 12.1211065936 3.95984339685 0.0 0.435 0.48 1
190 8.4291276405 4.3316753648 0.0 0.435 0.48 1
195 13.5339588745 3.21021296595 0.0 0.435 0.48 1
196 8.45838229074 1.33912013619 0.0 0.435 0.48 1
197 8.43965089598 0.453453619456 0.0 0.435 0.48 1
255 6.39519282108 6.18630066837 0.0 0.435 0.48 1
264 1.17881507901 2.84482481258 0.0 0.435 0.48 1
267 9.17206947748 9.69436106436 0.0 0.435 0.48 1
269 11.2621984812 6.4958424286 0.0 0.435 0.48 1
270 11.9403170644 6.45908881944 0.0 0.435 0.48 1
272 13.4200972502 7.18365997137 0.0 0.435 0.48 1
273 8.61033809989 7.27387337567 0.0 0.435 0.48 1
274 8.65011600561 6.92662336708 0.0 0.435 0.48 1
275 0.894055785689 5.08679497109 0.0 0.435 0.48 1
276 14.7895937185 6.68008779398 0.0 0.435 0.48 1
277 14.3128902452 5.32306817281 0.0 0.435 0.48 1
278 14.6483716299 2.04459850415 0.0 0.435 0.48 1
279 11.6795507936 7.48198472102 0.0 0.435 0.48 1
280 13.1237623758 7.70202905635 0.0 0.435 0.48 1
281 13.0193716814 7.92350535049 0.0 0.435 0.48 1
282 14.9116634821 5.12187796165 0.0 0.435 0.48 1
367 6.01046260069 9.37479559254 0.0 0.435 0.48 1
368 6.26491491822 9.02301104777 0.0 0.435 0.48 1
369 7.54391138942 11.7227307021 0.0 0.435 0.48 1
370 7.66640208322 11.9601972028 0.0 0.435 0.48 1
399 6.65217071993 11.2318074941 0.0 0.435 0.48 1
403 14.4166495442 8.44139711586 0.0 0.435 0.48 1
404 12.4669007687 8.21180638854 0.0 0.435 0.48 1
407 2.77519293552 4.39205629413 0.0 0.435 0.48 1
