123 13.5110181775 7.52565946436 0.0 0.435 0.48 1
128 10.4624310646 5.82496973161 0.0 0.435 0.48 1
129 11.1218182531 5.2505155937 0.0 0.435 0.48 1
134 2.63081387032 1.20045879256 0.0 0.435 0.48 1
135 2.64007433514 1.98016035822 0.0 0.435 0.48 1
168 7.08551838065 8.94735589126 0.0 0.435 0.48 1
177 6.54167653738 8.88649764233 0.0 0.435 0.48 1
178 7.31303116416 9.14830744262 0.0 0.435 0.48 1
190 7.42962883489 9.4094012635 0.0 0.435 0.48 1
200 5.147134721 8.81227444462 0.0 0.435 0.48 1
201 5.29256611175 9.29365126064 0.0 0.435 0.48 1
203 4.63570450461 8.60296980027 0.0 0.435 0.48 1
204 12.0175577596 7.04404398854 0.0 0.435 0.48 1
207 12.7710228521 3.17656193419 0.0 0.435 0.48 1
208 13.4167298084 2.60998356967 0.0 0.435 0.48 1
209 8.17130788121 2.47299284463 0.0 0.435 0.48 1
269 3.96284754914 9.23159971272 0.0 0.435 0.48 1
276 12.6624228555 4.45005062546 0.0 0.435 0.48 1
286 7.19411837722 4.4144903153 0.0 0.435 0.48 1
287 7.0821509389 4.7469434163 0.0 0.435 0.48 1
292 3.03743246212 12.2005276212 0.0 0.435 0.48 1
293 13.4285158545 8.62063062545 0.0 0.435 0.48 1
294 13.9079553743 8.85213063117 0.0 0.435 0.48 1
297 10.7669740782 8.84425485778 0.0 0.435 0.48 1
298 4.16173707774 0.890678372531 0.0 0.435 0.48 1
299 6.25081375588 2.19304489957 0.0 0.435 0.48 1
300 4.88068589222 0.384242277539 0.0 0.435 0.48 1
301 10.4794787385 9.31155074562 0.0 0.435 0.48 1
302 4.00430917574 5.94406097166 0.0 0.435 0.48 1
303 10.4782159478 2.27585985007 0.0 0.435 0.48 1
304 11.9194810185 1.68302890758 0.0 0.435 0.48 1
305 5.12440448916 1.60594179227 0.0 0.435 0.48 1
306 13.3761100423 5.36817487495 0.0 0.435 0.48 1
307 13.9666751399 5.26769909928 0.0 0.435 0.48 1
310 14.6256413981 4.23382484692 0.0 0.435 0.48 1
311 13.1237623758 8.43447598167 0.0 0.435 0.48 1
312 13.1677495837 5.8302202472 0.0 0.435 0.48 1
313 13.9748832791 5.98845169441 0.0 0.435 0.48 1
314 13.6314042202 8.12588886064 0.0 0.435 0.48 1
315 14.8018006949 7.72923627352 0.0 0.435 0.48 1
375 7.39826953356 10.9404038787 0.0 0.435 0.48 1
378 14.5612390746 7.09082130929 0.0 0.435 0.48 1
379 6.81086141259 11.2659358455 0.0 0.435 0.48 1
382 -0.0315697664438 1.81906499342 0.0 0.435 0.48 1
399 3.20938245668 13.7255637413 0.0 0.435 0.48 1
408 7.94021719084 9.47765796622 0.0 0.435 0.48 1
409 7.68471254776 11.9757100898 0.0 0.435 0.48 1
411 3.88181848193 10.7972079988 0.0 0.435 0.48 1
413 4.81123240604 12.138714733 0.0 0.435 0.48 1
414 8.49984391734 9.54853992674 0.0 0.435 0.48 1
