101 13.7124332874 5.60420941687 0.0 0.435 0.48 1
103 13.8260844466 4.88035424434 0.0 0.435 0.48 1
104 13.3043414399 5.34263827639 0.0 0.435 0.48 1
108 8.01072300257 6.15670685321 0.0 0.435 0.48 1
109 12.0687007813 5.14025476623 0.0 0.435 0.48 1
112 11.380900803 5.25337951129 0.0 0.435 0.48 1
113 11.588208936 4.73501042631 0.0 0.435 0.48 1
116 6.01446143777 12.0888348349 0.0 0.435 0.48 1
117 7.38964046406 10.3618925242 0.0 0.435 0.48 1
118 5.97720911336 8.06049607552 0.0 0.435 0.48 1
119 6.81570211011 2.65532893161 0.0 0.435 0.48 1
120 5.10756728039 6.67316665979 0.0 0.435 0.48 1
121 4.5938219478 6.53450531615 0.0 0.435 0.48 1
122 3.28325571016 4.30804804463 0.0 0.435 0.48 1
123 0.661070909334 4.02786143976 0.0 0.435 0.48 1
164 6.6885811839 9.80366725263 0.0 0.435 0.48 1
165 12.179615894 9.11847496765 0.0 0.435 0.48 1
166 7.56390557483 5.85480220657 0.0 0.435 0.48 1
168 8.30032299341 5.05218930013 0.0 0.435 0.48 1
173 15.0560425473 9.5812363193 0.0 0.435 0.48 1
177 8.26054508769 5.90372746551 0.0 0.435 0.48 1
178 8.96055204231 6.16935582259 0.0 0.435 0.48 1
180 13.5749995708 7.92469864949 0.0 0.435 0.48 1
189 13.6913867765 5.95647128125 0.0 0.435 0.48 1
190 8.76502995546 5.56960374591 0.0 0.435 0.48 1
255 6.37288351946 6.10133777967 0.0 0.435 0.48 1
269 10.8522124476 6.52519758397 0.0 0.435 0.48 1
270 11.8169845101 6.5805666575 0.0 0.435 0.48 1
272 13.991930953 7.47792750442 0.0 0.435 0.48 1
273 5.75180098096 6.67674655678 0.0 0.435 0.48 1
274 6.09885794673 6.50204758339 0.0 0.435 0.48 1
276 14.6826774428 6.63712903003 0.0 0.435 0.48 1
277 14.2335448989 4.27129443547 0.0 0.435 0.48 1
279 8.69999623659 7.92971050528 0.0 0.435 0.48 1
280 9.19543110465 7.44188987466 0.0 0.435 0.48 1
281 8.99043808787 7.61730482745 0.0 0.435 0.48 1
282 14.9137681332 4.69229032217 0.0 0.435 0.48 1
367 12.7436623878 7.70871153074 0.0 0.435 0.48 1
368 13.1172379574 6.98079914162 0.0 0.435 0.48 1
369 5.60068703224 9.97860488582 0.0 0.435 0.48 1
370 5.33381727324 10.4404115983 0.0 0.435 0.48 1
371 6.08644050526 11.0530513041 0.0 0.435 0.48 1
372 6.5225242124 11.4900373974 0.0 0.435 0.48 1
399 5.00380798135 11.9320353465 0.0 0.435 0.48 1
403 12.9151914522 8.51585897338 0.0 0.435 0.48 1
407 1.32761391152 4.61162330986 0.0 0.435 0.48 1
