103 14.9177669703 5.1634047668 0.0 0.435 0.48 1
104 14.6656297689 5.52616766236 0.0 0.435 0.48 1
108 8.0530264896 5.84644911358 0.0 0.435 0.48 1
109 13.308340277 5.56984240571 0.0 0.435 0.48 1
112 12.59423216 5.82329911301 0.0 0.435 0.48 1
113 13.2222600471 2.9185706907 0.0 0.435 0.48 1
116 6.51179049181 11.7618709093 0.0 0.435 0.48 1
117 9.46840435183 12.6847683548 0.0 0.435 0.48 1
120 8.80438693096 9.29985641543 0.0 0.435 0.48 1
121 8.29148345881 9.11131517366 0.0 0.435 0.48 1
122 2.53442085011 7.52064760857 0.0 0.435 0.48 1
123 6.80602071507 7.18700120857 0.0 0.435 0.48 1
124 8.03219044375 3.44839544606 0.0 0.435 0.48 1
125 1.0102325262 4.21735732074 0.0 0.435 0.48 1
126 1.09441857005 3.20257585235 0.0 0.435 0.48 1
127 0.624449980259 2.62525779685 0.0 0.435 0.48 1
164 6.68226723061 9.85092189297 0.0 0.435 0.48 1
165 14.1196832746 8.53519041715 0.0 0.435 0.48 1
166 7.53801836635 5.84430117538 0.0 0.435 0.48 1
168 8.53793810218 5.4970511668 0.0 0.435 0.48 1
177 8.29043113326 6.27197953647 0.0 0.435 0.48 1
178 8.90204274183 6.57030428611 0.0 0.435 0.48 1
180 14.7350832551 8.17720071758 0.0 0.435 0.48 1
190 8.71599158492 6.02926252016 0.0 0.435 0.48 1
255 6.35162654339 6.02162540657 0.0 0.435 0.48 1
269 10.77034152 6.48534139741 0.0 0.435 0.48 1
270 11.0245833724 6.9936867708 0.0 0.435 0.48 1
272 9.33770551876 8.39819969212 0.0 0.435 0.48 1
273 2.83959525907 4.4118650575 0.0 0.435 0.48 1
274 3.05174408957 3.98561865521 0.0 0.435 0.48 1
276 14.5822855855 6.59703418368 0.0 0.435 0.48 1
277 13.815350726 4.08871968869 0.0 0.435 0.48 1
279 8.01661602564 8.04713112674 0.0 0.435 0.48 1
280 5.88628818601 8.62802907924 0.0 0.435 0.48 1
281 6.47243351631 7.97768112502 0.0 0.435 0.48 1
282 14.2623786189 4.35076814878 0.0 0.435 0.48 1
283 12.1794054289 1.59162220429 0.0 0.435 0.48 1
285 14.9047181335 5.88177076394 0.0 0.435 0.48 1
369 3.21801152617 7.09965172188 0.0 0.435 0.48 1
370 3.13971850539 7.39272595592 0.0 0.435 0.48 1
371 4.68663706114 8.63948474963 0.0 0.435 0.48 1
372 5.28372657715 8.77003166007 0.0 0.435 0.48 1
373 13.8869088633 7.02566718396 0.0 0.435 0.48 1
374 13.9647809539 7.90632184491 0.0 0.435 0.48 1
375 2.03877551694 13.530578685 0.0 0.435 0.48 1
376 1.34087321342 13.5332039428 0.0 0.435 0.48 1
378 3.92769987583 8.70607083375 0.0 0.435 0.48 1
399 5.07115681643 12.1487384446 0.0 0.435 0.48 1
