4 6.51136956159 11.0003074884 0.0 0.435 0.48 1
18 12.338937982 6.78366614706 0.0 0.435 0.48 1
19 10.3281543247 6.47985222202 0.0 0.435 0.48 1
25 9.04200203973 2.70258357196 0.0 0.435 0.48 1
26 3.52087081893 4.55959547353 0.0 0.435 0.48 1
27 3.58779872379 3.78251916566 0.0 0.435 0.48 1
28 1.22511740313 4.14194082403 0.0 0.435 0.48 1
29 9.63635550931 7.37267853275 0.0 0.435 0.48 1
30 9.66034853181 6.89726821172 0.0 0.435 0.48 1
33 8.12016485957 9.52300332817 0.0 0.435 0.48 1
34 8.50447414975 9.39579765492 0.0 0.435 0.48 1
35 7.36438465091 6.72519449613 0.0 0.435 0.48 1
36 12.2513844964 8.89150949812 0.0 0.435 0.48 1
42 0.144589530313 4.58918928869 0.0 0.435 0.48 1
46 4.22340335486 10.7423162449 0.0 0.435 0.48 1
47 4.70831496743 10.9979208904 0.0 0.435 0.48 1
51 4.31979637506 11.1692786266 0.0 0.435 0.48 1
53 4.00599289661 11.5153353362 0.0 0.435 0.48 1
54 3.73049406811 11.2349100715 0.0 0.435 0.48 1
55 8.05997183822 8.65189505921 0.0 0.435 0.48 1
56 5.77516260812 5.10445579627 0.0 0.435 0.48 1
60 8.02629742068 9.0757548635 0.0 0.435 0.48 1
61 7.70386487273 9.32109713761 0.0 0.435 0.48 1
65 0.41019649866 13.5849931193 0.0 0.435 0.48 1
67 3.5989533746 7.46217595764 0.0 0.435 0.48 1
68 5.46283238544 11.82058122 0.0 0.435 0.48 1
69 8.43649391934 5.88391870214 0.0 0.435 0.48 1
70 5.06799983978 10.9974435708 0.0 0.435 0.48 1
71 6.769399786 9.53994817395 0.0 0.435 0.48 1
72 7.11372070534 9.60199972187 0.0 0.435 0.48 1
73 6.77866025082 2.7464969751 0.0 0.435 0.48 1
74 9.09419738692 3.73478720572 0.0 0.435 0.48 1
75 8.53309740466 8.13925380943 0.0 0.435 0.48 1
76 9.23941831256 7.85190741057 0.0 0.435 0.48 1
77 11.9211647394 7.78579864605 0.0 0.435 0.48 1
78 10.1416822375 5.9139898369 0.0 0.435 0.48 1
79 10.8296926809 5.35480992617 0.0 0.435 0.48 1
80 10.3969764155 8.59175278968 0.0 0.435 0.48 1
81 11.1226601135 8.53709969555 0.0 0.435 0.48 1
82 8.74735088626 8.77933939226 0.0 0.435 0.48 1
83 8.93740088025 9.10582599827 0.0 0.435 0.48 1
84 4.65485682959 6.52472026437 0.0 0.435 0.48 1
85 6.31984631184 4.22332381573 0.0 0.435 0.48 1
86 10.8187484952 7.45024296765 0.0 0.435 0.48 1
87 13.3710588796 5.40779240171 0.0 0.435 0.48 1
88 13.9809867673 4.90947073991 0.0 0.435 0.48 1
89 12.5226740227 6.30228933103 0.0 0.435 0.48 1
90 12.4517472808 8.44259041486 0.0 0.435 0.48 1
151 11.4802403347 0.164197942203 0.0 0.435 0.48 1
242 13.3855809722 8.04283525034 0.0 0.435 0.48 1
243 14.0230797892 8.22970587352 0.0 0.435 0.48 1
244 14.5913355852 7.71563266494 0.0 0.435 0.48 1
399 3.28325571016 13.5453755925 0.0 0.435 0.48 1
