4 6.56651142032 10.029678083 0.0 0.435 0.48 1
5 0.570781377304 0.67421393419 0.0 0.435 0.48 1
11 0.0917627877967 2.52024748497 0.0 0.435 0.48 1
18 9.81188341074 6.95788780085 0.0 0.435 0.48 1
19 9.30760900808 6.21493984434 0.0 0.435 0.48 1
25 11.0643612781 2.53146449556 0.0 0.435 0.48 1
26 4.06450219709 4.7462274369 0.0 0.435 0.48 1
27 4.67232543369 5.12092332245 0.0 0.435 0.48 1
28 3.32240222055 5.16865528239 0.0 0.435 0.48 1
29 7.54159627321 8.23376309011 0.0 0.435 0.48 1
30 7.47614162412 7.70011977795 0.0 0.435 0.48 1
31 1.29078251733 12.4897832984 0.0 0.435 0.48 1
32 0.47207324089 12.7864374294 0.0 0.435 0.48 1
33 8.13658113812 9.59054405148 0.0 0.435 0.48 1
34 8.47143112754 9.44830281086 0.0 0.435 0.48 1
35 7.30313930401 8.59962856307 0.0 0.435 0.48 1
36 11.5762124247 9.75784457108 0.0 0.435 0.48 1
40 1.61426739083 3.37226296995 0.0 0.435 0.48 1
41 1.67382901685 2.70473151015 0.0 0.435 0.48 1
42 2.2542917892 4.46293825464 0.0 0.435 0.48 1
43 4.93246030918 2.18707840457 0.0 0.435 0.48 1
46 5.44936261842 10.3210816984 0.0 0.435 0.48 1
47 5.75390563205 10.5721518077 0.0 0.435 0.48 1
49 7.70302301229 10.859020887 0.0 0.435 0.48 1
50 7.3206079081 11.0618817167 0.0 0.435 0.48 1
51 4.79923589479 10.3809853081 0.0 0.435 0.48 1
52 5.18901727782 12.138714733 0.0 0.435 0.48 1
53 4.35536497859 11.0446982111 0.0 0.435 0.48 1
54 4.29959172454 10.7227461413 0.0 0.435 0.48 1
55 9.26046482352 9.00940743918 0.0 0.435 0.48 1
56 6.74309164729 5.10493311587 0.0 0.435 0.48 1
60 7.99662184022 9.14305692702 0.0 0.435 0.48 1
61 7.57969045805 9.42897136708 0.0 0.435 0.48 1
63 0.487858124112 13.451820951 0.0 0.435 0.48 1
64 0.869641832973 13.526998788 0.0 0.435 0.48 1
65 1.90491970722 13.1270049636 0.0 0.435 0.48 1
66 3.14561152846 13.4513436314 0.0 0.435 0.48 1
67 6.66269397542 9.38100074734 0.0 0.435 0.48 1
68 5.12061611719 11.867119881 0.0 0.435 0.48 1
69 5.46009633902 8.05309762173 0.0 0.435 0.48 1
70 4.61465799365 11.301018836 0.0 0.435 0.48 1
71 8.63096368063 8.50559660199 0.0 0.435 0.48 1
72 9.13060785088 8.56382959312 0.0 0.435 0.48 1
73 9.44756830598 3.88490421974 0.0 0.435 0.48 1
74 11.5153880081 4.55458361773 0.0 0.435 0.48 1
75 10.7240391959 7.28341976766 0.0 0.435 0.48 1
76 11.8462391604 7.40322698711 0.0 0.435 0.48 1
77 12.697991459 7.12972285664 0.0 0.435 0.48 1
78 13.3344379505 6.97578728582 0.0 0.435 0.48 1
79 13.9123751416 6.13761406923 0.0 0.435 0.48 1
80 12.3656670509 8.47433216823 0.0 0.435 0.48 1
81 12.8478426171 7.98436359941 0.0 0.435 0.48 1
82 8.85216251085 8.75189351529 0.0 0.435 0.48 1
83 9.74453457566 8.12469556164 0.0 0.435 0.48 1
84 4.832278917 2.832414503 0.0 0.435 0.48 1
85 1.03801392067 3.83741091959 0.0 0.435 0.48 1
86 14.594703027 7.77076307867 0.0 0.435 0.48 1
87 15.0911902206 6.70132851615 0.0 0.435 0.48 1
90 14.6003855849 8.08865793189 0.0 0.435 0.48 1
240 15.1061332434 2.05247427754 0.0 0.435 0.48 1
241 14.5572402375 2.9116495565 0.0 0.435 0.48 1
242 14.9468111554 8.491277014 0.0 0.435 0.48 1
399 3.48382895963 13.0706812509 0.0 0.435 0.48 1
