123 8.75619042086 9.43756311987 0.0 0.435 0.48 1
126 3.79237081034 9.69483838396 0.0 0.435 0.48 1
127 3.77258709004 9.0750388841 0.0 0.435 0.48 1
128 9.0544194812 3.35245420657 0.0 0.435 0.48 1
129 9.25541366089 2.48874439141 0.0 0.435 0.48 1
132 1.91523249759 9.10081414247 0.0 0.435 0.48 1
133 2.23093016203 9.04520640914 0.0 0.435 0.48 1
166 7.43110209066 5.80014911244 0.0 0.435 0.48 1
168 7.67860905958 8.22851257452 0.0 0.435 0.48 1
177 7.17033581983 8.31108886522 0.0 0.435 0.48 1
178 7.77857998665 8.56955742831 0.0 0.435 0.48 1
190 7.64282999094 8.97122187123 0.0 0.435 0.48 1
198 8.5974997282 12.7191353659 0.0 0.435 0.48 1
200 7.6790299898 6.69178212417 0.0 0.435 0.48 1
201 7.74511603422 7.19559296136 0.0 0.435 0.48 1
202 15.0806669651 4.00399545979 0.0 0.435 0.48 1
203 7.09393698504 6.63402645263 0.0 0.435 0.48 1
204 11.9973531091 4.56365269012 0.0 0.435 0.48 1
205 14.9674367361 5.22855889212 0.0 0.435 0.48 1
207 15.0956099879 0.0505958775393 0.0 0.435 0.48 1
269 4.04640219766 9.31178940542 0.0 0.435 0.48 1
276 12.6805228549 4.5011238226 0.0 0.435 0.48 1
286 10.7267752423 5.80730890643 0.0 0.435 0.48 1
287 10.6032322229 6.26243314448 0.0 0.435 0.48 1
288 1.31056623764 3.48562637481 0.0 0.435 0.48 1
289 1.44442204736 3.94934236566 0.0 0.435 0.48 1
291 3.96432080491 5.67055684119 0.0 0.435 0.48 1
292 5.08567890899 9.75641261229 0.0 0.435 0.48 1
293 13.1713274906 8.44259041486 0.0 0.435 0.48 1
294 13.8212437491 9.00105434619 0.0 0.435 0.48 1
295 3.290621989 3.38061606294 0.0 0.435 0.48 1
296 3.58190570072 3.03265007496 0.0 0.435 0.48 1
297 11.2415729004 9.27217187867 0.0 0.435 0.48 1
298 8.07344160524 4.48680423461 0.0 0.435 0.48 1
299 9.11713808387 3.9970743256 0.0 0.435 0.48 1
300 8.40239857158 4.13239443204 0.0 0.435 0.48 1
301 11.6551368408 9.11155383346 0.0 0.435 0.48 1
302 9.01274738949 7.36909863575 0.0 0.435 0.48 1
303 10.6632147792 5.10278517767 0.0 0.435 0.48 1
304 11.425098476 4.49133877081 0.0 0.435 0.48 1
305 9.70096829797 3.81211298082 0.0 0.435 0.48 1
306 13.494601899 5.30707796623 0.0 0.435 0.48 1
307 13.9915100228 5.16817796279 0.0 0.435 0.48 1
308 13.6556077078 9.83206776879 0.0 0.435 0.48 1
309 15.0301553388 4.60279289727 0.0 0.435 0.48 1
371 14.5641855861 2.67298975679 0.0 0.435 0.48 1
372 14.0117146733 3.23670420371 0.0 0.435 0.48 1
375 7.43383813708 10.6781167588 0.0 0.435 0.48 1
376 7.08741256664 10.8322909894 0.0 0.435 0.48 1
378 11.304081038 7.79582235764 0.0 0.435 0.48 1
379 6.29543235912 10.677878099 0.0 0.435 0.48 1
380 6.47180212098 10.6322940772 0.0 0.435 0.48 1
382 4.68158589851 6.36243160056 0.0 0.435 0.48 1
387 11.2468345282 0.457033516451 0.0 0.435 0.48 1
388 11.4572996378 1.76274128068 0.0 0.435 0.48 1
399 3.43479058909 13.2852364108 0.0 0.435 0.48 1
408 9.25246714936 8.39843835192 0.0 0.435 0.48 1
409 7.14760558799 12.6069652601 0.0 0.435 0.48 1
411 5.27804401919 10.7733420189 0.0 0.435 0.48 1
412 5.35002308668 12.1406240114 0.0 0.435 0.48 1
413 5.4925079659 11.8711770975 0.0 0.435 0.48 1
