137 9.38337644754 11.3979147147 0.0 0.435 0.48 1
138 9.19858808129 11.0561538815 0.0 0.435 0.48 1
139 5.19175332424 10.1900574684 0.0 0.435 0.48 1
140 4.90531031004 9.85426313017 0.0 0.435 0.48 1
142 6.11506376017 1.73457942432 0.0 0.435 0.48 1
143 6.1245346901 1.05010311874 0.0 0.435 0.48 1
144 4.20930219251 2.12407221745 0.0 0.435 0.48 1
145 3.23947896736 2.56845676452 0.0 0.435 0.48 1
146 2.31953597318 2.39757634792 0.0 0.435 0.48 1
147 2.23556039444 1.69138200057 0.0 0.435 0.48 1
168 3.39901152045 12.8558874312 0.0 0.435 0.48 1
177 2.91115339634 12.8019503164 0.0 0.435 0.48 1
178 2.78655805144 13.1764075422 0.0 0.435 0.48 1
207 11.5852624244 6.95979707924 0.0 0.435 0.48 1
208 12.1716182199 6.68700892817 0.0 0.435 0.48 1
209 10.5125217607 10.4984059296 0.0 0.435 0.48 1
210 1.52713483544 3.88633617853 0.0 0.435 0.48 1
211 1.58353948482 12.7740271199 0.0 0.435 0.48 1
212 4.65127892272 2.84434749298 0.0 0.435 0.48 1
213 4.44754869661 3.34266915479 0.0 0.435 0.48 1
214 9.31392296137 3.93048824148 0.0 0.435 0.48 1
215 9.74958573829 4.17821711358 0.0 0.435 0.48 1
216 9.03589855155 3.56008823233 0.0 0.435 0.48 1
217 12.8674158723 5.21376198454 0.0 0.435 0.48 1
218 11.3402810368 5.09180682689 0.0 0.435 0.48 1
219 12.9006693596 2.35509490357 0.0 0.435 0.48 1
220 14.408441405 0.846526309584 0.0 0.435 0.48 1
221 7.15897070391 0.501185579398 0.0 0.435 0.48 1
222 11.8180368357 0.251070109299 0.0 0.435 0.48 1
269 3.38996152074 9.10701929727 0.0 0.435 0.48 1
276 12.765129829 4.2481444349 0.0 0.435 0.48 1
301 6.60229048895 10.8444626392 0.0 0.435 0.48 1
306 7.62851836349 7.18127337338 0.0 0.435 0.48 1
307 8.18877648531 7.20346873475 0.0 0.435 0.48 1
311 11.5273845193 9.65211827981 0.0 0.435 0.48 1
314 7.11519396111 10.3198883994 0.0 0.435 0.48 1
318 3.17149873695 4.20781092875 0.0 0.435 0.48 1
319 4.64538589965 4.55529959713 0.0 0.435 0.48 1
320 12.0710158975 8.23233113132 0.0 0.435 0.48 1
321 12.3199961221 6.12568107925 0.0 0.435 0.48 1
322 12.5089937906 5.76816869927 0.0 0.435 0.48 1
323 10.3184729296 6.19441510156 0.0 0.435 0.48 1
324 13.6947542182 6.44214397367 0.0 0.435 0.48 1
325 13.1671181884 6.92566872788 0.0 0.435 0.48 1
326 13.9757251396 6.22329293733 0.0 0.435 0.48 1
327 15.0528855706 6.56934964691 0.0 0.435 0.48 1
389 4.97939402863 8.68530743117 0.0 0.435 0.48 1
390 4.41976730214 8.59175278968 0.0 0.435 0.48 1
391 11.6597670733 8.56788680971 0.0 0.435 0.48 1
392 11.828139161 8.72301567953 0.0 0.435 0.48 1
394 13.2401495814 7.50465740199 0.0 0.435 0.48 1
395 5.71454865655 9.70414611615 0.0 0.435 0.48 1
396 3.84898592483 9.99984560799 0.0 0.435 0.48 1
399 3.93106731759 11.4850255416 0.0 0.435 0.48 1
408 15.0838239418 6.97435532703 0.0 0.435 0.48 1
414 11.0485763949 7.92111875249 0.0 0.435 0.48 1
415 11.5431694025 10.0678636509 0.0 0.435 0.48 1
