26 2.56746387232 4.2471897957 0.0 0.435 0.48 1
27 2.99681269596 3.78776968125 0.0 0.435 0.48 1
28 2.4925382933 3.60877483147 0.0 0.435 0.48 1
29 13.9748832791 8.1621651502 0.0 0.435 0.48 1
30 14.2695344326 8.30536103003 0.0 0.435 0.48 1
56 2.9825010685 5.31519239942 0.0 0.435 0.48 1
75 7.75816487102 12.6193755696 0.0 0.435 0.48 1
76 7.79457533498 11.9451616355 0.0 0.435 0.48 1
77 4.35662776925 9.94018065807 0.0 0.435 0.48 1
80 4.65717194579 10.8392121236 0.0 0.435 0.48 1
81 4.61970915628 10.4745399496 0.0 0.435 0.48 1
82 3.20748827069 12.695269386 0.0 0.435 0.48 1
94 4.07670917345 6.10444035707 0.0 0.435 0.48 1
95 2.39004178491 5.06316765092 0.0 0.435 0.48 1
96 1.06958368712 2.86606553476 0.0 0.435 0.48 1
97 0.656861607141 2.55747841373 0.0 0.435 0.48 1
153 5.60489633444 0.703091769956 0.0 0.435 0.48 1
156 14.5315634941 6.71278418654 0.0 0.435 0.48 1
157 0.604245329735 1.09783507868 0.0 0.435 0.48 1
158 14.9577553411 1.17349023519 0.0 0.435 0.48 1
159 14.454533264 0.106919590272 0.0 0.435 0.48 1
160 14.8883018549 0.404767020314 0.0 0.435 0.48 1
247 6.30995445168 8.31777133961 0.0 0.435 0.48 1
248 6.56146025769 8.86167702316 0.0 0.435 0.48 1
249 6.81401838924 9.13709043203 0.0 0.435 0.48 1
250 7.36249046492 7.94951926866 0.0 0.435 0.48 1
253 1.53639530027 1.94913458426 0.0 0.435 0.48 1
254 13.3836867862 4.161033608 0.0 0.435 0.48 1
255 13.709697241 5.86053004176 0.0 0.435 0.48 1
349 8.97802064641 9.58481621629 0.0 0.435 0.48 1
350 11.6079926563 6.02329602517 0.0 0.435 0.48 1
351 5.97889283424 7.50871461858 0.0 0.435 0.48 1
352 5.47672308268 8.10727339627 0.0 0.435 0.48 1
353 5.5735370331 7.31158162402 0.0 0.435 0.48 1
354 4.20782893674 8.73327805091 0.0 0.435 0.48 1
355 2.94840572074 11.7365729705 0.0 0.435 0.48 1
356 3.34113361531 11.7897941058 0.0 0.435 0.48 1
357 2.86842897909 12.3909781413 0.0 0.435 0.48 1
397 11.2262089474 7.20680997195 0.0 0.435 0.48 1
399 3.58043244495 12.8508755754 0.0 0.435 0.48 1
