101 7.28377651392 1.70546292875 0.0 0.435 0.48 1
103 6.05655445969 1.85796654077 0.0 0.435 0.48 1
104 6.56293351345 2.58635624949 0.0 0.435 0.48 1
108 7.73101487187 6.13570479083 0.0 0.435 0.48 1
109 10.251965955 5.36459497796 0.0 0.435 0.48 1
110 3.66503941902 12.5279688664 0.0 0.435 0.48 1
111 3.53497198127 12.2069714357 0.0 0.435 0.48 1
112 8.91740669483 4.90923208011 0.0 0.435 0.48 1
113 8.5406741486 4.79467537624 0.0 0.435 0.48 1
114 5.38916959707 9.26000022888 0.0 0.435 0.48 1
115 5.05621379364 9.48529507981 0.0 0.435 0.48 1
164 6.70352420668 9.69364508496 0.0 0.435 0.48 1
165 11.6846019562 9.25642033189 0.0 0.435 0.48 1
166 7.62430906129 5.87986148554 0.0 0.435 0.48 1
167 6.70373467179 11.3850270855 0.0 0.435 0.48 1
168 7.84719161239 4.06795628612 0.0 0.435 0.48 1
169 10.1858799105 9.14806878282 0.0 0.435 0.48 1
173 14.7721251144 8.94616259226 0.0 0.435 0.48 1
177 8.54235786948 3.40949389871 0.0 0.435 0.48 1
178 9.29919040369 3.34386245379 0.0 0.435 0.48 1
179 11.4484601032 9.70557807495 0.0 0.435 0.48 1
180 7.40395209152 9.67813219798 0.0 0.435 0.48 1
181 11.0254252328 8.97694970642 0.0 0.435 0.48 1
182 11.2718798762 8.35643422717 0.0 0.435 0.48 1
183 13.9174263042 7.8280414306 0.0 0.435 0.48 1
186 14.4282251253 7.41730791529 0.0 0.435 0.48 1
187 7.15581372727 4.53453619456 0.0 0.435 0.48 1
189 6.78644745988 1.79424437425 0.0 0.435 0.48 1
190 8.280328808 2.44793356566 0.0 0.435 0.48 1
191 11.8134066033 1.19162837997 0.0 0.435 0.48 1
192 2.58177549978 0.906907238911 0.0 0.435 0.48 1
193 2.69395340321 0.453453619456 0.0 0.435 0.48 1
255 6.42802537818 6.44572387066 0.0 0.435 0.48 1
264 6.2929067778 3.13240987124 0.0 0.435 0.48 1
266 9.18322412829 9.83278374819 0.0 0.435 0.48 1
267 8.7416683283 9.51966209097 0.0 0.435 0.48 1
269 11.5128624267 6.35169190957 0.0 0.435 0.48 1
270 12.0870112458 6.31493830042 0.0 0.435 0.48 1
272 10.8503182616 7.86193112216 0.0 0.435 0.48 1
273 13.1639612117 6.76099346608 0.0 0.435 0.48 1
274 13.2443588836 6.50419552159 0.0 0.435 0.48 1
275 11.8001473014 7.4979749276 0.0 0.435 0.48 1
363 4.71294519984 10.9652244978 0.0 0.435 0.48 1
364 4.76913938411 10.5991203651 0.0 0.435 0.48 1
365 14.9198716214 0.144389178827 0.0 0.435 0.48 1
367 3.11088478537 11.6408703908 0.0 0.435 0.48 1
368 3.48130337832 11.6139018335 0.0 0.435 0.48 1
399 6.7300428105 10.9377786209 0.0 0.435 0.48 1
403 13.0919821443 8.40655278511 0.0 0.435 0.48 1
404 8.14773578893 9.73445591071 0.0 0.435 0.48 1
406 4.17057661234 11.329658012 0.0 0.435 0.48 1
407 4.16720917059 8.87814454934 0.0 0.435 0.48 1
