18 14.6721541873 7.58484709469 0.0 0.435 0.48 1
26 2.82381037585 4.22642639313 0.0 0.435 0.48 1
27 3.20959292179 3.9975516452 0.0 0.435 0.48 1
28 2.95429874381 3.55603101573 0.0 0.435 0.48 1
29 13.7715739832 7.76288730528 0.0 0.435 0.48 1
30 13.8458681669 8.02779968296 0.0 0.435 0.48 1
33 11.3124996424 4.34360835478 0.0 0.435 0.48 1
34 11.7784693951 4.31807175622 0.0 0.435 0.48 1
35 14.7992751135 2.34244593419 0.0 0.435 0.48 1
55 7.02869280105 11.9155678203 0.0 0.435 0.48 1
56 3.50592779614 5.4168614741 0.0 0.435 0.48 1
60 10.8968310509 4.03931711015 0.0 0.435 0.48 1
61 10.0362392176 3.89015473533 0.0 0.435 0.48 1
70 5.52870796475 6.05527643833 0.0 0.435 0.48 1
74 -0.106284880361 0.141047941631 0.0 0.435 0.48 1
75 6.78623699477 11.0177296538 0.0 0.435 0.48 1
76 6.2207172452 11.1046018209 0.0 0.435 0.48 1
77 4.92088472815 6.32162077481 0.0 0.435 0.48 1
79 1.17250112572 4.95720269985 0.0 0.435 0.48 1
80 4.85101031176 7.75787544949 0.0 0.435 0.48 1
81 4.89036728726 7.39487389412 0.0 0.435 0.48 1
82 4.69568706086 10.4762105682 0.0 0.435 0.48 1
83 6.91020094433 11.5511343061 0.0 0.435 0.48 1
84 2.10423016604 13.2110132131 0.0 0.435 0.48 1
86 1.25226740227 12.8675817614 0.0 0.435 0.48 1
87 5.79684051442 2.89112481373 0.0 0.435 0.48 1
88 5.80231260727 1.88994695393 0.0 0.435 0.48 1
90 10.8290612856 11.1322863576 0.0 0.435 0.48 1
91 6.79170908762 9.41775435649 0.0 0.435 0.48 1
92 3.12624873838 6.03403571616 0.0 0.435 0.48 1
153 6.56251258323 0.784474761658 0.0 0.435 0.48 1
154 6.13042771317 1.18184332818 0.0 0.435 0.48 1
155 14.3326739655 0.684476305578 0.0 0.435 0.48 1
242 10.9993275592 10.9714296526 0.0 0.435 0.48 1
243 12.5908647182 11.0363451181 0.0 0.435 0.48 1
244 10.2254473512 10.7599770701 0.0 0.435 0.48 1
245 4.38819753569 3.54004080915 0.0 0.435 0.48 1
246 4.47238357954 3.0801433751 0.0 0.435 0.48 1
247 12.2088705443 6.40037850872 0.0 0.435 0.48 1
248 12.0806972925 6.84738831358 0.0 0.435 0.48 1
249 12.5338286735 6.59512490528 0.0 0.435 0.48 1
250 12.6790495992 6.01422695278 0.0 0.435 0.48 1
252 11.2891380152 3.45221400286 0.0 0.435 0.48 1
253 12.943604242 4.51663670958 0.0 0.435 0.48 1
348 4.44481265018 9.22133734133 0.0 0.435 0.48 1
350 10.8503182616 7.90679916451 0.0 0.435 0.48 1
397 11.0494182553 7.27912389126 0.0 0.435 0.48 1
398 3.81068127488 11.7210600835 0.0 0.435 0.48 1
399 3.2885173379 13.1234250666 0.0 0.435 0.48 1
