128 7.38732534786 9.657846115 0.0 0.435 0.48 1
129 7.88844277387 9.09508630728 0.0 0.435 0.48 1
134 8.73388111924 3.61879854306 0.0 0.435 0.48 1
135 8.38219392106 4.21902793933 0.0 0.435 0.48 1
136 4.7775579885 3.51140163318 0.0 0.435 0.48 1
137 1.32866623707 4.69205166237 0.0 0.435 0.48 1
138 0.302438362532 4.54455990614 0.0 0.435 0.48 1
168 5.87260795388 9.63732137223 0.0 0.435 0.48 1
177 5.49061377991 9.58362291729 0.0 0.435 0.48 1
178 5.42368587505 10.0962641671 0.0 0.435 0.48 1
190 7.09814628723 11.4327590455 0.0 0.435 0.48 1
200 3.36596849824 11.5599647187 0.0 0.435 0.48 1
201 3.52634291178 11.8606760664 0.0 0.435 0.48 1
203 3.88434406325 10.9917157356 0.0 0.435 0.48 1
207 11.3377554555 4.995149608 0.0 0.435 0.48 1
208 11.8047775338 5.00565063919 0.0 0.435 0.48 1
209 8.74293111895 8.03567545635 0.0 0.435 0.48 1
210 13.8669146779 0.643665479827 0.0 0.435 0.48 1
211 9.61404620769 0.0190927839771 0.0 0.435 0.48 1
269 3.60358360701 9.18267445377 0.0 0.435 0.48 1
276 12.502048442 4.42642330529 0.0 0.435 0.48 1
286 -0.00210465109626 3.55531503633 0.0 0.435 0.48 1
287 0.273604642513 3.84003617739 0.0 0.435 0.48 1
293 13.554163525 8.64903114162 0.0 0.435 0.48 1
297 9.06894157376 9.45403064605 0.0 0.435 0.48 1
301 8.03408462974 9.99960694819 0.0 0.435 0.48 1
306 11.5783170758 5.83523210299 0.0 0.435 0.48 1
307 13.9542576984 5.43619291787 0.0 0.435 0.48 1
311 12.30631589 9.03303475935 0.0 0.435 0.48 1
312 12.6417972748 0.071597939914 0.0 0.435 0.48 1
313 12.8804647091 0.389731452932 0.0 0.435 0.48 1
314 10.8909380278 8.59055949069 0.0 0.435 0.48 1
315 13.2195240007 8.97146053103 0.0 0.435 0.48 1
316 14.1643018778 3.30949544263 0.0 0.435 0.48 1
317 14.523776285 8.26216360628 0.0 0.435 0.48 1
375 7.13834512317 11.004364705 0.0 0.435 0.48 1
389 3.87550452864 12.4511204109 0.0 0.435 0.48 1
390 3.57980104962 12.5122173196 0.0 0.435 0.48 1
391 3.41079756659 9.61130745406 0.0 0.435 0.48 1
392 3.17339292293 9.80533787123 0.0 0.435 0.48 1
393 3.43752663551 10.8785909905 0.0 0.435 0.48 1
399 2.94335455811 13.457787446 0.0 0.435 0.48 1
408 8.074914861 9.38792188153 0.0 0.435 0.48 1
409 7.84803347283 9.83803426379 0.0 0.435 0.48 1
414 9.56584969759 7.86169246236 0.0 0.435 0.48 1
