4 6.50631839896 9.77407343746 0.0 0.435 0.48 1
5 1.3600255384 0.84127579399 0.0 0.435 0.48 1
6 1.50756158025 -0.0264912377682 0.0 0.435 0.48 1
11 0.984134852609 2.61571140486 0.0 0.435 0.48 1
18 9.20784854612 7.06433007152 0.0 0.435 0.48 1
19 8.8380613485 6.10802025407 0.0 0.435 0.48 1
25 11.2899798756 1.72527169213 0.0 0.435 0.48 1
26 4.49595567182 5.21161404634 0.0 0.435 0.48 1
27 5.08336379279 5.71399292474 0.0 0.435 0.48 1
28 3.94811499147 5.52974755936 0.0 0.435 0.48 1
29 7.03437535901 8.49079969441 0.0 0.435 0.48 1
30 7.00848815053 8.08460071529 0.0 0.435 0.48 1
31 1.85104063916 12.28525185 0.0 0.435 0.48 1
32 1.01317903774 12.6045786621 0.0 0.435 0.48 1
33 8.14057997521 9.60748889726 0.0 0.435 0.48 1
34 8.46322298826 9.46142909984 0.0 0.435 0.48 1
35 7.53191487817 9.03327341915 0.0 0.435 0.48 1
36 11.3861624307 9.85664972817 0.0 0.435 0.48 1
40 2.38835806403 3.52142534477 0.0 0.435 0.48 1
41 2.44539410874 2.90783099971 0.0 0.435 0.48 1
42 2.79203014429 4.58513207209 0.0 0.435 0.48 1
43 6.07654864511 2.67442171559 0.0 0.435 0.48 1
46 5.85408702423 10.1926827262 0.0 0.435 0.48 1
47 6.11316957418 10.3974528343 0.0 0.435 0.48 1
49 7.41868464919 10.8203579994 0.0 0.435 0.48 1
50 6.93103699019 11.0098538804 0.0 0.435 0.48 1
51 4.86363821834 10.2812255119 0.0 0.435 0.48 1
52 5.27762308897 12.1353734958 0.0 0.435 0.48 1
53 4.57003939041 10.9647471782 0.0 0.435 0.48 1
54 4.48543241634 10.6948229448 0.0 0.435 0.48 1
55 9.47997993286 8.91609145749 0.0 0.435 0.48 1
56 7.17349279648 5.14741456022 0.0 0.435 0.48 1
60 7.98925556139 9.159763113 0.0 0.435 0.48 1
61 7.4845602285 9.43875641887 0.0 0.435 0.48 1
63 0.736627883689 13.2456188841 0.0 0.435 0.48 1
64 1.11778019722 13.3394121854 0.0 0.435 0.48 1
65 2.23955923153 12.9310652681 0.0 0.435 0.48 1
66 3.10730687851 13.0802276429 0.0 0.435 0.48 1
67 6.99354512775 9.63684405263 0.0 0.435 0.48 1
68 5.03516728268 11.8788142111 0.0 0.435 0.48 1
69 4.84680100957 8.59867392388 0.0 0.435 0.48 1
70 4.24865916801 11.4255992515 0.0 0.435 0.48 1
71 9.11945320007 8.41753113589 0.0 0.435 0.48 1
72 9.58668574344 8.60368577967 0.0 0.435 0.48 1
73 10.102325262 4.12881453504 0.0 0.435 0.48 1
74 12.1421531045 4.77224135507 0.0 0.435 0.48 1
75 11.3703775475 7.36862131615 0.0 0.435 0.48 1
76 12.3873449572 7.59415482688 0.0 0.435 0.48 1
77 12.9787519153 6.9951187296 0.0 0.435 0.48 1
78 13.9022728163 7.38938471873 0.0 0.435 0.48 1
79 14.5919669806 6.40371974591 0.0 0.435 0.48 1
80 12.8632065701 8.42755484748 0.0 0.435 0.48 1
81 13.2698251619 7.92350535049 0.0 0.435 0.48 1
82 8.87826018444 8.7449723811 0.0 0.435 0.48 1
83 9.84576829339 7.78818524405 0.0 0.435 0.48 1
84 4.6639068293 1.72503303233 0.0 0.435 0.48 1
85 -0.180579064059 3.48562637481 0.0 0.435 0.48 1
90 15.0718274305 8.2414002037 0.0 0.435 0.48 1
240 14.6923588378 2.84434749298 0.0 0.435 0.48 1
241 14.7325576738 3.62762895564 0.0 0.435 0.48 1
399 3.55686035267 12.9114951645 0.0 0.435 0.48 1
