144 11.407840337 1.57038148211 0.0 0.435 0.48 1
145 12.4262810025 2.35628820257 0.0 0.435 0.48 1
146 13.0115844724 2.88611295793 0.0 0.435 0.48 1
147 11.3055542938 2.0842160309 0.0 0.435 0.48 1
207 7.09814628723 10.4762105682 0.0 0.435 0.48 1
208 7.93179858646 10.3387425236 0.0 0.435 0.48 1
209 6.30490328905 11.7735652395 0.0 0.435 0.48 1
214 4.94845565752 10.5938698495 0.0 0.435 0.48 1
215 4.68305915428 10.2165487061 0.0 0.435 0.48 1
216 4.23834637764 10.6060414993 0.0 0.435 0.48 1
218 8.50026484756 13.697401885 0.0 0.435 0.48 1
220 8.83343111609 12.6699714472 0.0 0.435 0.48 1
225 5.30140564636 8.81991155821 0.0 0.435 0.48 1
228 11.2516752257 9.42706208868 0.0 0.435 0.48 1
229 9.83924387499 7.64308008582 0.0 0.435 0.48 1
301 6.27628003414 11.3781059513 0.0 0.435 0.48 1
306 7.93369277244 6.87841408754 0.0 0.435 0.48 1
307 8.32894624832 7.19010378597 0.0 0.435 0.48 1
311 14.606278608 5.65218003661 0.0 0.435 0.48 1
314 3.31524640682 10.8392121236 0.0 0.435 0.48 1
320 8.73051367749 9.48887497681 0.0 0.435 0.48 1
328 1.23479879817 2.44483098826 0.0 0.435 0.48 1
329 5.07915449059 3.01498924978 0.0 0.435 0.48 1
330 5.05726611919 3.93096556108 0.0 0.435 0.48 1
331 5.27467657743 1.92168870729 0.0 0.435 0.48 1
332 9.07778110837 8.89007753933 0.0 0.435 0.48 1
333 9.54901248882 9.13040795764 0.0 0.435 0.48 1
334 11.261777551 10.9327667651 0.0 0.435 0.48 1
335 13.0852472607 8.12350226265 0.0 0.435 0.48 1
336 11.2022159249 7.57267544491 0.0 0.435 0.48 1
337 13.2927658588 2.07204438111 0.0 0.435 0.48 1
338 14.2886867576 1.55128869814 0.0 0.435 0.48 1
339 10.2780636286 5.0779645585 0.0 0.435 0.48 1
340 10.4100252523 4.54933310214 0.0 0.435 0.48 1
389 8.17930555538 6.20515479255 0.0 0.435 0.48 1
390 7.287775351 6.37221665235 0.0 0.435 0.48 1
414 4.52499985695 9.85235385177 0.0 0.435 0.48 1
