144 9.0346357609 1.29305879485 0.0 0.435 0.48 1
145 10.0210857297 2.01834592618 0.0 0.435 0.48 1
146 10.7057287313 2.51929284578 0.0 0.435 0.48 1
147 8.8401659996 2.03481345236 0.0 0.435 0.48 1
207 7.81351719485 9.74925281829 0.0 0.435 0.48 1
208 8.19972067101 9.69292910556 0.0 0.435 0.48 1
209 6.61618118619 11.8177173024 0.0 0.435 0.48 1
214 4.45491497544 10.2680992229 0.0 0.435 0.48 1
215 4.2724417254 9.59412394848 0.0 0.435 0.48 1
216 3.90917894618 10.3139219044 0.0 0.435 0.48 1
218 8.86668460341 11.9592425636 0.0 0.435 0.48 1
220 8.77134390875 11.3976760549 0.0 0.435 0.48 1
224 10.8269566345 4.34694959198 0.0 0.435 0.48 1
225 6.55114746731 7.34213007838 0.0 0.435 0.48 1
228 11.789834511 7.70107441715 0.0 0.435 0.48 1
229 11.2026368551 5.92258158969 0.0 0.435 0.48 1
301 6.47937886493 11.5165286352 0.0 0.435 0.48 1
306 7.9000183549 6.9125424389 0.0 0.435 0.48 1
307 8.3066369467 7.19225172416 0.0 0.435 0.48 1
311 13.1656449326 6.79726975564 0.0 0.435 0.48 1
314 3.30809059309 10.7578291319 0.0 0.435 0.48 1
320 9.555115977 9.28386620885 0.0 0.435 0.48 1
323 1.03927671133 13.7616013711 0.0 0.435 0.48 1
327 12.6721042506 0.17517629299 0.0 0.435 0.48 1
328 4.5108986946 3.28562946266 0.0 0.435 0.48 1
329 7.62199394509 4.42069547009 0.0 0.435 0.48 1
330 7.80236254404 4.90493620371 0.0 0.435 0.48 1
331 7.70617998894 3.76796091788 0.0 0.435 0.48 1
332 10.5293589695 7.89462751472 0.0 0.435 0.48 1
333 10.7482426835 8.26311824548 0.0 0.435 0.48 1
334 11.4156275461 9.67908683718 0.0 0.435 0.48 1
335 13.2851891149 8.02087854877 0.0 0.435 0.48 1
336 12.1107938032 6.27508211387 0.0 0.435 0.48 1
337 14.4494821013 3.97487896423 0.0 0.435 0.48 1
338 14.875042553 3.62667431645 0.0 0.435 0.48 1
339 13.4316728312 5.78439756565 0.0 0.435 0.48 1
340 13.5893111983 5.2476516761 0.0 0.435 0.48 1
389 7.38858813851 7.03521357595 0.0 0.435 0.48 1
390 5.69244982004 6.93974965607 0.0 0.435 0.48 1
396 14.0363390911 7.50394142259 0.0 0.435 0.48 1
414 5.44410099068 9.33947394219 0.0 0.435 0.48 1
