29 15.1257064986 8.0748156635 0.0 0.435 0.48 1
94 6.78097536702 11.2444564635 0.0 0.435 0.48 1
95 5.99888701966 9.79507549984 0.0 0.435 0.48 1
101 3.69113709261 1.81858767382 0.0 0.435 0.48 1
103 3.28178245439 1.05511497453 0.0 0.435 0.48 1
104 2.9736615339 2.32359181001 0.0 0.435 0.48 1
105 8.37103927025 6.07174396451 0.0 0.435 0.48 1
106 12.6849426222 4.98464857682 0.0 0.435 0.48 1
107 5.8641893495 5.499199105 0.0 0.435 0.48 1
108 5.97026376475 5.90086354792 0.0 0.435 0.48 1
158 8.28495904041 9.78696106665 0.0 0.435 0.48 1
159 7.87644626263 10.5010311874 0.0 0.435 0.48 1
160 7.98420439875 9.64400384662 0.0 0.435 0.48 1
164 6.51326374758 9.59913580427 0.0 0.435 0.48 1
165 11.3914240585 9.01537393418 0.0 0.435 0.48 1
166 8.25128462287 5.0772485791 0.0 0.435 0.48 1
167 9.6294101607 7.10895945406 0.0 0.435 0.48 1
168 6.20430096665 1.55128869814 0.0 0.435 0.48 1
169 6.26112654625 0.81645517482 0.0 0.435 0.48 1
170 11.6492438178 2.26726809728 0.0 0.435 0.48 1
171 12.8278484317 0.833877340199 0.0 0.435 0.48 1
172 12.6880995989 4.1667614432 0.0 0.435 0.48 1
173 14.1495693201 1.19019642117 0.0 0.435 0.48 1
174 9.32360435641 1.09783507868 0.0 0.435 0.48 1
175 13.4676623649 0.285675780257 0.0 0.435 0.48 1
255 8.61286368121 5.4965738472 0.0 0.435 0.48 1
257 9.09672296823 4.7440794987 0.0 0.435 0.48 1
258 3.98368359499 10.8948198569 0.0 0.435 0.48 1
260 -0.138696507243 4.62570423805 0.0 0.435 0.48 1
261 14.1342053671 3.38467327954 0.0 0.435 0.48 1
262 14.6727855827 3.11761296366 0.0 0.435 0.48 1
264 11.1037182536 5.6662609648 0.0 0.435 0.48 1
265 9.89501712904 5.94525427066 0.0 0.435 0.48 1
266 13.4430379471 6.21828108153 0.0 0.435 0.48 1
267 13.3213891137 6.60300067867 0.0 0.435 0.48 1
268 13.511860038 2.69160522117 0.0 0.435 0.48 1
269 14.3370937328 6.50801407839 0.0 0.435 0.48 1
270 14.6243786074 5.91876303289 0.0 0.435 0.48 1
358 7.31366255949 5.3340465236 0.0 0.435 0.48 1
359 6.33499979973 5.22187641773 0.0 0.435 0.48 1
360 6.72625443852 5.43571559827 0.0 0.435 0.48 1
362 4.9941265863 10.0891043731 0.0 0.435 0.48 1
365 6.4873765391 11.2924270832 0.0 0.435 0.48 1
366 6.74603815883 11.7112750317 0.0 0.435 0.48 1
397 11.9270577625 1.21883559714 0.0 0.435 0.48 1
399 5.30835099498 10.791002844 0.0 0.435 0.48 1
403 3.68250802312 8.51227907638 0.0 0.435 0.48 1
404 5.65056726323 10.5470925287 0.0 0.435 0.48 1
405 5.58532307924 12.2088807141 0.0 0.435 0.48 1
