148 6.99522884862 12.8890611433 0.0 0.435 0.48 1
149 0.83175811324 3.68514596738 0.0 0.435 0.48 1
209 2.10212551494 11.7334703931 0.0 0.435 0.48 1
225 4.22845451749 10.7676141837 0.0 0.435 0.48 1
232 14.3116274545 3.20878100715 0.0 0.435 0.48 1
233 8.25149508798 5.83666406179 0.0 0.435 0.48 1
234 15.0482553382 2.86391759656 0.0 0.435 0.48 1
235 15.0591995239 4.04886350214 0.0 0.435 0.48 1
237 14.6748902337 1.73601138312 0.0 0.435 0.48 1
238 14.5265123315 0.882325279541 0.0 0.435 0.48 1
301 6.30995445168 11.1482765642 0.0 0.435 0.48 1
306 7.91390905214 7.01325687438 0.0 0.435 0.48 1
307 8.33652299227 7.06265945292 0.0 0.435 0.48 1
320 8.56214158979 12.8341693894 0.0 0.435 0.48 1
332 5.75727307381 11.5671245127 0.0 0.435 0.48 1
333 5.49882191919 11.457102345 0.0 0.435 0.48 1
335 8.99380552963 10.1191755079 0.0 0.435 0.48 1
336 6.38887886779 10.7310992343 0.0 0.435 0.48 1
341 7.39090325472 9.19341414476 0.0 0.435 0.48 1
342 5.26162774064 3.87392586895 0.0 0.435 0.48 1
343 14.1085286237 2.20927376595 0.0 0.435 0.48 1
344 13.1210263294 6.2481135565 0.0 0.435 0.48 1
346 13.9117437462 7.92350535049 0.0 0.435 0.48 1
347 13.8591274688 8.36502597996 0.0 0.435 0.48 1
389 8.61517879741 6.1602867502 0.0 0.435 0.48 1
390 9.53785783801 6.19871097796 0.0 0.435 0.48 1
414 3.57474988699 10.9571100646 0.0 0.435 0.48 1
