101 13.2321519073 3.89874648812 0.0 0.435 0.48 1
103 12.375348446 3.36510317596 0.0 0.435 0.48 1
104 12.108478687 3.94409185006 0.0 0.435 0.48 1
108 7.91475091258 6.14954705922 0.0 0.435 0.48 1
109 11.9838833421 5.09634136308 0.0 0.435 0.48 1
112 11.300292666 5.11662744606 0.0 0.435 0.48 1
113 11.3604856874 4.6667537236 0.0 0.435 0.48 1
114 3.31524640682 13.6785477608 0.0 0.435 0.48 1
116 5.68887191318 11.3602064664 0.0 0.435 0.48 1
117 4.65633008536 6.22400891673 0.0 0.435 0.48 1
118 3.15550338862 3.77249545407 0.0 0.435 0.48 1
119 1.82725808177 3.61450266666 0.0 0.435 0.48 1
120 1.15924182382 4.93357537968 0.0 0.435 0.48 1
121 -0.0178895343182 3.98561865521 0.0 0.435 0.48 1
164 6.69384281164 9.76595900427 0.0 0.435 0.48 1
165 12.6977809939 9.20128991815 0.0 0.435 0.48 1
166 7.58453115558 5.86339395936 0.0 0.435 0.48 1
168 7.28209279304 4.98202331902 0.0 0.435 0.48 1
173 14.9423913881 9.26620538367 0.0 0.435 0.48 1
177 7.7141776631 4.5829841339 0.0 0.435 0.48 1
178 8.83658809274 5.58583261229 0.0 0.435 0.48 1
180 10.0368706129 8.9132275399 0.0 0.435 0.48 1
189 12.7583949455 4.82570115021 0.0 0.435 0.48 1
190 8.48911019675 4.64193310443 0.0 0.435 0.48 1
195 12.5279356505 2.67298975679 0.0 0.435 0.48 1
196 5.79389400288 1.82574746781 0.0 0.435 0.48 1
197 5.7877905147 0.996643323603 0.0 0.435 0.48 1
255 6.38972072823 6.1650599462 0.0 0.435 0.48 1
264 0.963298806756 2.7515088309 0.0 0.435 0.48 1
267 9.52081016413 9.39603631472 0.0 0.435 0.48 1
269 11.2076880178 6.53211871816 0.0 0.435 0.48 1
270 11.9095891584 6.48939861401 0.0 0.435 0.48 1
272 14.1091600191 7.23521048811 0.0 0.435 0.48 1
273 7.66766487388 7.3268558512 0.0 0.435 0.48 1
274 7.77163463803 6.90347336651 0.0 0.435 0.48 1
276 14.7628646496 6.66934810299 0.0 0.435 0.48 1
277 14.2808995485 5.29609961544 0.0 0.435 0.48 1
279 10.5792392004 7.35644966637 0.0 0.435 0.48 1
280 12.0813286878 7.46336925664 0.0 0.435 0.48 1
281 11.935686832 7.71133678854 0.0 0.435 0.48 1
282 14.8779890645 4.96722641144 0.0 0.435 0.48 1
367 7.71964975595 8.92754712788 0.0 0.435 0.48 1
368 7.88086602993 8.44449969326 0.0 0.435 0.48 1
369 7.0274300104 11.5843080183 0.0 0.435 0.48 1
370 7.37385558084 11.7143776091 0.0 0.435 0.48 1
399 6.37961840297 11.4752404898 0.0 0.435 0.48 1
403 14.1447286226 8.52970124176 0.0 0.435 0.48 1
404 13.4571391095 8.22970587352 0.0 0.435 0.48 1
407 2.65375456727 4.42451402689 0.0 0.435 0.48 1
