144 9.32802412371 1.3293350844 0.0 0.435 0.48 1
145 10.3820333927 1.98421757482 0.0 0.435 0.48 1
146 11.056363604 2.49256294821 0.0 0.435 0.48 1
147 9.10640436328 2.12622015565 0.0 0.435 0.48 1
207 7.66892766453 9.89841519312 0.0 0.435 0.48 1
208 8.10374858102 9.76739096307 0.0 0.435 0.48 1
209 6.60376374472 11.8160466838 0.0 0.435 0.48 1
214 4.52499985695 10.3838492257 0.0 0.435 0.48 1
215 4.39198590767 9.75187807609 0.0 0.435 0.48 1
216 3.98663010653 10.3723935553 0.0 0.435 0.48 1
218 8.92729855499 12.2103126729 0.0 0.435 0.48 1
220 8.76566135079 11.5716590489 0.0 0.435 0.48 1
224 10.7667636131 4.2448031977 0.0 0.435 0.48 1
225 6.27017654596 7.59296152788 0.0 0.435 0.48 1
228 11.6907054444 7.94665535106 0.0 0.435 0.48 1
229 10.9197717478 6.16863984319 0.0 0.435 0.48 1
301 6.38509049582 11.4671260566 0.0 0.435 0.48 1
306 7.90612184308 6.90562130471 0.0 0.435 0.48 1
307 8.30979392334 7.19201306436 0.0 0.435 0.48 1
311 13.3624298101 6.62018418425 0.0 0.435 0.48 1
314 3.30893245353 10.7692848023 0.0 0.435 0.48 1
320 9.37474737805 9.25832961028 0.0 0.435 0.48 1
327 13.1730112115 -0.318372172818 0.0 0.435 0.48 1
328 4.05839870891 3.1631969854 0.0 0.435 0.48 1
329 7.28209279304 4.20041247496 0.0 0.435 0.48 1
330 7.41784278875 4.79777795364 0.0 0.435 0.48 1
331 7.38248465033 3.44672482746 0.0 0.435 0.48 1
332 10.3395194406 8.0762476223 0.0 0.435 0.48 1
333 10.6158601295 8.35500226837 0.0 0.435 0.48 1
334 11.457720568 9.88910746093 0.0 0.435 0.48 1
335 13.2281530702 8.04092597195 0.0 0.435 0.48 1
336 11.9754647377 6.41994861229 0.0 0.435 0.48 1
337 14.3556146624 3.71068256594 0.0 0.435 0.48 1
338 14.8175855781 3.34386245379 0.0 0.435 0.48 1
339 13.0277902858 5.71995941973 0.0 0.435 0.48 1
340 13.1660658628 5.15672229241 0.0 0.435 0.48 1
389 7.42815557912 6.87865274734 0.0 0.435 0.48 1
390 5.8620846984 6.80705480743 0.0 0.435 0.48 1
396 14.3116274545 7.45811874105 0.0 0.435 0.48 1
414 5.26857308926 9.46691827523 0.0 0.435 0.48 1
