18 15.1210762662 7.43520740027 0.0 0.435 0.48 1
26 2.52747550149 4.06628566752 0.0 0.435 0.48 1
27 2.89663130378 3.92022587009 0.0 0.435 0.48 1
28 2.58598480197 3.46653359084 0.0 0.435 0.48 1
29 13.7867274711 7.81801771901 0.0 0.435 0.48 1
30 13.7997763079 8.08412339569 0.0 0.435 0.48 1
33 12.0630182233 2.98658873361 0.0 0.435 0.48 1
34 12.4408030951 2.93885677367 0.0 0.435 0.48 1
55 7.06068349772 12.300764737 0.0 0.435 0.48 1
56 3.04921850825 5.39084755593 0.0 0.435 0.48 1
60 11.6418775389 2.51117841258 0.0 0.435 0.48 1
61 10.998906629 2.38946191473 0.0 0.435 0.48 1
70 4.24529172626 4.97534084463 0.0 0.435 0.48 1
75 6.89778350287 11.2983935782 0.0 0.435 0.48 1
76 6.43833816855 11.2170105865 0.0 0.435 0.48 1
77 4.55551729784 6.68080377338 0.0 0.435 0.48 1
79 0.178263947853 4.70875784835 0.0 0.435 0.48 1
80 4.87142542739 7.85214607037 0.0 0.435 0.48 1
81 4.64896380652 7.46456255564 0.0 0.435 0.48 1
82 4.30758939871 11.035390479 0.0 0.435 0.48 1
83 7.14971023909 12.0050652452 0.0 0.435 0.48 1
86 0.0296755804572 13.5861864183 0.0 0.435 0.48 1
87 4.15584405467 2.61022222947 0.0 0.435 0.48 1
88 4.23434754056 1.59758869928 0.0 0.435 0.48 1
90 11.1382345316 11.0728600675 0.0 0.435 0.48 1
91 7.66219278103 9.90438168811 0.0 0.435 0.48 1
92 2.9955499053 6.88127800514 0.0 0.435 0.48 1
153 6.79213001784 0.651063933618 0.0 0.435 0.48 1
154 5.50366261671 0.763711359083 0.0 0.435 0.48 1
155 13.9336321176 2.32383046981 0.0 0.435 0.48 1
156 13.842079795 1.01716806638 0.0 0.435 0.48 1
242 12.2650647285 10.9153445997 0.0 0.435 0.48 1
243 13.3121286489 11.0203549116 0.0 0.435 0.48 1
244 10.7779182639 10.8766817121 0.0 0.435 0.48 1
245 2.36331271599 2.72907480972 0.0 0.435 0.48 1
246 2.52200340864 2.23839026151 0.0 0.435 0.48 1
247 11.4587728936 6.54047181115 0.0 0.435 0.48 1
248 10.9113531434 6.63736768983 0.0 0.435 0.48 1
249 11.6589252128 6.79392851844 0.0 0.435 0.48 1
250 11.9935647371 6.03355839656 0.0 0.435 0.48 1
252 9.6578229505 1.95104386266 0.0 0.435 0.48 1
253 11.6528217246 4.05459133733 0.0 0.435 0.48 1
348 4.00409871063 8.07266772531 0.0 0.435 0.48 1
349 7.76342649876 13.0577936217 0.0 0.435 0.48 1
350 10.8692601215 7.79964091444 0.0 0.435 0.48 1
397 11.3585915014 7.52565946436 0.0 0.435 0.48 1
398 3.58337895648 12.2356106117 0.0 0.435 0.48 1
399 3.3038812909 13.0628054775 0.0 0.435 0.48 1
