101 13.6217228252 4.834292903 0.0 0.435 0.48 1
103 13.2544612089 3.97082174763 0.0 0.435 0.48 1
104 12.88214843 4.58704135049 0.0 0.435 0.48 1
108 7.94674160924 6.15193365721 0.0 0.435 0.48 1
109 12.0120856668 5.11113827066 0.0 0.435 0.48 1
112 11.3272322 5.1622114678 0.0 0.435 0.48 1
113 11.4743473117 4.82164393361 0.0 0.435 0.48 1
116 5.87050330278 12.0795271027 0.0 0.435 0.48 1
117 5.3853812251 8.16884762459 0.0 0.435 0.48 1
118 4.20298823922 5.34741147238 0.0 0.435 0.48 1
119 3.37985919548 3.27393513247 0.0 0.435 0.48 1
120 2.76740572647 5.4982444658 0.0 0.435 0.48 1
121 1.43116274545 4.87677434734 0.0 0.435 0.48 1
164 6.69194862565 9.77860797366 0.0 0.435 0.48 1
165 12.6112798339 9.16620692759 0.0 0.435 0.48 1
166 7.57758580696 5.86053004176 0.0 0.435 0.48 1
168 7.51634046006 5.06579290872 0.0 0.435 0.48 1
173 14.9802751078 9.37121569555 0.0 0.435 0.48 1
177 7.93516602821 5.01113981458 0.0 0.435 0.48 1
178 8.88267995175 5.75599704949 0.0 0.435 0.48 1
180 11.2817717364 8.44449969326 0.0 0.435 0.48 1
189 13.2464635347 5.54382848754 0.0 0.435 0.48 1
190 8.77639507138 5.05028002174 0.0 0.435 0.48 1
195 10.9542880258 1.87992324234 0.0 0.435 0.48 1
196 3.14813710978 2.0854093299 0.0 0.435 0.48 1
197 3.15760803971 1.54961807954 0.0 0.435 0.48 1
255 6.38403817027 6.14381922402 0.0 0.435 0.48 1
267 9.93395317432 9.2421007439 0.0 0.435 0.48 1
269 11.0254252328 6.53927851215 0.0 0.435 0.48 1
270 11.8786507873 6.51994706837 0.0 0.435 0.48 1
272 14.1615658314 7.31754811901 0.0 0.435 0.48 1
273 6.93671954815 7.27554399426 0.0 0.435 0.48 1
274 6.95944977999 6.8256702718 0.0 0.435 0.48 1
276 14.7361355807 6.65860841201 0.0 0.435 0.48 1
277 14.2489088519 5.26889239827 0.0 0.435 0.48 1
279 9.65613922962 7.40322698711 0.0 0.435 0.48 1
280 11.0344752326 7.35310842917 0.0 0.435 0.48 1
281 10.7878101241 7.59176822888 0.0 0.435 0.48 1
282 14.9585972015 4.92569960629 0.0 0.435 0.48 1
367 9.57447876708 8.63041567724 0.0 0.435 0.48 1
368 9.71633225097 8.14736824262 0.0 0.435 0.48 1
369 6.68058350973 11.2201131639 0.0 0.435 0.48 1
370 6.83822187684 11.5625899765 0.0 0.435 0.48 1
399 5.97552539249 11.7606776103 0.0 0.435 0.48 1
403 13.5470077113 8.63160897624 0.0 0.435 0.48 1
404 14.5010460532 8.1621651502 0.0 0.435 0.48 1
407 2.53252666412 4.45697175965 0.0 0.435 0.48 1
