4 5.11303937324 11.1833595548 0.0 0.435 0.48 1
18 14.3972867542 7.51826101057 0.0 0.435 0.48 1
19 12.5557170449 6.60658057567 0.0 0.435 0.48 1
25 5.66151144893 1.26489693848 0.0 0.435 0.48 1
26 3.71828709175 4.46222227524 0.0 0.435 0.48 1
27 3.71470918489 3.85435576537 0.0 0.435 0.48 1
28 2.25197667299 3.93788669527 0.0 0.435 0.48 1
29 12.0175577596 7.52184090757 0.0 0.435 0.48 1
30 12.2873740302 7.02089398797 0.0 0.435 0.48 1
33 8.15931136996 9.36572652015 0.0 0.435 0.48 1
34 8.54151600904 9.33684868439 0.0 0.435 0.48 1
35 8.85679274326 4.20041247496 0.0 0.435 0.48 1
36 14.6649983736 8.19223628496 0.0 0.435 0.48 1
46 3.39585454381 11.5480317287 0.0 0.435 0.48 1
47 3.46636035553 11.8876446237 0.0 0.435 0.48 1
51 3.5202394236 12.1136554541 0.0 0.435 0.48 1
53 3.53581384171 12.529639485 0.0 0.435 0.48 1
54 3.03448595058 12.3976606157 0.0 0.435 0.48 1
55 6.9137788512 10.011778598 0.0 0.435 0.48 1
56 5.13576960508 5.27390425407 0.0 0.435 0.48 1
60 8.05976137311 9.00009970699 0.0 0.435 0.48 1
61 7.73985440648 9.22611053732 0.0 0.435 0.48 1
68 5.93848353319 12.5377539181 0.0 0.435 0.48 1
69 11.7349031174 1.84794282918 0.0 0.435 0.48 1
70 5.68887191318 10.1568837562 0.0 0.435 0.48 1
71 7.15707651793 11.1838368744 0.0 0.435 0.48 1
72 7.42815557912 11.0504260463 0.0 0.435 0.48 1
73 2.93851386059 1.26823817568 0.0 0.435 0.48 1
74 5.7659021433 2.06894180372 0.0 0.435 0.48 1
75 6.27122887151 9.09699558568 0.0 0.435 0.48 1
76 6.44170561031 8.4089393831 0.0 0.435 0.48 1
77 10.042763636 7.9970125688 0.0 0.435 0.48 1
78 6.20388003643 6.00181664319 0.0 0.435 0.48 1
79 7.4123706959 5.43905683547 0.0 0.435 0.48 1
80 8.72693577062 8.31299814362 0.0 0.435 0.48 1
81 9.24152296366 7.80417545063 0.0 0.435 0.48 1
82 7.34817883747 8.65452031701 0.0 0.435 0.48 1
83 7.01606489448 9.46978219283 0.0 0.435 0.48 1
84 3.9028649929 9.59531724748 0.0 0.435 0.48 1
85 11.732167071 5.14717590042 0.0 0.435 0.48 1
86 5.77979284054 8.25762907009 0.0 0.435 0.48 1
87 11.4796089394 4.35339340657 0.0 0.435 0.48 1
88 11.8757042757 3.74314029871 0.0 0.435 0.48 1
89 8.54004275328 5.18440682918 0.0 0.435 0.48 1
90 11.5124414965 9.79292756164 0.0 0.435 0.48 1
91 3.11341036669 5.31185116222 0.0 0.435 0.48 1
92 0.931097644983 3.0013856412 0.0 0.435 0.48 1
152 14.8670448788 3.88943875593 0.0 0.435 0.48 1
242 10.8983043066 8.67647701858 0.0 0.435 0.48 1
243 12.0301856662 8.68721670957 0.0 0.435 0.48 1
244 12.0440763634 7.84045174019 0.0 0.435 0.48 1
245 12.3923961199 6.12019190385 0.0 0.435 0.48 1
246 12.4997333258 5.72473261573 0.0 0.435 0.48 1
247 14.3284646633 6.64428882402 0.0 0.435 0.48 1
248 14.5010460532 6.80848676623 0.0 0.435 0.48 1
249 14.8523123212 6.29703881544 0.0 0.435 0.48 1
250 14.8969309244 5.88606664033 0.0 0.435 0.48 1
348 3.3628115216 13.0298704252 0.0 0.435 0.48 1
350 8.89678111409 10.3365945854 0.0 0.435 0.48 1
397 8.70483693411 9.9098708635 0.0 0.435 0.48 1
398 7.58263696959 11.9098399851 0.0 0.435 0.48 1
399 3.31314175573 13.5740147685 0.0 0.435 0.48 1
