148 7.19874860963 10.9611672812 0.0 0.435 0.48 1
209 2.8141289808 12.7422853665 0.0 0.435 0.48 1
225 4.39093358212 10.4377863405 0.0 0.435 0.48 1
229 8.14100090543 13.1713956864 0.0 0.435 0.48 1
232 13.8580751433 2.14674489842 0.0 0.435 0.48 1
233 9.51112876909 3.55483771673 0.0 0.435 0.48 1
234 14.4168600093 1.1634665236 0.0 0.435 0.48 1
235 14.7634960449 2.60950625007 0.0 0.435 0.48 1
237 15.0587785937 0.309303100429 0.0 0.435 0.48 1
301 6.30364049839 11.1917126478 0.0 0.435 0.48 1
306 7.91769742411 6.98772027581 0.0 0.435 0.48 1
307 8.36409392163 7.11731254705 0.0 0.435 0.48 1
314 3.37712314905 12.9869116612 0.0 0.435 0.48 1
320 8.64317065699 12.6196142294 0.0 0.435 0.48 1
332 5.57290563777 11.1940992458 0.0 0.435 0.48 1
333 5.3504440169 11.2103281121 0.0 0.435 0.48 1
335 10.0391857291 10.1907734478 0.0 0.435 0.48 1
336 6.49305909706 10.6275208812 0.0 0.435 0.48 1
341 9.77968224897 8.56001103632 0.0 0.435 0.48 1
342 9.61594039368 4.78656094305 0.0 0.435 0.48 1
343 14.4419053574 3.00782945579 0.0 0.435 0.48 1
344 15.0817192907 6.56314449212 0.0 0.435 0.48 1
345 14.2882658274 2.37872222374 0.0 0.435 0.48 1
389 8.56424624088 6.17078778139 0.0 0.435 0.48 1
390 9.39684621456 6.17460633819 0.0 0.435 0.48 1
414 3.66419755858 10.7499533585 0.0 0.435 0.48 1
