101 6.57072072251 1.42098044749 0.0 0.435 0.48 1
103 4.0800766152 0.73292424492 0.0 0.435 0.48 1
104 4.53236613579 1.60737375107 0.0 0.435 0.48 1
105 14.2665879211 9.47479404862 0.0 0.435 0.48 1
107 12.2547519382 7.98317030041 0.0 0.435 0.48 1
108 7.95326602764 6.09107540829 0.0 0.435 0.48 1
109 3.61999988556 3.90328102431 0.0 0.435 0.48 1
110 3.05279641512 7.17888677538 0.0 0.435 0.48 1
111 2.25302899854 6.29083366065 0.0 0.435 0.48 1
112 2.87158595573 3.11307842746 0.0 0.435 0.48 1
113 2.63081387032 2.44220573047 0.0 0.435 0.48 1
114 1.28383716872 3.34123719599 0.0 0.435 0.48 1
115 0.895529041457 4.05077278054 0.0 0.435 0.48 1
164 6.71131141574 9.63708271243 0.0 0.435 0.48 1
165 11.5915763777 9.13183991644 0.0 0.435 0.48 1
166 7.65524743241 5.89251045493 0.0 0.435 0.48 1
167 6.23334515178 10.7447028429 0.0 0.435 0.48 1
168 7.8606613794 2.78181862546 0.0 0.435 0.48 1
169 8.58108344965 3.4111645173 0.0 0.435 0.48 1
171 6.91209513032 0.167061859799 0.0 0.435 0.48 1
173 14.2724809441 8.29509865864 0.0 0.435 0.48 1
177 8.81343693068 2.21261500314 0.0 0.435 0.48 1
178 9.09461831714 2.39972428612 0.0 0.435 0.48 1
179 12.386924027 5.37963054534 0.0 0.435 0.48 1
180 11.2493601095 4.97605682403 0.0 0.435 0.48 1
181 12.7457670389 4.11759752446 0.0 0.435 0.48 1
182 13.3801088793 3.70137483376 0.0 0.435 0.48 1
183 13.9618344423 1.58995158569 0.0 0.435 0.48 1
184 14.0977949032 2.03982530815 0.0 0.435 0.48 1
185 14.3838169871 2.4173851113 0.0 0.435 0.48 1
186 14.118630949 1.02480517997 0.0 0.435 0.48 1
255 6.73867187999 6.81182800342 0.0 0.435 0.48 1
257 7.88886370409 5.03238053676 0.0 0.435 0.48 1
258 2.86948130463 9.83493168639 0.0 0.435 0.48 1
261 14.1369414135 4.14289546323 0.0 0.435 0.48 1
262 14.6111193055 3.7481521545 0.0 0.435 0.48 1
264 9.62057062609 3.69135112217 0.0 0.435 0.48 1
265 1.55702088101 4.95028156566 0.0 0.435 0.48 1
266 10.9452380261 6.72089861973 0.0 0.435 0.48 1
267 10.4047636246 6.96242233704 0.0 0.435 0.48 1
269 11.728378699 6.28176458826 0.0 0.435 0.48 1
270 12.7192484351 6.21684912274 0.0 0.435 0.48 1
272 10.6846822204 7.57076616651 0.0 0.435 0.48 1
358 12.8632065701 -0.180665468383 0.0 0.435 0.48 1
362 11.2394682493 2.79160367725 0.0 0.435 0.48 1
363 4.01798940786 11.6136631737 0.0 0.435 0.48 1
364 4.25413126086 11.8883606031 0.0 0.435 0.48 1
365 8.46490670914 6.88438058253 0.0 0.435 0.48 1
366 7.77373928913 6.9096785213 0.0 0.435 0.48 1
399 5.45988587391 10.5764476841 0.0 0.435 0.48 1
403 9.43557179473 7.89343421572 0.0 0.435 0.48 1
404 6.70920676464 10.520601291 0.0 0.435 0.48 1
405 7.66871719943 12.8675817614 0.0 0.435 0.48 1
