128 7.31071604795 9.83851158339 0.0 0.435 0.48 1
129 7.66492882745 9.22205332073 0.0 0.435 0.48 1
134 9.09609157291 3.7464815359 0.0 0.435 0.48 1
135 8.75198111867 4.36103052016 0.0 0.435 0.48 1
136 5.38601262043 3.6615186472 0.0 0.435 0.48 1
137 1.75675227004 4.90684548211 0.0 0.435 0.48 1
138 0.823129043745 4.70780320915 0.0 0.435 0.48 1
168 5.75622074826 9.72037498253 0.0 0.435 0.48 1
177 5.36728122567 9.65355023861 0.0 0.435 0.48 1
178 5.34791843558 10.1645208698 0.0 0.435 0.48 1
190 7.21705907417 11.4950492532 0.0 0.435 0.48 1
200 3.22011617727 11.700296681 0.0 0.435 0.48 1
201 3.34302780129 11.9990987502 0.0 0.435 0.48 1
203 3.80394639137 11.1392074918 0.0 0.435 0.48 1
207 11.3272322 5.12641249784 0.0 0.435 0.48 1
208 11.7645786978 5.08703363089 0.0 0.435 0.48 1
209 8.83195786033 8.25261721429 0.0 0.435 0.48 1
210 13.6423484059 0.937933012874 0.0 0.435 0.48 1
211 8.83532530208 0.389015473533 0.0 0.435 0.48 1
269 3.59748011883 9.18028785578 0.0 0.435 0.48 1
276 12.5066786744 4.41854753189 0.0 0.435 0.48 1
287 -0.147325576738 3.74123102031 0.0 0.435 0.48 1
293 13.5621611992 8.65094042001 0.0 0.435 0.48 1
297 8.83742995318 9.56548477252 0.0 0.435 0.48 1
301 8.0048299795 10.0206090106 0.0 0.435 0.48 1
306 11.2716694111 5.87007643375 0.0 0.435 0.48 1
307 13.855549562 5.44144343347 0.0 0.435 0.48 1
311 12.2936879834 9.04305847094 0.0 0.435 0.48 1
313 13.1961623735 -0.100714435479 0.0 0.435 0.48 1
314 10.8799938421 8.68459145177 0.0 0.435 0.48 1
315 13.3154960907 8.9974744492 0.0 0.435 0.48 1
316 13.9327902572 3.14911605722 0.0 0.435 0.48 1
317 14.410335591 7.94092751587 0.0 0.435 0.48 1
375 7.12213930973 11.0084219216 0.0 0.435 0.48 1
389 3.93569755 12.3547018518 0.0 0.435 0.48 1
390 3.63325918747 12.4236745339 0.0 0.435 0.48 1
391 3.73344057965 9.71512446694 0.0 0.435 0.48 1
392 3.5006661684 9.89388065692 0.0 0.435 0.48 1
393 3.57790686363 10.9437451159 0.0 0.435 0.48 1
399 2.95787665068 13.4048049705 0.0 0.435 0.48 1
408 8.21508462401 9.27169455907 0.0 0.435 0.48 1
409 7.89980788979 9.65307291901 0.0 0.435 0.48 1
414 9.60204969645 7.87959194734 0.0 0.435 0.48 1
