1 5.21953471871 2.84005161659 0.0 0.435 0.48 1
2 5.07220914198 2.07634025751 0.0 0.435 0.48 1
3 5.02653821319 1.27277271187 0.0 0.435 0.48 1
4 10.7015194291 6.89655223232 0.0 0.435 0.48 1
5 7.07583698561 1.30785570243 0.0 0.435 0.48 1
6 7.04384628895 0.457272176251 0.0 0.435 0.48 1
7 1.48883018549 1.93553097568 0.0 0.435 0.48 1
8 1.10241624422 1.4142979731 0.0 0.435 0.48 1
9 2.89852548976 1.0820835319 0.0 0.435 0.48 1
10 2.84738246812 6.61016047266 0.0 0.435 0.48 1
11 6.33499979973 4.55339031873 0.0 0.435 0.48 1
12 3.31966617412 2.98969131101 0.0 0.435 0.48 1
13 2.16779062914 4.23454082632 0.0 0.435 0.48 1
14 1.94806505469 3.51808410758 0.0 0.435 0.48 1
15 2.03309295898 3.07179028211 0.0 0.435 0.48 1
16 1.92028366022 2.51833820658 0.0 0.435 0.48 1
17 2.94714293009 3.79970267124 0.0 0.435 0.48 1
18 5.77579400345 4.63835320743 0.0 0.435 0.48 1
19 4.97097542425 3.85292380657 0.0 0.435 0.48 1
20 0.0932360435641 2.3355248 0.0 0.435 0.48 1
22 13.1892170249 1.26298766008 0.0 0.435 0.48 1
23 13.5840495706 1.5808825133 0.0 0.435 0.48 1
25 7.38858813851 6.82280635421 0.0 0.435 0.48 1
26 5.74569749278 8.9974744492 0.0 0.435 0.48 1
27 5.69623819201 9.80772446922 0.0 0.435 0.48 1
28 5.5735370331 9.47169147123 0.0 0.435 0.48 1
29 5.47461843158 10.6048482003 0.0 0.435 0.48 1
30 5.48472075684 10.1860002518 0.0 0.435 0.48 1
31 3.90012894647 9.93731674047 0.0 0.435 0.48 1
32 3.95674406096 10.4206028349 0.0 0.435 0.48 1
33 8.00167300285 10.011778598 0.0 0.435 0.48 1
34 7.71291487245 10.4287172681 0.0 0.435 0.48 1
35 7.7097578958 11.5847853379 0.0 0.435 0.48 1
36 9.30255784545 10.3101033476 0.0 0.435 0.48 1
38 14.2398588522 6.95621718225 0.0 0.435 0.48 1
39 14.8992460406 6.79321253904 0.0 0.435 0.48 1
40 7.47024860105 5.09944394048 0.0 0.435 0.48 1
41 7.66092999037 4.39134031473 0.0 0.435 0.48 1
42 5.52828703453 6.03236509756 0.0 0.435 0.48 1
43 13.0709356333 6.08821149069 0.0 0.435 0.48 1
44 14.174193738 6.15742283261 0.0 0.435 0.48 1
45 14.7757030213 7.63950018883 0.0 0.435 0.48 1
46 6.15021143348 9.08888115249 0.0 0.435 0.48 1
47 6.54104514205 9.38434198453 0.0 0.435 0.48 1
49 4.91835914684 10.339458503 0.0 0.435 0.48 1
50 4.46417544027 10.0377925161 0.0 0.435 0.48 1
51 5.13976844217 9.61178477366 0.0 0.435 0.48 1
52 6.34910096207 11.0604497579 0.0 0.435 0.48 1
53 6.12579748076 10.3473342764 0.0 0.435 0.48 1
54 6.03824399516 10.1957853036 0.0 0.435 0.48 1
55 11.8192996264 7.98675019741 0.0 0.435 0.48 1
56 10.0730706118 6.8335460452 0.0 0.435 0.48 1
58 0.244981387604 4.69730217796 0.0 0.435 0.48 1
59 0.566361610002 4.13478103004 0.0 0.435 0.48 1
60 7.67524161782 10.7776378953 0.0 0.435 0.48 1
61 7.34523232593 11.0666549127 0.0 0.435 0.48 1
62 1.29099298244 13.2441869253 0.0 0.435 0.48 1
63 3.14371734248 11.7635415279 0.0 0.435 0.48 1
64 3.400063846 11.8535162724 0.0 0.435 0.48 1
65 3.97252894418 11.3900389413 0.0 0.435 0.48 1
66 4.38377776839 11.1112842953 0.0 0.435 0.48 1
67 7.81204393908 12.3757039141 0.0 0.435 0.48 1
68 4.65654055046 12.1866853528 0.0 0.435 0.48 1
69 3.86645452893 12.0294085448 0.0 0.435 0.48 1
71 12.6062286712 7.63854554963 0.0 0.435 0.48 1
72 13.2403600465 7.85190741057 0.0 0.435 0.48 1
73 14.7007774422 5.75933828668 0.0 0.435 0.48 1
75 14.5364041916 7.94951926866 0.0 0.435 0.48 1
76 15.1166564989 8.01610535278 0.0 0.435 0.48 1
82 9.46482644497 8.97862032502 0.0 0.435 0.48 1
83 13.4983902709 8.42469092988 0.0 0.435 0.48 1
400 7.30019279247 13.479266828 0.0 0.435 0.48 1
401 7.47151139171 13.1262889842 0.0 0.435 0.48 1
402 7.52770557598 12.7714018621 0.0 0.435 0.48 1
