149 2.47233364277 4.15100989642 0.0 0.435 0.48 1
209 1.67403948196 11.4427827571 0.0 0.435 0.48 1
225 4.17352312387 10.8921945991 0.0 0.435 0.48 1
232 14.6458460486 3.42834802288 0.0 0.435 0.48 1
233 7.50139743727 6.80371357023 0.0 0.435 0.48 1
234 15.02278906 3.56796400572 0.0 0.435 0.48 1
237 14.7283483716 2.39137119313 0.0 0.435 0.48 1
238 13.8650204919 1.15797734821 0.0 0.435 0.48 1
301 6.31269049811 11.1296610998 0.0 0.435 0.48 1
306 7.97536486415 6.78605274505 0.0 0.435 0.48 1
307 8.32473694613 7.03927079255 0.0 0.435 0.48 1
320 8.5274148467 12.9260534123 0.0 0.435 0.48 1
333 5.56238238229 11.5628286363 0.0 0.435 0.48 1
335 8.22918578636 10.023711588 0.0 0.435 0.48 1
341 6.43181375016 9.41751569669 0.0 0.435 0.48 1
342 3.34639524305 2.98324749642 0.0 0.435 0.48 1
343 14.2966844318 1.11883714106 0.0 0.435 0.48 1
344 12.6971495986 5.85313158797 0.0 0.435 0.48 1
346 12.667263553 7.97768112502 0.0 0.435 0.48 1
347 12.6752612272 8.44163577566 0.0 0.435 0.48 1
389 8.86058111523 6.06195891272 0.0 0.435 0.48 1
390 9.71991015784 6.19608572016 0.0 0.435 0.48 1
414 3.68840104619 11.0344358398 0.0 0.435 0.48 1
