108 8.01851021162 5.84310787638 0.0 0.435 0.48 1
112 15.076668128 5.80516096823 0.0 0.435 0.48 1
116 7.20569395825 12.2000503016 0.0 0.435 0.48 1
117 9.58879039454 13.5988353877 0.0 0.435 0.48 1
120 9.02284971476 9.75641261229 0.0 0.435 0.48 1
121 8.57982065899 9.98552602001 0.0 0.435 0.48 1
123 8.97170669312 8.51442701458 0.0 0.435 0.48 1
124 11.7159612575 5.29037178025 0.0 0.435 0.48 1
125 3.90560103932 4.35721196337 0.0 0.435 0.48 1
126 4.70347426991 3.20257585235 0.0 0.435 0.48 1
127 4.55783241405 2.5782418163 0.0 0.435 0.48 1
164 6.67889978886 9.87598117194 0.0 0.435 0.48 1
166 7.52412766911 5.83857334019 0.0 0.435 0.48 1
168 8.3983997345 5.54549910614 0.0 0.435 0.48 1
177 8.23318462344 6.3323604658 0.0 0.435 0.48 1
178 8.87489274269 6.62042284405 0.0 0.435 0.48 1
180 14.8590472047 8.13018473704 0.0 0.435 0.48 1
190 8.70378460856 6.10276973847 0.0 0.435 0.48 1
198 13.4066274831 3.73908308211 0.0 0.435 0.48 1
255 6.34047189258 5.97914396222 0.0 0.435 0.48 1
269 10.5584031546 6.44381459226 0.0 0.435 0.48 1
270 10.8738903539 7.03664553475 0.0 0.435 0.48 1
272 7.93116719113 9.77574405606 0.0 0.435 0.48 1
273 0.363052314104 3.5827609133 0.0 0.435 0.48 1
274 0.310015106478 3.04840162174 0.0 0.435 0.48 1
276 14.5288274477 6.5757934615 0.0 0.435 0.48 1
277 13.7936728197 4.0782186575 0.0 0.435 0.48 1
279 6.53599397942 8.0781569007 0.0 0.435 0.48 1
280 5.00780681843 9.98862859741 0.0 0.435 0.48 1
281 4.99496844674 8.92587650928 0.0 0.435 0.48 1
282 14.2072367602 4.37511144835 0.0 0.435 0.48 1
283 7.54727883117 0.606195891272 0.0 0.435 0.48 1
284 13.1620670258 5.39060889613 0.0 0.435 0.48 1
285 13.258460046 5.77461251387 0.0 0.435 0.48 1
286 14.3427762908 7.47387028783 0.0 0.435 0.48 1
287 14.5818646553 7.72422441773 0.0 0.435 0.48 1
369 2.84296270082 5.02522074277 0.0 0.435 0.48 1
370 1.99331505326 5.33762642059 0.0 0.435 0.48 1
371 4.73209752482 6.56696304892 0.0 0.435 0.48 1
372 5.40895331738 6.81325996222 0.0 0.435 0.48 1
373 14.147464669 6.43426820027 0.0 0.435 0.48 1
374 14.0312879285 6.82471563261 0.0 0.435 0.48 1
375 3.26641850139 12.8828559885 0.0 0.435 0.48 1
376 2.62576270769 12.8604219674 0.0 0.435 0.48 1
377 3.94706266592 11.4446920355 0.0 0.435 0.48 1
378 5.16165681357 9.51655951357 0.0 0.435 0.48 1
381 11.1529670893 9.4915002346 0.0 0.435 0.48 1
399 5.16291960422 12.0792884429 0.0 0.435 0.48 1
