108 7.94063812106 5.83570942259 0.0 0.435 0.48 1
116 6.12600794587 12.200766281 0.0 0.435 0.48 1
123 6.79276141316 11.0201162518 0.0 0.435 0.48 1
125 10.8867287256 4.78274238626 0.0 0.435 0.48 1
126 11.3097635959 4.70517795135 0.0 0.435 0.48 1
127 11.2243147614 4.20948154735 0.0 0.435 0.48 1
128 3.53370919061 1.61548818426 0.0 0.435 0.48 1
129 3.34892082436 0.88304125894 0.0 0.435 0.48 1
166 7.493189298 5.82568571101 0.0 0.435 0.48 1
168 8.57308577549 5.80516096823 0.0 0.435 0.48 1
177 8.10416951124 6.46815789183 0.0 0.435 0.48 1
178 8.81364739579 6.73307026952 0.0 0.435 0.48 1
190 8.67642414431 6.26839963947 0.0 0.435 0.48 1
198 8.98917529722 8.23829762631 0.0 0.435 0.48 1
199 0.263502317251 2.95460832045 0.0 0.435 0.48 1
255 6.31521607942 5.88344138254 0.0 0.435 0.48 1
269 7.60094743413 7.93185844348 0.0 0.435 0.48 1
272 8.22076718197 10.4797904652 0.0 0.435 0.48 1
276 14.0453890909 5.84907437138 0.0 0.435 0.48 1
277 13.7448449143 4.05459133733 0.0 0.435 0.48 1
279 2.38351736651 8.31896463861 0.0 0.435 0.48 1
280 3.40806152017 11.8358554472 0.0 0.435 0.48 1
281 3.12035571531 11.4826389436 0.0 0.435 0.48 1
282 14.0832728106 4.42976454248 0.0 0.435 0.48 1
284 7.3795381388 4.39038567553 0.0 0.435 0.48 1
285 7.73690789494 4.8280877482 0.0 0.435 0.48 1
286 14.6553169786 7.70704091215 0.0 0.435 0.48 1
287 14.1003204845 9.19866466036 0.0 0.435 0.48 1
288 13.3893693442 5.2488449751 0.0 0.435 0.48 1
289 13.3182321371 5.57031972531 0.0 0.435 0.48 1
290 14.5454541913 5.45647900085 0.0 0.435 0.48 1
294 14.8546274374 8.11920638625 0.0 0.435 0.48 1
371 9.24404854497 3.05222017854 0.0 0.435 0.48 1
372 9.39179505193 3.4999459628 0.0 0.435 0.48 1
375 4.46186032406 10.6084280973 0.0 0.435 0.48 1
376 4.24087195895 11.2988708978 0.0 0.435 0.48 1
377 7.07857303204 8.9974744492 0.0 0.435 0.48 1
378 8.93571715937 8.77146361887 0.0 0.435 0.48 1
379 2.99912781216 12.5043415462 0.0 0.435 0.48 1
380 2.64259991646 12.4978977316 0.0 0.435 0.48 1
381 6.99522884862 8.68769402917 0.0 0.435 0.48 1
383 5.88586725579 11.5382466769 0.0 0.435 0.48 1
384 6.23734398886 11.6444502878 0.0 0.435 0.48 1
385 6.94534861764 11.3065080114 0.0 0.435 0.48 1
399 5.07389286285 12.0523198855 0.0 0.435 0.48 1
408 7.17875442422 12.3301198924 0.0 0.435 0.48 1
409 7.23642186425 13.168293109 0.0 0.435 0.48 1
