4 6.60271141917 10.334685307 0.0 0.435 0.48 1
5 -0.218462783791 0.507152074391 0.0 0.435 0.48 1
18 10.4011857177 6.79440583804 0.0 0.435 0.48 1
19 9.70580899549 6.330928507 0.0 0.435 0.48 1
25 10.7939136123 3.02596760057 0.0 0.435 0.48 1
26 3.66356616325 4.43811763547 0.0 0.435 0.48 1
27 4.23624172654 4.5822681545 0.0 0.435 0.48 1
28 2.71499991417 4.84479393418 0.0 0.435 0.48 1
29 8.06081369866 7.95930432044 0.0 0.435 0.48 1
30 8.01514276987 7.40585224491 0.0 0.435 0.48 1
31 0.729682535072 12.6716420658 0.0 0.435 0.48 1
32 -0.0692430210668 12.9682961968 0.0 0.435 0.48 1
33 8.13237183593 9.57383786551 0.0 0.435 0.48 1
34 8.47963926681 9.43517652187 0.0 0.435 0.48 1
35 7.0735218694 8.13686721143 0.0 0.435 0.48 1
36 11.793622883 9.58720281429 0.0 0.435 0.48 1
40 0.843754624489 3.29135729785 0.0 0.435 0.48 1
41 0.885426716195 2.47895933962 0.0 0.435 0.48 1
42 1.67403948196 4.46293825464 0.0 0.435 0.48 1
43 3.74480569557 1.62455725665 0.0 0.435 0.48 1
46 5.11830100098 10.4038966489 0.0 0.435 0.48 1
47 5.43441959564 10.7089038729 0.0 0.435 0.48 1
49 7.82824975252 10.9105714037 0.0 0.435 0.48 1
50 7.55127766825 11.0960100681 0.0 0.435 0.48 1
51 4.68537427048 10.5101002598 0.0 0.435 0.48 1
52 5.10840914083 12.1284523616 0.0 0.435 0.48 1
53 4.20340916944 11.0711894489 0.0 0.435 0.48 1
54 4.13206149728 10.7984012978 0.0 0.435 0.48 1
55 9.04094971418 9.10272342087 0.0 0.435 0.48 1
56 6.36320212442 5.09323878568 0.0 0.435 0.48 1
60 8.00398811906 9.12611208124 0.0 0.435 0.48 1
61 7.6615613857 9.38935384033 0.0 0.435 0.48 1
63 0.239088364535 13.6577843582 0.0 0.435 0.48 1
64 0.621713933834 13.7143467307 0.0 0.435 0.48 1
65 1.56228250875 13.304090535 0.0 0.435 0.48 1
66 3.33987082465 13.7448951851 0.0 0.435 0.48 1
67 6.04034864625 8.98959867581 0.0 0.435 0.48 1
68 5.20627541681 11.8556642106 0.0 0.435 0.48 1
69 6.1245346901 7.50990791758 0.0 0.435 0.48 1
70 4.72115333912 11.2423085253 0.0 0.435 0.48 1
71 8.13005671972 8.62540382144 0.0 0.435 0.48 1
72 8.57792647301 8.67361310099 0.0 0.435 0.48 1
73 8.79281134994 3.64099390443 0.0 0.435 0.48 1
74 10.918298492 4.31019598282 0.0 0.435 0.48 1
75 10.083172937 7.53544451615 0.0 0.435 0.48 1
76 11.1731717398 7.28103316966 0.0 0.435 0.48 1
77 12.4001833289 7.23425584891 0.0 0.435 0.48 1
78 12.672946111 6.56648572932 0.0 0.435 0.48 1
79 13.177851909 5.84716509298 0.0 0.435 0.48 1
80 11.8603403227 8.52993990156 0.0 0.435 0.48 1
81 12.37345426 8.05118834333 0.0 0.435 0.48 1
82 8.82585437215 8.75881464948 0.0 0.435 0.48 1
83 9.63930202085 8.53375845835 0.0 0.435 0.48 1
84 4.84069752139 3.81091968182 0.0 0.435 0.48 1
85 2.2761801606 3.84958256938 0.0 0.435 0.48 1
86 13.7292704962 7.52565946436 0.0 0.435 0.48 1
87 14.6527913972 6.32353005321 0.0 0.435 0.48 1
88 14.9451274345 6.00110066379 0.0 0.435 0.48 1
89 15.0093192929 7.11397130986 0.0 0.435 0.48 1
90 14.0525449046 8.03137957996 0.0 0.435 0.48 1
151 7.74511603422 0.185438664377 0.0 0.435 0.48 1
241 14.5220925642 2.19567015736 0.0 0.435 0.48 1
242 14.7554983707 8.34664917538 0.0 0.435 0.48 1
399 3.4110080317 13.2296286775 0.0 0.435 0.48 1
