101 13.7195891012 5.69466148096 0.0 0.435 0.48 1
103 13.8711239801 4.97629548383 0.0 0.435 0.48 1
104 13.3224414393 5.46530941344 0.0 0.435 0.48 1
108 8.02566602535 6.10658829527 0.0 0.435 0.48 1
109 12.0899577573 5.15123311702 0.0 0.435 0.48 1
112 11.4011054535 5.28774652245 0.0 0.435 0.48 1
113 11.6273554464 4.69061970357 0.0 0.435 0.48 1
116 6.10180445826 11.8952817373 0.0 0.435 0.48 1
117 6.82454164472 10.9332440847 0.0 0.435 0.48 1
118 6.69005443967 8.89795331272 0.0 0.435 0.48 1
119 8.11784974337 2.20139799256 0.0 0.435 0.48 1
120 5.77663586389 7.33353832559 0.0 0.435 0.48 1
121 5.26162774064 7.35549502717 0.0 0.435 0.48 1
122 4.27938707402 4.81305218082 0.0 0.435 0.48 1
123 2.25113481255 4.77963980886 0.0 0.435 0.48 1
124 0.526162774064 2.71332326294 0.0 0.435 0.48 1
164 6.68731839324 9.81321364462 0.0 0.435 0.48 1
165 12.0289228755 9.1614337316 0.0 0.435 0.48 1
166 7.55864394709 5.85265426837 0.0 0.435 0.48 1
168 8.92372064812 5.35934446237 0.0 0.435 0.48 1
177 8.3765113631 6.18128881258 0.0 0.435 0.48 1
178 8.94266250799 6.495365109 0.0 0.435 0.48 1
180 14.1087390889 7.98651153761 0.0 0.435 0.48 1
189 13.857443748 5.98463313761 0.0 0.435 0.48 1
190 8.73430204946 5.91876303289 0.0 0.435 0.48 1
255 6.36846375216 6.08534757309 0.0 0.435 0.48 1
269 10.8357961691 6.51732181057 0.0 0.435 0.48 1
270 11.7938333481 6.60323933847 0.0 0.435 0.48 1
272 13.582997245 7.63520431243 0.0 0.435 0.48 1
273 5.34749750537 6.35121458997 0.0 0.435 0.48 1
274 5.6389916822 6.00706715879 0.0 0.435 0.48 1
276 14.6626832574 6.62925325664 0.0 0.435 0.48 1
277 13.8477623529 4.10447123547 0.0 0.435 0.48 1
279 8.60781251857 7.94021153647 0.0 0.435 0.48 1
280 8.51731252144 7.40012440971 0.0 0.435 0.48 1
281 8.55435438073 7.63424967323 0.0 0.435 0.48 1
282 14.6201693052 4.46795011044 0.0 0.435 0.48 1
367 13.6648681727 7.22065224033 0.0 0.435 0.48 1
368 14.2249158294 6.8271022306 0.0 0.435 0.48 1
369 5.13008704712 9.42515281028 0.0 0.435 0.48 1
370 4.73904287344 10.0244275674 0.0 0.435 0.48 1
371 5.76211377133 10.7263260383 0.0 0.435 0.48 1
372 6.18767422299 10.9067528469 0.0 0.435 0.48 1
373 14.0870611826 9.18052651558 0.0 0.435 0.48 1
399 4.7272568273 11.9900296778 0.0 0.435 0.48 1
403 12.8276379666 8.33948938139 0.0 0.435 0.48 1
407 0.291494176831 4.42809392388 0.0 0.435 0.48 1
