4 3.43605337975 12.8807080503 0.0 0.435 0.48 1
18 14.5500844237 7.55525327953 0.0 0.435 0.48 1
19 14.3455123372 7.18365997137 0.0 0.435 0.48 1
26 3.57790686363 4.44623206866 0.0 0.435 0.48 1
27 3.6056882581 3.97798154162 0.0 0.435 0.48 1
28 3.17654989958 3.6619959668 0.0 0.435 0.48 1
29 13.6951751484 7.6609795708 0.0 0.435 0.48 1
30 13.8412379345 7.7416465831 0.0 0.435 0.48 1
33 9.87333922275 6.90204140771 0.0 0.435 0.48 1
34 10.2391275833 7.13592801143 0.0 0.435 0.48 1
35 11.8807554384 2.15104077482 0.0 0.435 0.48 1
46 1.24048135613 12.5993281465 0.0 0.435 0.48 1
47 0.96666624851 12.7909719656 0.0 0.435 0.48 1
51 1.21501507787 12.9986059914 0.0 0.435 0.48 1
55 7.01901140601 11.171187905 0.0 0.435 0.48 1
56 4.97749984264 5.45337642345 0.0 0.435 0.48 1
60 9.41368342333 6.60037542088 0.0 0.435 0.48 1
61 9.2053229648 7.25191667409 0.0 0.435 0.48 1
70 6.19567189716 8.15763061401 0.0 0.435 0.48 1
74 1.75990924669 0.975879921028 0.0 0.435 0.48 1
75 6.50337188743 10.3101033476 0.0 0.435 0.48 1
76 5.59437307896 10.3444703588 0.0 0.435 0.48 1
77 6.78728932031 6.70705635135 0.0 0.435 0.48 1
78 2.13327435116 4.9965815668 0.0 0.435 0.48 1
79 3.76185336945 5.61232385006 0.0 0.435 0.48 1
80 5.94395562604 7.91968679369 0.0 0.435 0.48 1
81 6.52631258438 7.59582544548 0.0 0.435 0.48 1
82 5.87008237257 9.50820642058 0.0 0.435 0.48 1
83 6.94808466407 10.8373028452 0.0 0.435 0.48 1
84 3.15381966774 11.9687889556 0.0 0.435 0.48 1
86 3.74627895133 11.2766755365 0.0 0.435 0.48 1
87 8.63433112239 3.39040111473 0.0 0.435 0.48 1
88 8.83027413945 2.7467356349 0.0 0.435 0.48 1
89 3.27062780358 2.86081501917 0.0 0.435 0.48 1
90 10.8320077971 11.1055564601 0.0 0.435 0.48 1
91 5.2805696005 8.01204813618 0.0 0.435 0.48 1
92 2.73225805316 4.62856815564 0.0 0.435 0.48 1
153 5.18438704541 0.262525779685 0.0 0.435 0.48 1
154 4.50626846219 0.151071653219 0.0 0.435 0.48 1
242 9.90133108233 10.2630873671 0.0 0.435 0.48 1
243 11.3407019671 10.5564002609 0.0 0.435 0.48 1
244 10.3668799048 9.45092806865 0.0 0.435 0.48 1
245 8.0006206773 5.19944239656 0.0 0.435 0.48 1
246 8.01051253746 4.69921145636 0.0 0.435 0.48 1
247 13.1119763297 6.43188160228 0.0 0.435 0.48 1
248 13.2344670235 6.70419243375 0.0 0.435 0.48 1
249 13.6356135224 6.43259758168 0.0 0.435 0.48 1
250 13.6114100348 5.84788107238 0.0 0.435 0.48 1
251 14.9567030155 3.64170988383 0.0 0.435 0.48 1
252 14.4130716374 5.73642694591 0.0 0.435 0.48 1
348 4.37767428021 11.20102038 0.0 0.435 0.48 1
350 9.62983109092 8.72015176193 0.0 0.435 0.48 1
397 10.3182624645 8.21825020313 0.0 0.435 0.48 1
398 5.44852075799 10.9955342924 0.0 0.435 0.48 1
399 3.39880105534 13.4215111565 0.0 0.435 0.48 1
