140 2.67374875268 13.4525369304 0.0 0.435 0.48 1
142 14.381712336 6.22902077252 0.0 0.435 0.48 1
143 14.6864658148 5.95026612646 0.0 0.435 0.48 1
144 6.13505794558 1.43195879828 0.0 0.435 0.48 1
145 7.45404278761 2.04746242174 0.0 0.435 0.48 1
146 8.38240438617 2.80544594563 0.0 0.435 0.48 1
147 5.67287656485 1.95510107925 0.0 0.435 0.48 1
207 9.75863573801 8.38220948554 0.0 0.435 0.48 1
208 10.4079206012 8.17290484119 0.0 0.435 0.48 1
209 6.7409869962 11.8353781276 0.0 0.435 0.48 1
214 3.50571733103 8.42469092988 0.0 0.435 0.48 1
215 3.74838360243 7.96049761944 0.0 0.435 0.48 1
216 3.09741501836 8.58339969669 0.0 0.435 0.48 1
218 7.90443812221 10.663558511 0.0 0.435 0.48 1
220 7.89665091315 10.0428043719 0.0 0.435 0.48 1
224 11.5069694037 4.64694496022 0.0 0.435 0.48 1
225 8.39355903698 6.16887850299 0.0 0.435 0.48 1
226 10.7345624513 2.80329800743 0.0 0.435 0.48 1
227 11.6031519588 3.09852017968 0.0 0.435 0.48 1
228 12.8846740113 5.64502024262 0.0 0.435 0.48 1
229 12.3684030974 2.83599439999 0.0 0.435 0.48 1
301 6.76034978628 11.5895585339 0.0 0.435 0.48 1
306 7.83835207778 6.98246976022 0.0 0.435 0.48 1
307 8.27485671515 7.19535430156 0.0 0.435 0.48 1
311 11.6345112601 7.87028421515 0.0 0.435 0.48 1
314 4.40566613979 10.469289434 0.0 0.435 0.48 1
320 10.0972740994 9.18673167037 0.0 0.435 0.48 1
321 -0.00799767416577 3.02119440457 0.0 0.435 0.48 1
322 0.154060460246 2.53241913476 0.0 0.435 0.48 1
323 3.45604756516 12.2422930861 0.0 0.435 0.48 1
324 3.32303361588 3.84934390958 0.0 0.435 0.48 1
325 0.126279065775 1.82073561201 0.0 0.435 0.48 1
326 3.6450452336 3.31379131902 0.0 0.435 0.48 1
327 7.66892766453 3.98012947982 0.0 0.435 0.48 1
328 8.91088227644 4.51162485378 0.0 0.435 0.48 1
329 11.102455463 6.2488295359 0.0 0.435 0.48 1
330 11.1049810443 6.62615067924 0.0 0.435 0.48 1
331 11.0115345356 5.63237127324 0.0 0.435 0.48 1
332 12.3644042603 6.97196872903 0.0 0.435 0.48 1
333 12.3911333292 7.34475533618 0.0 0.435 0.48 1
334 13.2795065569 8.14044710843 0.0 0.435 0.48 1
335 14.2438576892 8.10035226207 0.0 0.435 0.48 1
336 14.5309320988 5.30564600743 0.0 0.435 0.48 1
389 6.55851374615 7.81897235821 0.0 0.435 0.48 1
390 4.88826263616 8.36096876336 0.0 0.435 0.48 1
396 11.2514647606 8.37409505235 0.0 0.435 0.48 1
414 8.5274148467 8.26168628668 0.0 0.435 0.48 1
