1 3.55496616668 2.6665459422 0.0 0.435 0.48 1
2 3.25379059481 1.5799278741 0.0 0.435 0.48 1
3 3.16539524877 0.740800018311 0.0 0.435 0.48 1
4 9.3604357506 7.78699194505 0.0 0.435 0.48 1
5 5.73033353977 1.27134075307 0.0 0.435 0.48 1
6 5.74380330679 0.256320624892 0.0 0.435 0.48 1
9 0.26434417769 0.428155680686 0.0 0.435 0.48 1
10 2.56283363991 7.57291410471 0.0 0.435 0.48 1
11 5.23384634617 3.6650985442 0.0 0.435 0.48 1
12 1.48419995308 1.47086034563 0.0 0.435 0.48 1
13 1.3402418181 3.51808410758 0.0 0.435 0.48 1
14 1.05232554813 3.00711347639 0.0 0.435 0.48 1
15 1.06137554784 2.40807737911 0.0 0.435 0.48 1
16 0.769670905901 1.92622324349 0.0 0.435 0.48 1
17 1.8453580812 3.17011811959 0.0 0.435 0.48 1
18 6.28533003386 5.65122539741 0.0 0.435 0.48 1
19 5.60068703224 4.62737485664 0.0 0.435 0.48 1
25 8.44386019818 5.02951661916 0.0 0.435 0.48 1
26 5.68781958763 8.19796412016 0.0 0.435 0.48 1
27 5.71791609831 8.93613888067 0.0 0.435 0.48 1
28 5.26162774064 8.47528680742 0.0 0.435 0.48 1
29 5.62320679897 10.1754992206 0.0 0.435 0.48 1
30 5.61668238058 9.68553065177 0.0 0.435 0.48 1
31 3.94348475905 10.6322940772 0.0 0.435 0.48 1
32 3.86098243608 11.1019765631 0.0 0.435 0.48 1
33 8.16288927683 9.70080487895 0.0 0.435 0.48 1
34 8.29674508655 9.88552756393 0.0 0.435 0.48 1
35 7.50223929771 10.9635538792 0.0 0.435 0.48 1
36 10.1267392147 10.0669090117 0.0 0.435 0.48 1
38 15.0482553382 6.81946511701 0.0 0.435 0.48 1
40 6.47264398142 4.83572486179 0.0 0.435 0.48 1
41 6.72835908962 4.24265525951 0.0 0.435 0.48 1
42 4.96024170365 5.60707333447 0.0 0.435 0.48 1
43 12.0975345013 5.14073208583 0.0 0.435 0.48 1
44 14.6243786074 6.36195428096 0.0 0.435 0.48 1
45 15.0756158025 7.6609795708 0.0 0.435 0.48 1
46 6.04034864625 9.37933012874 0.0 0.435 0.48 1
47 6.37877654253 9.66930178539 0.0 0.435 0.48 1
49 5.39295796904 10.6652291296 0.0 0.435 0.48 1
50 4.60539752883 10.3728708749 0.0 0.435 0.48 1
51 4.9655033314 9.85927498596 0.0 0.435 0.48 1
52 6.04034864625 11.4676033762 0.0 0.435 0.48 1
53 5.96205562547 10.4003167519 0.0 0.435 0.48 1
54 5.82314865312 10.2332548921 0.0 0.435 0.48 1
55 10.8498973314 8.30774762803 0.0 0.435 0.48 1
56 9.23941831256 6.27675273246 0.0 0.435 0.48 1
59 0.451447660147 4.01545113018 0.0 0.435 0.48 1
60 7.75332417349 10.1315858174 0.0 0.435 0.48 1
61 7.40837185882 10.2385054077 0.0 0.435 0.48 1
62 0.212990690941 13.5131565196 0.0 0.435 0.48 1
63 2.44497317852 12.1819121568 0.0 0.435 0.48 1
64 2.77414060997 12.2484982409 0.0 0.435 0.48 1
65 3.61515918804 11.8088868898 0.0 0.435 0.48 1
66 4.0341952213 11.5549528629 0.0 0.435 0.48 1
67 7.6878695244 11.8692678191 0.0 0.435 0.48 1
68 5.19701495198 12.0730832881 0.0 0.435 0.48 1
69 4.40293009337 11.4986291502 0.0 0.435 0.48 1
70 3.44868128632 13.3580276498 0.0 0.435 0.48 1
71 11.8346635794 7.89080895793 0.0 0.435 0.48 1
72 12.2532786824 8.01729865177 0.0 0.435 0.48 1
73 13.5863646868 5.38273312274 0.0 0.435 0.48 1
75 13.653923987 8.22779659512 0.0 0.435 0.48 1
76 14.4265414044 8.2495146369 0.0 0.435 0.48 1
82 9.14239389702 8.80416001143 0.0 0.435 0.48 1
83 12.9111926151 8.32397649441 0.0 0.435 0.48 1
401 7.15349861106 13.5931075525 0.0 0.435 0.48 1
402 7.46856488017 13.1153106335 0.0 0.435 0.48 1
