137 10.1667275856 12.6036240229 0.0 0.435 0.48 1
138 9.775893877 12.4547003078 0.0 0.435 0.48 1
139 4.33116149098 11.6127085345 0.0 0.435 0.48 1
140 4.00157312931 11.2492296595 0.0 0.435 0.48 1
142 9.30255784545 3.00711347639 0.0 0.435 0.48 1
143 9.56521830226 2.61069954907 0.0 0.435 0.48 1
144 5.91406958048 1.90927839771 0.0 0.435 0.48 1
145 4.75082891958 2.11190056766 0.0 0.435 0.48 1
146 4.56709287887 2.57012738311 0.0 0.435 0.48 1
147 3.03722199701 1.92574592389 0.0 0.435 0.48 1
168 3.29904059338 13.4241364143 0.0 0.435 0.48 1
177 2.56157084925 13.3957358981 0.0 0.435 0.48 1
207 11.5204391707 7.04356666894 0.0 0.435 0.48 1
208 12.1901391495 6.87340223175 0.0 0.435 0.48 1
209 10.1052717736 10.8048451124 0.0 0.435 0.48 1
210 0.297176734791 4.0004155628 0.0 0.435 0.48 1
212 3.14455920292 2.23457170472 0.0 0.435 0.48 1
213 2.33405806575 2.97131450643 0.0 0.435 0.48 1
214 6.32847538133 5.10541043547 0.0 0.435 0.48 1
215 6.67658467265 5.20660219055 0.0 0.435 0.48 1
216 6.08433585416 4.6600712492 0.0 0.435 0.48 1
218 9.44546365488 7.40274966751 0.0 0.435 0.48 1
220 11.4210996389 4.21520938254 0.0 0.435 0.48 1
221 10.3944508342 2.44268305007 0.0 0.435 0.48 1
222 7.44878115987 0.347488668383 0.0 0.435 0.48 1
223 14.1853483888 1.95223716166 0.0 0.435 0.48 1
224 14.2120774577 2.48993769041 0.0 0.435 0.48 1
225 12.9008798247 1.37157786895 0.0 0.435 0.48 1
226 14.8419995308 0.295938151645 0.0 0.435 0.48 1
227 15.0678285934 0.840321154791 0.0 0.435 0.48 1
269 3.34113361531 9.08959713189 0.0 0.435 0.48 1
276 12.8665740118 4.2481444349 0.0 0.435 0.48 1
301 6.31774166074 10.8110502672 0.0 0.435 0.48 1
306 7.65082766511 7.28222646866 0.0 0.435 0.48 1
307 8.21424276357 7.20108213675 0.0 0.435 0.48 1
311 10.9639694208 9.45665590385 0.0 0.435 0.48 1
314 7.2046416327 10.8676126398 0.0 0.435 0.48 1
319 0.479860449946 3.56080421172 0.0 0.435 0.48 1
320 11.5023391713 8.27314195707 0.0 0.435 0.48 1
321 9.4829264444 5.06650888812 0.0 0.435 0.48 1
322 9.74621829654 4.64145578483 0.0 0.435 0.48 1
323 6.6799521144 7.42446770929 0.0 0.435 0.48 1
324 11.5282263797 5.8261630306 0.0 0.435 0.48 1
325 10.7090961731 4.60923671187 0.0 0.435 0.48 1
326 11.7119624204 5.43523827867 0.0 0.435 0.48 1
327 12.4753193731 6.39703727152 0.0 0.435 0.48 1
328 13.8770170032 7.08509347409 0.0 0.435 0.48 1
389 5.10609402462 8.54593010814 0.0 0.435 0.48 1
390 4.52331613607 8.59175278968 0.0 0.435 0.48 1
391 13.8696507243 7.73257751072 0.0 0.435 0.48 1
392 13.9311065363 7.98364762001 0.0 0.435 0.48 1
395 4.11459289318 8.6623960904 0.0 0.435 0.48 1
396 5.52513005789 9.26334146608 0.0 0.435 0.48 1
399 2.6718545667 11.8131827662 0.0 0.435 0.48 1
414 10.8543170987 7.97004401143 0.0 0.435 0.48 1
415 11.540222891 9.164536309 0.0 0.435 0.48 1
