101 14.544822796 5.4106563193 0.0 0.435 0.48 1
103 14.1710367613 5.17486043719 0.0 0.435 0.48 1
104 13.7789402621 5.51304137338 0.0 0.435 0.48 1
108 8.04986951296 5.92854808468 0.0 0.435 0.48 1
109 12.1396275232 5.17676971558 0.0 0.435 0.48 1
112 11.448039173 5.36745889556 0.0 0.435 0.48 1
113 11.7189077691 4.58680269069 0.0 0.435 0.48 1
116 6.78581606455 11.5750002861 0.0 0.435 0.48 1
117 7.8213044039 12.0511265865 0.0 0.435 0.48 1
118 7.3161881408 10.3759734523 0.0 0.435 0.48 1
119 10.7901252403 0.503094857796 0.0 0.435 0.48 1
120 7.58916138799 8.61036825406 0.0 0.435 0.48 1
121 6.98302187227 8.68554609097 0.0 0.435 0.48 1
122 3.13214176145 5.9123192183 0.0 0.435 0.48 1
123 4.59697892444 6.47555634563 0.0 0.435 0.48 1
124 5.02211844588 2.95938151645 0.0 0.435 0.48 1
164 6.68437188171 9.83517034619 0.0 0.435 0.48 1
165 12.5527705334 9.00057702659 0.0 0.435 0.48 1
166 7.54664743584 5.84788107238 0.0 0.435 0.48 1
168 9.12808226957 5.29323569784 0.0 0.435 0.48 1
177 8.32642066701 6.23403262832 0.0 0.435 0.48 1
178 8.9188799506 6.53903985235 0.0 0.435 0.48 1
180 14.6576320948 8.20631721315 0.0 0.435 0.48 1
190 8.72356832887 5.98320117882 0.0 0.435 0.48 1
255 6.35878235712 6.04811664434 0.0 0.435 0.48 1
269 10.7974915191 6.4987063462 0.0 0.435 0.48 1
270 11.5071798688 6.83402336479 0.0 0.435 0.48 1
272 10.9361880264 7.97410122803 0.0 0.435 0.48 1
273 4.19877893703 5.18345218998 0.0 0.435 0.48 1
274 4.3576800948 4.834292903 0.0 0.435 0.48 1
276 14.6157495379 6.61039913246 0.0 0.435 0.48 1
277 13.8288204931 4.09540216308 0.0 0.435 0.48 1
279 8.39271717654 7.96455483604 0.0 0.435 0.48 1
280 6.87273815482 7.89892339112 0.0 0.435 0.48 1
281 7.44688697388 7.80584606923 0.0 0.435 0.48 1
282 14.2968948969 4.33549392159 0.0 0.435 0.48 1
283 14.2891076878 2.63265625064 0.0 0.435 0.48 1
369 3.85656266878 8.08937391129 0.0 0.435 0.48 1
370 3.73933360272 8.45643268325 0.0 0.435 0.48 1
371 5.05053123568 9.66906312559 0.0 0.435 0.48 1
372 5.54870215017 9.72658013732 0.0 0.435 0.48 1
373 13.846078632 7.76264864548 0.0 0.435 0.48 1
374 13.8246111909 9.12372548325 0.0 0.435 0.48 1
399 5.0136998415 12.1919358684 0.0 0.435 0.48 1
