128 7.68323929199 9.08649455449 0.0 0.435 0.48 1
129 8.49731833602 8.63041567724 0.0 0.435 0.48 1
134 7.6461974327 3.20281451215 0.0 0.435 0.48 1
135 7.37406604595 3.80352122803 0.0 0.435 0.48 1
136 2.88337200187 3.05389079713 0.0 0.435 0.48 1
137 0.0631395328877 4.12356401945 0.0 0.435 0.48 1
168 6.30995445168 9.57336054591 0.0 0.435 0.48 1
177 5.89828469726 9.33422342659 0.0 0.435 0.48 1
178 5.63857075198 9.95927344204 0.0 0.435 0.48 1
190 6.93545675749 11.0814518203 0.0 0.435 0.48 1
200 3.67429988384 11.127035842 0.0 0.435 0.48 1
201 3.951061503 11.4504198707 0.0 0.435 0.48 1
203 3.97126615352 10.5549683021 0.0 0.435 0.48 1
207 11.4833973114 4.46222227524 0.0 0.435 0.48 1
208 11.8727577642 4.6629351668 0.0 0.435 0.48 1
209 8.58129391476 7.20227543575 0.0 0.435 0.48 1
269 3.62778709462 9.18935692817 0.0 0.435 0.48 1
276 12.4879472796 4.45028928526 0.0 0.435 0.48 1
286 1.20743833392 3.54266606695 0.0 0.435 0.48 1
287 1.4890406506 4.06914958511 0.0 0.435 0.48 1
292 0.721684860906 13.8615998272 0.0 0.435 0.48 1
293 13.5308018978 8.64378062602 0.0 0.435 0.48 1
297 9.87018224611 9.19556208296 0.0 0.435 0.48 1
301 8.12205904556 9.93612344147 0.0 0.435 0.48 1
306 12.3938693756 5.70850374935 0.0 0.435 0.48 1
307 13.9565728146 5.40468982431 0.0 0.435 0.48 1
311 12.3439891446 9.00248630499 0.0 0.435 0.48 1
312 11.822456603 1.5014088 0.0 0.435 0.48 1
313 12.0838542691 2.03815468955 0.0 0.435 0.48 1
314 11.2415729004 8.38841464033 0.0 0.435 0.48 1
315 12.9812774966 8.95785692244 0.0 0.435 0.48 1
316 14.6389007 3.98323205722 0.0 0.435 0.48 1
317 14.8260041825 9.15308063861 0.0 0.435 0.48 1
375 7.18696256349 10.992431715 0.0 0.435 0.48 1
389 3.69450453437 12.6542199004 0.0 0.435 0.48 1
390 3.38848826497 12.8160312446 0.0 0.435 0.48 1
391 2.47022899167 9.31369868382 0.0 0.435 0.48 1
392 2.1799976055 9.53159508096 0.0 0.435 0.48 1
399 2.8993673502 13.6169735325 0.0 0.435 0.48 1
408 7.68239743155 9.72109096193 0.0 0.435 0.48 1
409 7.76047998722 10.3960208755 0.0 0.435 0.48 1
414 9.45703923591 7.80775534763 0.0 0.435 0.48 1
