29 15.1385448703 8.0776795811 0.0 0.435 0.48 1
94 6.76329629782 11.3349085276 0.0 0.435 0.48 1
95 6.06707771518 9.80151931443 0.0 0.435 0.48 1
101 3.72102313818 1.77729952847 0.0 0.435 0.48 1
103 3.52865802798 0.692829398568 0.0 0.435 0.48 1
104 3.03217083437 2.29041809785 0.0 0.435 0.48 1
105 9.19732529064 6.37221665235 0.0 0.435 0.48 1
106 13.4868146899 5.09252280629 0.0 0.435 0.48 1
107 6.55767188571 5.70993570814 0.0 0.435 0.48 1
108 6.74182885663 6.19918829756 0.0 0.435 0.48 1
158 8.05976137311 9.9941177728 0.0 0.435 0.48 1
159 8.15552299799 10.6680930472 0.0 0.435 0.48 1
160 7.71649277931 9.84662601658 0.0 0.435 0.48 1
164 6.5420974676 9.60176106207 0.0 0.435 0.48 1
165 11.4985507993 9.00725950099 0.0 0.435 0.48 1
166 8.19214392706 5.11662744606 0.0 0.435 0.48 1
167 9.30760900808 7.62732853904 0.0 0.435 0.48 1
168 6.47474863252 1.71047478455 0.0 0.435 0.48 1
169 6.57408816426 0.865380433761 0.0 0.435 0.48 1
170 12.3742961204 2.19686345636 0.0 0.435 0.48 1
171 12.4595344898 0.923613424891 0.0 0.435 0.48 1
172 12.6121216943 5.05720115593 0.0 0.435 0.48 1
173 13.4358821334 2.0825454123 0.0 0.435 0.48 1
174 10.1303171216 1.71429334134 0.0 0.435 0.48 1
175 12.9730693573 0.354887122174 0.0 0.435 0.48 1
176 6.46633002813 0.234363923319 0.0 0.435 0.48 1
255 8.57203344994 5.5006310638 0.0 0.435 0.48 1
257 9.01548343592 4.82307589241 0.0 0.435 0.48 1
258 3.96032196782 11.1334796566 0.0 0.435 0.48 1
261 14.1270495534 3.39779956852 0.0 0.435 0.48 1
262 14.6614204667 3.12572739685 0.0 0.435 0.48 1
264 10.8038054724 5.19824909756 0.0 0.435 0.48 1
265 9.23478808015 5.96291509584 0.0 0.435 0.48 1
266 13.1052414462 6.26505840228 0.0 0.435 0.48 1
267 12.9690705202 6.66982542259 0.0 0.435 0.48 1
268 13.7854646805 1.83768045779 0.0 0.435 0.48 1
269 14.0001390923 6.36267026036 0.0 0.435 0.48 1
270 14.277953037 5.832845505 0.0 0.435 0.48 1
271 14.8297925544 5.01734496938 0.0 0.435 0.48 1
358 7.56516836549 4.76460424148 0.0 0.435 0.48 1
359 6.66269397542 4.68035733218 0.0 0.435 0.48 1
360 7.05857884662 4.89443517252 0.0 0.435 0.48 1
362 5.32603006418 9.44329095506 0.0 0.435 0.48 1
365 6.22976724492 10.9680884154 0.0 0.435 0.48 1
366 6.56945793185 11.4692739948 0.0 0.435 0.48 1
397 11.6808135842 0.505481455793 0.0 0.435 0.48 1
399 5.30098471614 10.7776378953 0.0 0.435 0.48 1
403 4.0495591743 8.19390690356 0.0 0.435 0.48 1
404 6.02793120478 10.5093842804 0.0 0.435 0.48 1
405 5.68255795989 12.2193817453 0.0 0.435 0.48 1
