26 3.25589524591 4.48823619341 0.0 0.435 0.48 1
27 3.26284059452 3.77082483547 0.0 0.435 0.48 1
28 2.7615127034 3.62190112045 0.0 0.435 0.48 1
29 14.2531181541 8.25571979169 0.0 0.435 0.48 1
30 14.627325119 8.22183010013 0.0 0.435 0.48 1
56 2.97134641769 5.30254343003 0.0 0.435 0.48 1
75 7.43994162526 13.1978869242 0.0 0.435 0.48 1
76 7.94042765595 12.4062523685 0.0 0.435 0.48 1
77 4.30758939871 10.4611750008 0.0 0.435 0.48 1
80 4.34757776953 11.4318044063 0.0 0.435 0.48 1
81 4.6091859008 10.8668966604 0.0 0.435 0.48 1
82 3.13635106364 12.8799920709 0.0 0.435 0.48 1
94 4.75377543111 6.86146924176 0.0 0.435 0.48 1
95 2.81391851569 4.80851764463 0.0 0.435 0.48 1
96 2.57967084868 2.88778357653 0.0 0.435 0.48 1
97 2.11938365393 2.44148975107 0.0 0.435 0.48 1
153 5.26836262415 0.692113419169 0.0 0.435 0.48 1
156 14.7500262779 6.87745944834 0.0 0.435 0.48 1
158 14.059069323 2.18779438397 0.0 0.435 0.48 1
159 13.3224414393 1.19329899857 0.0 0.435 0.48 1
160 13.8008286335 1.46775776824 0.0 0.435 0.48 1
161 14.9430227834 1.65868560801 0.0 0.435 0.48 1
247 5.47903819888 8.87814454934 0.0 0.435 0.48 1
248 5.92648702195 9.40152549011 0.0 0.435 0.48 1
249 6.155052131 9.63970797023 0.0 0.435 0.48 1
250 6.62438932546 8.48435587981 0.0 0.435 0.48 1
253 0.150061623163 2.17896397138 0.0 0.435 0.48 1
254 12.1802472894 3.78824700085 0.0 0.435 0.48 1
255 12.8699414536 5.72783519312 0.0 0.435 0.48 1
256 14.786647207 4.52093258597 0.0 0.435 0.48 1
257 15.049728594 5.68010323318 0.0 0.435 0.48 1
349 9.15354854783 8.89198681772 0.0 0.435 0.48 1
350 11.7294310245 6.14739912102 0.0 0.435 0.48 1
351 6.62333699992 7.33401564519 0.0 0.435 0.48 1
352 6.59281955902 7.76431926408 0.0 0.435 0.48 1
353 6.34194514835 6.95287594505 0.0 0.435 0.48 1
354 5.1711277435 8.10082958167 0.0 0.435 0.48 1
355 3.38112198613 11.3685595594 0.0 0.435 0.48 1
356 3.70797430138 11.2886085264 0.0 0.435 0.48 1
357 3.22790338633 11.9069760675 0.0 0.435 0.48 1
397 11.2041101109 7.15358883661 0.0 0.435 0.48 1
399 3.68966383685 12.6305925802 0.0 0.435 0.48 1
