148 6.49137537618 8.50989247838 0.0 0.435 0.48 1
207 7.96757765509 13.16709981 0.0 0.435 0.48 1
208 8.25991369236 13.182612697 0.0 0.435 0.48 1
209 3.71007895248 12.3453941196 0.0 0.435 0.48 1
214 5.40242889898 10.3070007702 0.0 0.435 0.48 1
215 4.96171495942 10.4339677837 0.0 0.435 0.48 1
216 4.94087891357 10.6869471714 0.0 0.435 0.48 1
225 4.58224636677 10.1497239622 0.0 0.435 0.48 1
229 8.46680089513 12.0733219479 0.0 0.435 0.48 1
232 13.8627053757 0.298324749642 0.0 0.435 0.48 1
236 14.9318681326 2.61260882746 0.0 0.435 0.48 1
301 6.29732654511 11.2351487313 0.0 0.435 0.48 1
306 7.92148579609 6.96242233704 0.0 0.435 0.48 1
307 8.39166485099 7.17196564119 0.0 0.435 0.48 1
314 3.67850918603 11.7668827651 0.0 0.435 0.48 1
320 8.78670786176 12.0597183393 0.0 0.435 0.48 1
332 5.619418427 11.0213095508 0.0 0.435 0.48 1
333 5.74569749278 10.787422947 0.0 0.435 0.48 1
335 11.2693542949 9.59245332988 0.0 0.435 0.48 1
336 7.28524976969 10.0182224126 0.0 0.435 0.48 1
341 11.1818008093 7.77696823346 0.0 0.435 0.48 1
342 12.3818728644 6.6602790306 0.0 0.435 0.48 1
343 14.8552588327 3.93287483948 0.0 0.435 0.48 1
345 14.0632786252 2.80926450243 0.0 0.435 0.48 1
389 8.51331368435 6.18128881258 0.0 0.435 0.48 1
390 9.25583459111 6.15074035822 0.0 0.435 0.48 1
414 4.01988359385 10.4294332475 0.0 0.435 0.48 1
