128 7.5653788306 11.4757178094 0.0 0.435 0.48 1
129 7.46225092688 10.8606915056 0.0 0.435 0.48 1
134 11.6460868411 4.58751867009 0.0 0.435 0.48 1
135 11.1912717392 4.88727537853 0.0 0.435 0.48 1
136 9.63698690464 5.13118569384 0.0 0.435 0.48 1
137 4.97118588935 6.7492991359 0.0 0.435 0.48 1
138 4.84280217248 6.27221819627 0.0 0.435 0.48 1
139 2.85053944477 3.52619854077 0.0 0.435 0.48 1
140 2.37509876212 3.35889802117 0.0 0.435 0.48 1
141 1.26657902973 1.17587683319 0.0 0.435 0.48 1
168 5.17954634788 10.4843250014 0.0 0.435 0.48 1
177 4.6420184579 10.1165502501 0.0 0.435 0.48 1
178 4.20593475076 10.7535332555 0.0 0.435 0.48 1
190 7.24820791039 12.6933601076 0.0 0.435 0.48 1
200 1.47746506957 12.5391858769 0.0 0.435 0.48 1
201 2.04466854001 12.811974028 0.0 0.435 0.48 1
203 2.17452551265 12.2494528801 0.0 0.435 0.48 1
207 11.3249170838 5.50206302259 0.0 0.435 0.48 1
208 11.6997554441 5.38010786494 0.0 0.435 0.48 1
209 10.0200334042 9.55283580313 0.0 0.435 0.48 1
210 10.7000461734 2.15748458941 0.0 0.435 0.48 1
211 3.62610337374 4.75720578769 0.0 0.435 0.48 1
269 3.54254872522 9.160956412 0.0 0.435 0.48 1
276 12.5485612312 4.34718825178 0.0 0.435 0.48 1
297 7.90296486644 10.4695280938 0.0 0.435 0.48 1
301 7.5064485999 10.3468569568 0.0 0.435 0.48 1
306 8.66821600504 6.42066459169 0.0 0.435 0.48 1
307 10.8570531451 6.14381922402 0.0 0.435 0.48 1
311 12.2240240322 9.11298579226 0.0 0.435 0.48 1
314 10.4032903688 9.20725641315 0.0 0.435 0.48 1
315 13.7635763091 9.22754249612 0.0 0.435 0.48 1
316 9.85608108376 3.64266452303 0.0 0.435 0.48 1
317 14.6483716299 4.0810825751 0.0 0.435 0.48 1
318 14.6662611643 6.75860686809 0.0 0.435 0.48 1
375 6.99417652308 11.1647440904 0.0 0.435 0.48 1
389 4.37767428021 11.622732246 0.0 0.435 0.48 1
390 4.03903591882 11.7876461676 0.0 0.435 0.48 1
391 5.51923703482 10.1826590146 0.0 0.435 0.48 1
392 5.32161029688 10.2955450998 0.0 0.435 0.48 1
393 3.2994615236 12.2408611273 0.0 0.435 0.48 1
394 3.53181500463 8.66860124519 0.0 0.435 0.48 1
399 3.18307431798 12.959704444 0.0 0.435 0.48 1
408 9.43893923649 8.23376309011 0.0 0.435 0.48 1
409 9.04684273725 8.42421361029 0.0 0.435 0.48 1
414 9.49597528119 8.06813318911 0.0 0.435 0.48 1
