108 7.91033114528 5.832845505 0.0 0.435 0.48 1
116 6.4042428208 12.0625822569 0.0 0.435 0.48 1
123 6.83548583042 11.1162961511 0.0 0.435 0.48 1
125 10.3374147895 5.69585477996 0.0 0.435 0.48 1
126 10.8307450064 5.999668705 0.0 0.435 0.48 1
127 11.2182112733 5.53404343576 0.0 0.435 0.48 1
128 5.95363702109 1.2467587937 0.0 0.435 0.48 1
129 5.99825562433 0.465386609441 0.0 0.435 0.48 1
130 1.5153487893 2.00474231759 0.0 0.435 0.48 1
131 1.36044646862 0.975163941629 0.0 0.435 0.48 1
132 0.150693018492 2.72263099513 0.0 0.435 0.48 1
166 7.48119278675 5.82067385521 0.0 0.435 0.48 1
168 8.57519042658 6.06983468611 0.0 0.435 0.48 1
177 8.03261137397 6.58462387409 0.0 0.435 0.48 1
178 8.79007530351 6.77674501286 0.0 0.435 0.48 1
190 8.5383590324 6.50371820199 0.0 0.435 0.48 1
198 8.25928229703 9.14926208181 0.0 0.435 0.48 1
200 12.7506077364 1.79901757024 0.0 0.435 0.48 1
201 13.3746367865 2.11738974306 0.0 0.435 0.48 1
202 4.06934289461 1.2520093093 0.0 0.435 0.48 1
203 12.9162437777 0.627675273246 0.0 0.435 0.48 1
255 6.30532421927 5.84621045378 0.0 0.435 0.48 1
269 5.97720911336 8.6633507296 0.0 0.435 0.48 1
276 12.9692809853 5.03047125836 0.0 0.435 0.48 1
277 13.7259030544 4.04528360514 0.0 0.435 0.48 1
280 1.85756505755 12.5888271153 0.0 0.435 0.48 1
281 1.55091739283 12.2432477253 0.0 0.435 0.48 1
282 14.0350763005 4.45100526466 0.0 0.435 0.48 1
284 3.77974290376 3.77965524806 0.0 0.435 0.48 1
285 4.28738474818 4.29659237424 0.0 0.435 0.48 1
286 14.262589084 7.60274657967 0.0 0.435 0.48 1
287 13.9538367682 8.78268062945 0.0 0.435 0.48 1
288 12.0266077593 4.93071146208 0.0 0.435 0.48 1
289 11.7612112561 5.23094549012 0.0 0.435 0.48 1
290 13.4514565515 4.89538981172 0.0 0.435 0.48 1
291 12.9951681938 7.22828935392 0.0 0.435 0.48 1
292 14.3861321033 8.64545124462 0.0 0.435 0.48 1
293 14.6210111657 7.63592029183 0.0 0.435 0.48 1
294 14.5073600065 8.05882545692 0.0 0.435 0.48 1
371 10.7038345453 2.28994077825 0.0 0.435 0.48 1
372 11.069833371 2.95794955765 0.0 0.435 0.48 1
375 5.91196492938 10.3848038649 0.0 0.435 0.48 1
376 4.68558473559 10.368097679 0.0 0.435 0.48 1
377 9.60773225441 9.10797393646 0.0 0.435 0.48 1
378 10.0701241003 8.59867392388 0.0 0.435 0.48 1
379 3.89002662121 11.7317997745 0.0 0.435 0.48 1
380 3.42363593828 11.8852580257 0.0 0.435 0.48 1
381 5.45799168792 9.26000022888 0.0 0.435 0.48 1
382 3.2754685011 13.1651905316 0.0 0.435 0.48 1
383 4.30716846849 12.0988585465 0.0 0.435 0.48 1
384 4.82196612663 12.2828652521 0.0 0.435 0.48 1
385 5.08904635075 10.5869487153 0.0 0.435 0.48 1
386 2.45044527137 6.19059654477 0.0 0.435 0.48 1
387 2.95535106936 6.46195273704 0.0 0.435 0.48 1
388 3.50761151702 6.50204758339 0.0 0.435 0.48 1
399 5.01517309727 12.0523198855 0.0 0.435 0.48 1
408 7.25599511945 11.4291791485 0.0 0.435 0.48 1
409 7.07983582269 13.0489632091 0.0 0.435 0.48 1
410 7.34944162812 12.2520781379 0.0 0.435 0.48 1
