144 10.6992043129 1.47611086123 0.0 0.435 0.48 1
145 11.7624740468 2.22788923033 0.0 0.435 0.48 1
146 12.4216507701 2.67298975679 0.0 0.435 0.48 1
147 10.5617705963 2.11619644406 0.0 0.435 0.48 1
207 7.23999977112 10.2306296343 0.0 0.435 0.48 1
208 7.81941021792 10.0523507639 0.0 0.435 0.48 1
209 6.42528933176 11.790748745 0.0 0.435 0.48 1
214 4.81018008049 10.5451832503 0.0 0.435 0.48 1
215 4.66580101529 10.0607038569 0.0 0.435 0.48 1
216 4.20888126229 10.5583095393 0.0 0.435 0.48 1
218 8.76460902525 13.2091039347 0.0 0.435 0.48 1
220 8.8161729771 12.2998100978 0.0 0.435 0.48 1
225 5.53923122023 8.4931862924 0.0 0.435 0.48 1
228 11.2245252265 8.94974248925 0.0 0.435 0.48 1
229 10.0724392165 7.16910172359 0.0 0.435 0.48 1
301 6.27438584816 11.3905162609 0.0 0.435 0.48 1
306 7.93074626091 6.87769810814 0.0 0.435 0.48 1
307 8.32263229503 7.19081976537 0.0 0.435 0.48 1
311 14.1853483888 5.85122230957 0.0 0.435 0.48 1
314 3.31314175573 10.816062123 0.0 0.435 0.48 1
320 8.80480786118 9.35116827237 0.0 0.435 0.48 1
328 2.20125458157 2.70139027296 0.0 0.435 0.48 1
329 5.80883702566 3.4128351359 0.0 0.435 0.48 1
330 5.87450213987 4.19754855736 0.0 0.435 0.48 1
331 6.00036027542 2.44841088526 0.0 0.435 0.48 1
332 9.49997411828 8.67409042059 0.0 0.435 0.48 1
333 9.91143340759 8.87647393074 0.0 0.435 0.48 1
334 11.4065775464 10.6196451078 0.0 0.435 0.48 1
335 13.114501911 8.09939762288 0.0 0.435 0.48 1
336 11.4829763812 7.28962492245 0.0 0.435 0.48 1
337 13.6583437543 2.67489903519 0.0 0.435 0.48 1
338 14.4126507072 2.20998974535 0.0 0.435 0.48 1
339 11.2026368551 5.333569204 0.0 0.435 0.48 1
340 11.3230228979 4.76126300428 0.0 0.435 0.48 1
389 8.08186020962 6.23737386551 0.0 0.435 0.48 1
390 6.86368815511 6.4132661379 0.0 0.435 0.48 1
396 14.9918506888 7.3287651296 0.0 0.435 0.48 1
414 4.74746147782 9.7475821997 0.0 0.435 0.48 1
