108 7.87139509999 5.829265608 0.0 0.435 0.48 1
116 8.21424276357 12.2399064881 0.0 0.435 0.48 1
123 6.91398931631 11.2053162563 0.0 0.435 0.48 1
125 8.29232531925 7.73257751072 0.0 0.435 0.48 1
126 9.08220087567 8.00942287838 0.0 0.435 0.48 1
127 9.46566830541 7.56217441372 0.0 0.435 0.48 1
128 6.2687032902 1.69949643376 0.0 0.435 0.48 1
129 8.17635904384 0.0164675261802 0.0 0.435 0.48 1
130 5.2060649517 1.0847087897 0.0 0.435 0.48 1
131 5.82293818801 0.436747433476 0.0 0.435 0.48 1
132 3.3628115216 5.38846095793 0.0 0.435 0.48 1
133 2.98860455668 5.70396921315 0.0 0.435 0.48 1
166 7.46561836864 5.81446870042 0.0 0.435 0.48 1
168 8.42070903612 6.41827799369 0.0 0.435 0.48 1
177 7.91896021477 6.79941769384 0.0 0.435 0.48 1
178 8.33483927139 7.31540018082 0.0 0.435 0.48 1
190 8.17804276472 7.05836357653 0.0 0.435 0.48 1
198 7.29935093203 10.5640373745 0.0 0.435 0.48 1
200 11.5092845199 3.68824854477 0.0 0.435 0.48 1
201 12.0508112469 3.9956423668 0.0 0.435 0.48 1
202 7.29935093203 4.03167999656 0.0 0.435 0.48 1
203 11.613254284 2.85246192618 0.0 0.435 0.48 1
204 13.8027228195 0.426962381687 0.0 0.435 0.48 1
205 14.8350541822 0.453453619456 0.0 0.435 0.48 1
255 6.29269631269 5.79847849384 0.0 0.435 0.48 1
269 4.67653473588 9.27909301286 0.0 0.435 0.48 1
276 12.6706309948 4.76937743747 0.0 0.435 0.48 1
277 13.7014891017 4.03358927496 0.0 0.435 0.48 1
282 13.9731995583 4.47821248182 0.0 0.435 0.48 1
284 -0.260976735936 3.56080421172 0.0 0.435 0.48 1
285 0.63497323574 3.60853617167 0.0 0.435 0.48 1
286 13.9311065363 7.44809502946 0.0 0.435 0.48 1
287 13.2967646959 7.65047853961 0.0 0.435 0.48 1
288 9.20932180188 4.01282587238 0.0 0.435 0.48 1
289 8.99591018072 4.36246247896 0.0 0.435 0.48 1
291 9.93542643009 7.5824604967 0.0 0.435 0.48 1
292 12.7758635496 7.88484246293 0.0 0.435 0.48 1
293 14.3678216388 7.53114863976 0.0 0.435 0.48 1
294 14.0811681595 7.8256548326 0.0 0.435 0.48 1
295 12.46942635 6.30348263003 0.0 0.435 0.48 1
296 12.7935426188 5.98558777681 0.0 0.435 0.48 1
297 13.8414483996 8.6657373276 0.0 0.435 0.48 1
298 14.4810518678 6.14214860543 0.0 0.435 0.48 1
299 14.5010460532 5.64430426322 0.0 0.435 0.48 1
300 14.7662320913 5.828072309 0.0 0.435 0.48 1
301 14.6172227937 8.41633783689 0.0 0.435 0.48 1
371 11.8338217189 1.36990725036 0.0 0.435 0.48 1
372 12.1869821729 1.98517221402 0.0 0.435 0.48 1
375 6.60292188428 10.4664255164 0.0 0.435 0.48 1
376 5.57059052157 10.3229909768 0.0 0.435 0.48 1
377 11.6008368426 9.41751569669 0.0 0.435 0.48 1
378 10.35761944 8.89795331272 0.0 0.435 0.48 1
379 4.5239475314 10.6330100566 0.0 0.435 0.48 1
380 4.18488823979 10.9299028475 0.0 0.435 0.48 1
381 3.95674406096 10.6919590272 0.0 0.435 0.48 1
382 3.52781616754 11.678817299 0.0 0.435 0.48 1
383 2.96818944105 13.3417987834 0.0 0.435 0.48 1
384 3.24810803685 13.4525369304 0.0 0.435 0.48 1
385 2.76277549405 9.35546414877 0.0 0.435 0.48 1
386 3.74754174199 4.39754546952 0.0 0.435 0.48 1
387 4.08618010338 4.82450785121 0.0 0.435 0.48 1
388 4.85690333483 4.88918465693 0.0 0.435 0.48 1
399 4.94003705313 12.0523198855 0.0 0.435 0.48 1
408 6.96976257036 10.3590286066 0.0 0.435 0.48 1
409 7.10088233366 12.9117338243 0.0 0.435 0.48 1
410 6.80686257551 11.3563879096 0.0 0.435 0.48 1
412 7.89686137826 11.2296595559 0.0 0.435 0.48 1
413 8.03303230419 11.013911097 0.0 0.435 0.48 1
