123 9.97983456822 8.71203732874 0.0 0.435 0.48 1
126 2.91704641941 9.50056930699 0.0 0.435 0.48 1
127 2.93072665154 9.20940435134 0.0 0.435 0.48 1
128 10.033082241 3.68896452417 0.0 0.435 0.48 1
129 10.221238049 2.77990934706 0.0 0.435 0.48 1
133 1.77379994392 9.11608836965 0.0 0.435 0.48 1
168 7.48519162383 8.55404454133 0.0 0.435 0.48 1
177 6.95334629181 8.55690845893 0.0 0.435 0.48 1
178 7.57611255119 8.91919403489 0.0 0.435 0.48 1
190 7.59063464375 9.1604790924 0.0 0.435 0.48 1
198 8.9778101813 13.1398925928 0.0 0.435 0.48 1
200 6.8350649002 7.20824193075 0.0 0.435 0.48 1
201 6.91146373499 7.69630122116 0.0 0.435 0.48 1
203 6.2272416636 7.14165584663 0.0 0.435 0.48 1
204 11.6997554441 5.3266480698 0.0 0.435 0.48 1
207 14.4248576835 1.10236961488 0.0 0.435 0.48 1
208 14.2865821065 0.487820630614 0.0 0.435 0.48 1
269 4.03166963999 9.28816208525 0.0 0.435 0.48 1
276 12.7901751771 4.44098155307 0.0 0.435 0.48 1
286 9.94594968557 5.43810219627 0.0 0.435 0.48 1
287 9.73864155259 5.92544550729 0.0 0.435 0.48 1
288 -0.088816276262 3.31164338082 0.0 0.435 0.48 1
289 -0.0976558108662 3.88681349813 0.0 0.435 0.48 1
291 2.79097781874 5.05028002174 0.0 0.435 0.48 1
292 4.27370451606 10.3817012875 0.0 0.435 0.48 1
293 13.0599914476 8.62158526465 0.0 0.435 0.48 1
294 13.8483937483 8.97742702602 0.0 0.435 0.48 1
295 1.80073947796 2.9966124452 0.0 0.435 0.48 1
296 1.98258133267 2.54411346495 0.0 0.435 0.48 1
297 11.0780415102 9.26358012588 0.0 0.435 0.48 1
298 7.06173582327 3.75340267009 0.0 0.435 0.48 1
299 8.30095438874 3.71521710214 0.0 0.435 0.48 1
300 7.47151139171 3.45722585865 0.0 0.435 0.48 1
301 11.4617194051 8.89222547752 0.0 0.435 0.48 1
302 7.80993928798 6.94977336766 0.0 0.435 0.48 1
303 9.94321363915 4.61806712446 0.0 0.435 0.48 1
304 11.3628008036 3.89015473533 0.0 0.435 0.48 1
305 8.75429623487 3.27966296766 0.0 0.435 0.48 1
306 13.4624007372 5.32378415221 0.0 0.435 0.48 1
307 13.972778628 5.18345218998 0.0 0.435 0.48 1
308 13.2275216749 10.1926827262 0.0 0.435 0.48 1
309 14.9423913881 5.23738930471 0.0 0.435 0.48 1
310 14.7325576738 6.14143262603 0.0 0.435 0.48 1
311 14.5681844232 8.328033711 0.0 0.435 0.48 1
371 15.1254960335 3.36916039255 0.0 0.435 0.48 1
372 14.6544751181 3.94934236566 0.0 0.435 0.48 1
375 7.5281265062 10.9084234655 0.0 0.435 0.48 1
376 7.11372070534 11.1454126466 0.0 0.435 0.48 1
378 12.1743542663 7.46336925664 0.0 0.435 0.48 1
379 6.5311532819 11.0060353236 0.0 0.435 0.48 1
380 6.59808118676 10.7559198535 0.0 0.435 0.48 1
382 3.85088011082 5.11567280686 0.0 0.435 0.48 1
388 12.59423216 0.87468816595 0.0 0.435 0.48 1
399 3.36975687021 13.5215096126 0.0 0.435 0.48 1
408 9.12176831628 8.42302031129 0.0 0.435 0.48 1
409 7.15455093661 12.5611425785 0.0 0.435 0.48 1
411 4.77082310499 10.5649920137 0.0 0.435 0.48 1
413 4.70999868831 11.976664729 0.0 0.435 0.48 1
414 7.94863579523 10.2544956143 0.0 0.435 0.48 1
