103 15.2124181237 5.17533775679 0.0 0.435 0.48 1
104 14.8952472035 5.54048725035 0.0 0.435 0.48 1
108 8.0486067223 5.84597179398 0.0 0.435 0.48 1
109 13.6591856147 5.61542642746 0.0 0.435 0.48 1
112 12.9730693573 5.88296406294 0.0 0.435 0.48 1
113 13.5493228275 2.34149129499 0.0 0.435 0.48 1
116 6.55219979286 11.8430152412 0.0 0.435 0.48 1
117 9.81041015497 12.7246245413 0.0 0.435 0.48 1
120 8.9167752995 9.48266982201 0.0 0.435 0.48 1
121 8.4487008957 9.20128991815 0.0 0.435 0.48 1
123 7.26315093318 7.31038832502 0.0 0.435 0.48 1
124 8.53941135795 3.65650679141 0.0 0.435 0.48 1
125 1.32593019064 4.30279752903 0.0 0.435 0.48 1
126 1.51934762639 3.18038049098 0.0 0.435 0.48 1
127 1.14177321972 2.68492274678 0.0 0.435 0.48 1
164 6.68184630039 9.85402447037 0.0 0.435 0.48 1
165 14.4511658222 8.46955897223 0.0 0.435 0.48 1
166 7.53633464547 5.84358519598 0.0 0.435 0.48 1
168 8.48995205718 5.50134704319 0.0 0.435 0.48 1
177 8.28327531953 6.27937799026 0.0 0.435 0.48 1
178 8.89867530008 6.5765094409 0.0 0.435 0.48 1
180 14.7506576732 8.17123422259 0.0 0.435 0.48 1
190 8.71451832915 6.03833159255 0.0 0.435 0.48 1
255 6.35036375273 6.01637489098 0.0 0.435 0.48 1
269 10.7648694271 6.48271613962 0.0 0.435 0.48 1
270 11.0058519776 6.9991759462 0.0 0.435 0.48 1
272 9.06241715537 8.47743474562 0.0 0.435 0.48 1
273 2.56114991903 4.28513670385 0.0 0.435 0.48 1
274 2.74067665754 3.85077586838 0.0 0.435 0.48 1
276 14.5757611671 6.59440892588 0.0 0.435 0.48 1
277 13.8126146796 4.08752638969 0.0 0.435 0.48 1
279 7.89412533183 8.06861050871 0.0 0.435 0.48 1
280 5.77074284082 8.78960176365 0.0 0.435 0.48 1
281 6.24807770945 8.08889659169 0.0 0.435 0.48 1
282 14.2554332703 4.35387072617 0.0 0.435 0.48 1
283 11.6536635851 1.43530003548 0.0 0.435 0.48 1
284 14.9146099936 4.85434032617 0.0 0.435 0.48 1
285 14.7708623237 5.86029138196 0.0 0.435 0.48 1
369 3.29819873294 6.88366460314 0.0 0.435 0.48 1
370 2.9671371155 7.17148832159 0.0 0.435 0.48 1
371 4.63528357439 8.40082494991 0.0 0.435 0.48 1
372 5.28435797248 8.54402082974 0.0 0.435 0.48 1
373 13.874701887 6.97650326522 0.0 0.435 0.48 1
374 13.993825139 7.71682596393 0.0 0.435 0.48 1
375 2.20988365107 13.4484797139 0.0 0.435 0.48 1
376 1.52355692858 13.4954956944 0.0 0.435 0.48 1
377 1.91228598606 12.1000518455 0.0 0.435 0.48 1
378 4.11185684675 8.87528063174 0.0 0.435 0.48 1
399 5.08252193235 12.139908032 0.0 0.435 0.48 1
