108 7.84550789151 5.82687901 0.0 0.435 0.48 1
116 9.51996830369 13.6513405436 0.0 0.435 0.48 1
123 7.01922187112 11.1764384206 0.0 0.435 0.48 1
125 6.26344166246 8.17648473818 0.0 0.435 0.48 1
126 8.1077474181 8.97718836622 0.0 0.435 0.48 1
127 7.93453463288 8.63948474963 0.0 0.435 0.48 1
128 6.36236026398 1.78780055965 0.0 0.435 0.48 1
129 8.47606135995 0.0773257751072 0.0 0.435 0.48 1
130 7.89159975052 1.04843250014 0.0 0.435 0.48 1
131 8.78733925709 0.783997442059 0.0 0.435 0.48 1
132 4.46838474246 7.1597939914 0.0 0.435 0.48 1
133 4.43471032492 6.91970223289 0.0 0.435 0.48 1
166 7.45530557827 5.81017282402 0.0 0.435 0.48 1
168 8.07954509341 7.12399502145 0.0 0.435 0.48 1
177 7.6790299898 7.29630739684 0.0 0.435 0.48 1
178 8.24202415805 7.70942751014 0.0 0.435 0.48 1
190 7.92653695872 7.52589812416 0.0 0.435 0.48 1
198 6.96260675663 10.9334827445 0.0 0.435 0.48 1
200 10.7570822181 4.63262537224 0.0 0.435 0.48 1
201 11.0367903488 5.03238053676 0.0 0.435 0.48 1
202 9.59952411513 4.4125810369 0.0 0.435 0.48 1
203 10.309633395 4.01783772818 0.0 0.435 0.48 1
204 13.6288786389 1.86751293276 0.0 0.435 0.48 1
205 14.1630390871 1.96965932704 0.0 0.435 0.48 1
269 4.21624754113 9.39412703632 0.0 0.435 0.48 1
276 12.6508472745 4.69634753876 0.0 0.435 0.48 1
286 13.519647247 7.31802543861 0.0 0.435 0.48 1
287 13.24709493 7.53759245435 0.0 0.435 0.48 1
288 7.11582535644 3.38968513533 0.0 0.435 0.48 1
289 7.09120093861 3.81449957882 0.0 0.435 0.48 1
291 8.94308343821 7.02399656537 0.0 0.435 0.48 1
292 10.4260206006 8.06837184891 0.0 0.435 0.48 1
293 14.1765088542 7.50203214419 0.0 0.435 0.48 1
294 13.9818286278 7.93376772187 0.0 0.435 0.48 1
295 10.0356078223 5.52211044577 0.0 0.435 0.48 1
296 10.2241845605 5.21925115993 0.0 0.435 0.48 1
297 12.8621542445 8.85141465177 0.0 0.435 0.48 1
298 12.2896891464 6.18128881258 0.0 0.435 0.48 1
299 12.3263100754 5.68010323318 0.0 0.435 0.48 1
300 12.6348519261 5.97699602402 0.0 0.435 0.48 1
301 13.4426170169 8.70678681315 0.0 0.435 0.48 1
302 13.9854065346 6.73617284691 0.0 0.435 0.48 1
303 14.4122297769 6.11422540886 0.0 0.435 0.48 1
304 14.9278692955 5.77055529727 0.0 0.435 0.48 1
305 15.1132890571 6.36386355936 0.0 0.435 0.48 1
371 12.0537577585 1.30427580543 0.0 0.435 0.48 1
372 12.3578798419 1.97872839942 0.0 0.435 0.48 1
375 6.74224978685 10.4559244852 0.0 0.435 0.48 1
376 6.13505794558 10.457356444 0.0 0.435 0.48 1
378 10.3220508365 8.88983887953 0.0 0.435 0.48 1
379 5.22184983492 10.5320569614 0.0 0.435 0.48 1
380 4.84701147468 10.452583248 0.0 0.435 0.48 1
381 3.35376152188 11.5912291525 0.0 0.435 0.48 1
382 4.16615684504 10.7466121213 0.0 0.435 0.48 1
386 5.69308121537 2.86869079256 0.0 0.435 0.48 1
387 5.51523819774 3.57082792331 0.0 0.435 0.48 1
388 6.66816606827 4.17893309298 0.0 0.435 0.48 1
399 4.50900450862 12.1897879302 0.0 0.435 0.48 1
408 7.91559277302 9.48481776021 0.0 0.435 0.48 1
409 7.114983496 12.820327121 0.0 0.435 0.48 1
412 7.15665558771 11.5014930678 0.0 0.435 0.48 1
413 7.58453115558 11.36784358 0.0 0.435 0.48 1
