4 3.6690382561 12.2496915399 0.0 0.435 0.48 1
18 14.5042030298 7.54403626894 0.0 0.435 0.48 1
19 13.7223251476 7.10275429927 0.0 0.435 0.48 1
25 2.50285108367 0.257513923891 0.0 0.435 0.48 1
26 3.61999988556 4.45100526466 0.0 0.435 0.48 1
27 3.6383103501 3.94098927267 0.0 0.435 0.48 1
28 3.25989408299 3.70185215336 0.0 0.435 0.48 1
29 13.4367239938 7.6609795708 0.0 0.435 0.48 1
30 13.6983321251 7.48699657681 0.0 0.435 0.48 1
33 9.2949811015 7.8258934924 0.0 0.435 0.48 1
34 9.51302295507 8.09056721029 0.0 0.435 0.48 1
35 10.9286112824 2.28492892246 0.0 0.435 0.48 1
46 2.00047086699 12.1513637024 0.0 0.435 0.48 1
47 1.74538715412 12.4484951531 0.0 0.435 0.48 1
51 1.96995342609 12.7157941287 0.0 0.435 0.48 1
53 2.92378130292 13.4243750741 0.0 0.435 0.48 1
54 2.55757201217 13.336309608 0.0 0.435 0.48 1
55 7.17686023823 11.0220255302 0.0 0.435 0.48 1
56 5.02506495742 5.39943930872 0.0 0.435 0.48 1
60 8.86984158006 7.51515843318 0.0 0.435 0.48 1
61 8.51941717253 8.13328731443 0.0 0.435 0.48 1
70 5.8532451638 8.7418698037 0.0 0.435 0.48 1
73 0.0841860438502 0.323861348211 0.0 0.435 0.48 1
74 2.90168246641 1.29592271244 0.0 0.435 0.48 1
75 6.08244166818 10.0475775679 0.0 0.435 0.48 1
76 5.19154285913 9.72132962173 0.0 0.435 0.48 1
77 7.88760091344 7.0753084223 0.0 0.435 0.48 1
78 3.44320919347 5.36984549355 0.0 0.435 0.48 1
79 4.90741496114 5.67700065578 0.0 0.435 0.48 1
80 6.76498001869 8.0769636017 0.0 0.435 0.48 1
81 7.28209279304 7.75405689269 0.0 0.435 0.48 1
82 6.31184863767 9.23732754791 0.0 0.435 0.48 1
83 7.04426721917 10.6602172738 0.0 0.435 0.48 1
84 3.52844756287 11.3602064664 0.0 0.435 0.48 1
85 14.8159018572 5.76983931787 0.0 0.435 0.48 1
86 4.35494404837 10.4676188154 0.0 0.435 0.48 1
87 9.65740202028 3.85602638397 0.0 0.435 0.48 1
88 9.90554038453 3.15603719141 0.0 0.435 0.48 1
89 4.96697658716 3.54171142775 0.0 0.435 0.48 1
90 11.2472554584 10.7731033591 0.0 0.435 0.48 1
91 5.06526379336 7.19511564176 0.0 0.435 0.48 1
92 2.32816504268 4.37630474735 0.0 0.435 0.48 1
242 10.2090310726 9.79292756164 0.0 0.435 0.48 1
243 11.5505356814 10.0072440618 0.0 0.435 0.48 1
244 10.5805019911 8.7464043399 0.0 0.435 0.48 1
245 9.31792179845 5.53141817796 0.0 0.435 0.48 1
246 9.32423575174 5.12617383805 0.0 0.435 0.48 1
247 13.5604774783 6.41994861229 0.0 0.435 0.48 1
248 13.6819158465 6.6605176904 0.0 0.435 0.48 1
249 14.0660146716 6.39870789012 0.0 0.435 0.48 1
250 14.0721181598 5.86721251616 0.0 0.435 0.48 1
251 14.8798832505 4.65386609441 0.0 0.435 0.48 1
348 4.17583824008 11.8267863748 0.0 0.435 0.48 1
350 9.16933343106 9.34687239598 0.0 0.435 0.48 1
397 9.87502294363 8.71513990614 0.0 0.435 0.48 1
398 6.22176957075 11.1673693482 0.0 0.435 0.48 1
399 3.37312431197 13.4670951782 0.0 0.435 0.48 1
