101 10.5371461785 2.04984901974 0.0 0.435 0.48 1
103 9.41873458596 1.63529694764 0.0 0.435 0.48 1
104 9.50292062981 2.55270521774 0.0 0.435 0.48 1
108 7.82698696186 6.14286458482 0.0 0.435 0.48 1
109 11.8754938106 5.1610181688 0.0 0.435 0.48 1
112 11.0769891847 5.18249755078 0.0 0.435 0.48 1
113 10.985436862 4.54074134935 0.0 0.435 0.48 1
114 4.19751614637 11.453522448 0.0 0.435 0.48 1
115 3.54086500434 11.6368131742 0.0 0.435 0.48 1
116 3.07826269338 8.09557906608 0.0 0.435 0.48 1
164 6.69847304405 9.73135333332 0.0 0.435 0.48 1
165 12.6942030871 9.23971414591 0.0 0.435 0.48 1
166 7.60347301544 5.87126973275 0.0 0.435 0.48 1
167 6.78771025053 11.5752389459 0.0 0.435 0.48 1
168 7.75290324328 4.38847639713 0.0 0.435 0.48 1
173 14.8510495305 9.05355950213 0.0 0.435 0.48 1
177 8.07238927969 4.1612722678 0.0 0.435 0.48 1
178 9.01527297081 3.98227741802 0.0 0.435 0.48 1
180 6.75677187942 10.3788373699 0.0 0.435 0.48 1
182 11.2588310394 9.52204868897 0.0 0.435 0.48 1
187 3.01912199758 4.6624578472 0.0 0.435 0.48 1
189 10.4647461808 2.97489440343 0.0 0.435 0.48 1
190 8.50047531267 3.70972792675 0.0 0.435 0.48 1
191 14.9461797601 4.69443826036 0.0 0.435 0.48 1
195 14.7956972067 2.57752583691 0.0 0.435 0.48 1
196 13.4135728318 0.286391759656 0.0 0.435 0.48 1
255 6.40508468123 6.22353159713 0.0 0.435 0.48 1
264 1.90723482343 2.92358254649 0.0 0.435 0.48 1
267 8.98054622772 9.7435249831 0.0 0.435 0.48 1
269 11.3577496409 6.43283624148 0.0 0.435 0.48 1
270 11.9944065976 6.40610634391 0.0 0.435 0.48 1
272 11.3484891761 7.64475070442 0.0 0.435 0.48 1
273 10.0880136346 7.2476207977 0.0 0.435 0.48 1
274 10.2126089795 6.78080222946 0.0 0.435 0.48 1
275 5.06336960737 6.36863675535 0.0 0.435 0.48 1
276 14.3657169877 6.39107077653 0.0 0.435 0.48 1
277 14.3686634992 5.37056147295 0.0 0.435 0.48 1
278 13.4154670178 5.80707024663 0.0 0.435 0.48 1
279 13.3443298107 7.86551101916 0.0 0.435 0.48 1
280 14.8689390648 8.12350226265 0.0 0.435 0.48 1
363 4.77271729098 11.0909982123 0.0 0.435 0.48 1
364 5.02948472472 10.7554425339 0.0 0.435 0.48 1
367 4.25139521444 10.6490002632 0.0 0.435 0.48 1
368 4.47196264932 10.0065280824 0.0 0.435 0.48 1
369 7.81751603193 12.4461085551 0.0 0.435 0.48 1
370 7.5937916204 12.632024539 0.0 0.435 0.48 1
399 7.17896488933 10.994818313 0.0 0.435 0.48 1
403 14.2038693184 8.60845897566 0.0 0.435 0.48 1
404 10.9725984903 8.61896000685 0.0 0.435 0.48 1
406 3.1550824584 13.790240547 0.0 0.435 0.48 1
407 3.96495220024 5.53308879656 0.0 0.435 0.48 1
