101 7.6834497571 1.73887530071 0.0 0.435 0.48 1
103 6.40971491365 2.03696139055 0.0 0.435 0.48 1
104 6.99880675549 2.70449285035 0.0 0.435 0.48 1
108 7.74701022021 6.13689808983 0.0 0.435 0.48 1
109 10.6600578025 5.46530941344 0.0 0.435 0.48 1
110 3.48467082007 12.9881049602 0.0 0.435 0.48 1
111 3.25821036211 12.7520704183 0.0 0.435 0.48 1
112 9.41136830712 5.03739239255 0.0 0.435 0.48 1
113 9.24110203344 4.62809083604 0.0 0.435 0.48 1
114 5.22648006733 9.70008889955 0.0 0.435 0.48 1
115 4.6857952007 9.8289651914 0.0 0.435 0.48 1
164 6.70268234624 9.70008889955 0.0 0.435 0.48 1
165 11.6949147466 9.27026260027 0.0 0.435 0.48 1
166 7.62073115443 5.87842952674 0.0 0.435 0.48 1
167 6.71762536903 11.4167688389 0.0 0.435 0.48 1
168 7.83140672917 4.12141608125 0.0 0.435 0.48 1
169 10.2418636297 9.4974667296 0.0 0.435 0.48 1
173 14.7851739512 8.96406207724 0.0 0.435 0.48 1
177 8.4836381039 3.52047070557 0.0 0.435 0.48 1
178 9.23057877796 3.39565163032 0.0 0.435 0.48 1
180 7.10424977541 10.0454296297 0.0 0.435 0.48 1
181 11.1910612741 9.32181311701 0.0 0.435 0.48 1
182 10.9923822106 8.8304125894 0.0 0.435 0.48 1
183 14.0658042065 8.05285896193 0.0 0.435 0.48 1
186 14.5500844237 7.79892493504 0.0 0.435 0.48 1
187 6.1485277126 4.48441763662 0.0 0.435 0.48 1
189 7.21895326016 1.97443252303 0.0 0.435 0.48 1
190 8.280328808 2.73432532532 0.0 0.435 0.48 1
191 12.296634495 2.12860675364 0.0 0.435 0.48 1
192 1.96069296127 1.17444487439 0.0 0.435 0.48 1
193 2.03919644716 0.524096920171 0.0 0.435 0.48 1
194 1.24658484431 0.134365467239 0.0 0.435 0.48 1
255 6.41918584358 6.27675273246 0.0 0.435 0.48 1
264 5.60889517152 2.96821192904 0.0 0.435 0.48 1
266 9.2183718016 9.92228117309 0.0 0.435 0.48 1
267 8.7700811181 9.71536312674 0.0 0.435 0.48 1
269 11.4888694042 6.35932902316 0.0 0.435 0.48 1
270 12.0716472928 6.3302125276 0.0 0.435 0.48 1
272 10.9041973297 7.83901978139 0.0 0.435 0.48 1
273 12.697991459 6.85741202517 0.0 0.435 0.48 1
274 12.7293507604 6.53498263575 0.0 0.435 0.48 1
275 10.7126740799 7.27912389126 0.0 0.435 0.48 1
276 14.8931425524 6.86743573675 0.0 0.435 0.48 1
363 4.72304752511 10.9859879004 0.0 0.435 0.48 1
364 4.85332542796 10.6053255199 0.0 0.435 0.48 1
367 3.36681035868 11.4170074987 0.0 0.435 0.48 1
368 3.74627895133 11.3840724463 0.0 0.435 0.48 1
399 7.05268582355 11.0809745007 0.0 0.435 0.48 1
403 13.4192553897 8.44855690986 0.0 0.435 0.48 1
404 8.50279042887 9.45092806865 0.0 0.435 0.48 1
406 4.00494057106 11.7045925573 0.0 0.435 0.48 1
407 4.34147428136 8.33495484519 0.0 0.435 0.48 1
