101 9.95984038281 1.831475303 0.0 0.435 0.48 1
103 8.73135553792 1.56322168812 0.0 0.435 0.48 1
104 8.79954623344 2.32072789241 0.0 0.435 0.48 1
108 7.81099161353 6.14167128583 0.0 0.435 0.48 1
109 11.793622883 5.38631301973 0.0 0.435 0.48 1
112 11.0264775584 5.20707951015 0.0 0.435 0.48 1
113 10.9134577945 4.53644547295 0.0 0.435 0.48 1
114 4.48122311415 11.123455945 0.0 0.435 0.48 1
115 3.6273661644 11.2857446088 0.0 0.435 0.48 1
116 2.5954557319 7.35143781057 0.0 0.435 0.48 1
164 6.69931490449 9.72514817852 0.0 0.435 0.48 1
165 12.354301935 9.30009507523 0.0 0.435 0.48 1
166 7.60705092231 5.87270169155 0.0 0.435 0.48 1
167 6.77360908819 11.5434971925 0.0 0.435 0.48 1
168 7.7686881265 4.335016602 0.0 0.435 0.48 1
173 14.8377902286 9.03566001715 0.0 0.435 0.48 1
177 8.18709276443 4.00948463519 0.0 0.435 0.48 1
178 8.99569971561 3.70471607095 0.0 0.435 0.48 1
180 6.6557486268 10.4838476818 0.0 0.435 0.48 1
182 11.2192635988 9.49961466779 0.0 0.435 0.48 1
183 14.6919379076 8.61299351186 0.0 0.435 0.48 1
186 15.0375216176 8.27934711186 0.0 0.435 0.48 1
187 3.88939522588 4.53930939055 0.0 0.435 0.48 1
189 9.80683224811 2.62048460085 0.0 0.435 0.48 1
190 8.47879740637 3.48443307582 0.0 0.435 0.48 1
191 14.4387483807 4.35888258197 0.0 0.435 0.48 1
255 6.40803119277 6.23427128811 0.0 0.435 0.48 1
264 2.60450573162 2.86391759656 0.0 0.435 0.48 1
267 8.9384532058 9.73779714791 0.0 0.435 0.48 1
269 11.3851101052 6.4146980967 0.0 0.435 0.48 1
270 12.0099810157 6.39083211673 0.0 0.435 0.48 1
272 11.119713602 7.7473744183 0.0 0.435 0.48 1
273 10.5548252477 7.23735842631 0.0 0.435 0.48 1
274 10.6535333841 6.79225789984 0.0 0.435 0.48 1
275 6.18009747904 6.69345274276 0.0 0.435 0.48 1
276 14.3417239652 6.3294965482 0.0 0.435 0.48 1
277 14.3846588476 5.38416508154 0.0 0.435 0.48 1
278 13.8425007252 6.45359964405 0.0 0.435 0.48 1
279 13.8719658405 8.05548421973 0.0 0.435 0.48 1
363 4.76282543083 11.0699961499 0.0 0.435 0.48 1
364 5.037692864 10.7043693367 0.0 0.435 0.48 1
367 4.17478591453 10.9203564555 0.0 0.435 0.48 1
368 4.24297661005 10.4914847954 0.0 0.435 0.48 1
369 7.69776138455 12.7384668097 0.0 0.435 0.48 1
370 7.3685939531 12.8845266071 0.0 0.435 0.48 1
399 7.18317419152 11.0279920252 0.0 0.435 0.48 1
403 14.1190518792 8.61896000685 0.0 0.435 0.48 1
404 10.5062078074 8.70917341114 0.0 0.435 0.48 1
406 3.19338710835 13.3995544549 0.0 0.435 0.48 1
407 4.25013242378 5.994895509 0.0 0.435 0.48 1
