148 7.2679916307 12.3785678317 0.0 0.435 0.48 1
209 2.43318713238 11.9900296778 0.0 0.435 0.48 1
225 4.26507544656 10.6847992332 0.0 0.435 0.48 1
232 14.0058216503 2.90281914391 0.0 0.435 0.48 1
233 8.68863112067 5.13906146723 0.0 0.435 0.48 1
234 14.8552588327 2.32693304721 0.0 0.435 0.48 1
235 14.9257646444 3.60591091387 0.0 0.435 0.48 1
237 14.683098373 1.32814178541 0.0 0.435 0.48 1
301 6.30827073081 11.1606868738 0.0 0.435 0.48 1
306 7.91496137769 7.00609708039 0.0 0.435 0.48 1
307 8.34452066643 7.0781723399 0.0 0.435 0.48 1
320 8.58529275184 12.7728338209 0.0 0.435 0.48 1
332 5.60258121823 11.3528080126 0.0 0.435 0.48 1
333 5.45651843215 11.3866977041 0.0 0.435 0.48 1
335 9.35222761132 10.2363574695 0.0 0.435 0.48 1
336 6.41855444825 10.7015054192 0.0 0.435 0.48 1
341 8.03408462974 9.01489661458 0.0 0.435 0.48 1
342 6.58082304777 4.21807330014 0.0 0.435 0.48 1
343 14.2301774571 2.52716861917 0.0 0.435 0.48 1
344 13.565739106 6.42161923089 0.0 0.435 0.48 1
346 14.6039634918 7.77505895506 0.0 0.435 0.48 1
347 14.6641565132 8.27863113246 0.0 0.435 0.48 1
389 8.60065670485 6.1633893276 0.0 0.435 0.48 1
390 9.49765900207 6.19178984377 0.0 0.435 0.48 1
414 3.49877198241 10.9055595479 0.0 0.435 0.48 1
