26 13.4977588756 5.64836147982 0.0 0.435 0.48 1
27 14.2063948997 4.76126300428 0.0 0.435 0.48 1
28 13.9355263036 5.4175774535 0.0 0.435 0.48 1
29 14.8849344132 8.09152184948 0.0 0.435 0.48 1
94 6.27186026684 9.80891776822 0.0 0.435 0.48 1
95 5.9757358576 9.52729920456 0.0 0.435 0.48 1
96 12.8488949426 0.88304125894 0.0 0.435 0.48 1
97 12.4984705351 0.551304137338 0.0 0.435 0.48 1
98 6.17799282795 1.20236807096 0.0 0.435 0.48 1
99 8.21171718226 3.40877791931 0.0 0.435 0.48 1
100 5.461990525 3.43503049728 0.0 0.435 0.48 1
101 0.734944162812 1.63577426724 0.0 0.435 0.48 1
102 0.11259883365 2.02932427696 0.0 0.435 0.48 1
158 10.3759299045 6.53235737796 0.0 0.435 0.48 1
159 9.30571482209 6.72113727953 0.0 0.435 0.48 1
160 9.99793456765 6.19035788497 0.0 0.435 0.48 1
164 5.57501028887 8.63327959483 0.0 0.435 0.48 1
165 5.9692114392 6.93306718168 0.0 0.435 0.48 1
166 10.3228926969 0.319326812017 0.0 0.435 0.48 1
247 1.21648833364 12.8422838226 0.0 0.435 0.48 1
248 1.51892669617 13.0580322815 0.0 0.435 0.48 1
249 1.84346389521 13.2102972337 0.0 0.435 0.48 1
250 2.32669178691 12.6885869116 0.0 0.435 0.48 1
254 1.18386624164 3.9159299937 0.0 0.435 0.48 1
255 8.70336367834 5.88224808354 0.0 0.435 0.48 1
257 10.814539193 0.777553627466 0.0 0.435 0.48 1
258 7.59484394595 8.99079197481 0.0 0.435 0.48 1
259 9.26572645126 6.99177749241 0.0 0.435 0.48 1
260 9.31855319378 7.22566409612 0.0 0.435 0.48 1
261 14.2232321085 3.22071399713 0.0 0.435 0.48 1
262 14.8146390665 3.01522790958 0.0 0.435 0.48 1
263 10.0787531697 5.23237744892 0.0 0.435 0.48 1
350 11.2451508073 1.47515622203 0.0 0.435 0.48 1
357 -0.00105232554813 5.23452538712 0.0 0.435 0.48 1
358 4.68179636362 10.5079523216 0.0 0.435 0.48 1
359 4.07039522016 10.9783507868 0.0 0.435 0.48 1
360 4.42060916257 11.0637909951 0.0 0.435 0.48 1
361 8.21234857759 6.71588676394 0.0 0.435 0.48 1
397 11.4410938244 7.11755120685 0.0 0.435 0.48 1
399 4.06744870862 11.970698234 0.0 0.435 0.48 1
403 6.7957079247 11.7738038993 0.0 0.435 0.48 1
