1 6.48232537647 3.03694595135 0.0 0.435 0.48 1
2 6.43412886636 2.38516603834 0.0 0.435 0.48 1
3 6.34783817142 1.69710983576 0.0 0.435 0.48 1
4 11.3861624307 6.20515479255 0.0 0.435 0.48 1
5 7.83666835691 1.39615982832 0.0 0.435 0.48 1
6 7.99451718913 0.605718571673 0.0 0.435 0.48 1
7 3.22116850282 2.00903819399 0.0 0.435 0.48 1
8 2.86674525821 1.47754282003 0.0 0.435 0.48 1
9 4.43323706915 2.00903819399 0.0 0.435 0.48 1
10 2.76951037756 5.80205839083 0.0 0.435 0.48 1
11 7.62157301487 5.00278672159 0.0 0.435 0.48 1
12 4.45701962654 4.02237226437 0.0 0.435 0.48 1
13 2.88337200187 4.61973774305 0.0 0.435 0.48 1
14 2.73773014601 3.97631092303 0.0 0.435 0.48 1
15 2.79813363247 3.5775103977 0.0 0.435 0.48 1
16 2.65733247413 2.93360625808 0.0 0.435 0.48 1
17 3.8527742968 4.21735732074 0.0 0.435 0.48 1
18 5.11682774522 3.96318463404 0.0 0.435 0.48 1
19 4.33726497916 3.15770781001 0.0 0.435 0.48 1
20 1.58143483373 1.77300365207 0.0 0.435 0.48 1
22 12.2595926357 2.85341656537 0.0 0.435 0.48 1
23 12.5679240213 2.96439337224 0.0 0.435 0.48 1
25 6.61702304663 8.01896927037 0.0 0.435 0.48 1
26 5.81220446742 9.50629714219 0.0 0.435 0.48 1
27 5.83283004816 10.2721564395 0.0 0.435 0.48 1
28 5.60489633444 9.9919698346 0.0 0.435 0.48 1
29 5.10756728039 10.8628394438 0.0 0.435 0.48 1
30 5.31003471585 10.530147683 0.0 0.435 0.48 1
31 4.19141265819 9.27646775506 0.0 0.435 0.48 1
32 3.95674406096 9.75712859168 0.0 0.435 0.48 1
33 7.75627068503 10.4988832492 0.0 0.435 0.48 1
34 7.33092069848 10.8812162483 0.0 0.435 0.48 1
35 7.77921138198 11.9983827708 0.0 0.435 0.48 1
36 8.45459391877 10.4124884017 0.0 0.435 0.48 1
37 15.3586913749 6.65025531902 0.0 0.435 0.48 1
38 13.7644181695 6.89106305693 0.0 0.435 0.48 1
39 14.366348383 6.64428882402 0.0 0.435 0.48 1
40 8.22329276329 4.86651197596 0.0 0.435 0.48 1
41 8.24349741381 4.28609134305 0.0 0.435 0.48 1
42 5.89533818572 6.15742283261 0.0 0.435 0.48 1
43 13.1612251653 6.11971458425 0.0 0.435 0.48 1
44 14.0256053706 6.15742283261 0.0 0.435 0.48 1
45 14.5704995394 7.53210327896 0.0 0.435 0.48 1
46 6.41918584358 9.00105434619 0.0 0.435 0.48 1
47 6.70268234624 9.20105125835 0.0 0.435 0.48 1
48 15.0661448725 7.51587441258 0.0 0.435 0.48 1
49 4.88594751996 10.0089146804 0.0 0.435 0.48 1
50 4.48711613722 9.94018065807 0.0 0.435 0.48 1
51 5.3723323883 9.46095178024 0.0 0.435 0.48 1
52 6.91588350229 10.5661853127 0.0 0.435 0.48 1
53 6.31311142833 10.2509157173 0.0 0.435 0.48 1
54 6.11969399258 10.1148796315 0.0 0.435 0.48 1
55 12.4254391421 7.88889967953 0.0 0.435 0.48 1
56 10.7968601238 7.07411512331 0.0 0.435 0.48 1
57 0.0119965112487 3.76581297968 0.0 0.435 0.48 1
58 0.603403469296 4.78465166466 0.0 0.435 0.48 1
59 0.652441839839 4.22427845493 0.0 0.435 0.48 1
60 7.69292068703 11.1881327508 0.0 0.435 0.48 1
61 7.55380324957 11.472615232 0.0 0.435 0.48 1
62 1.97647784449 12.8759348543 0.0 0.435 0.48 1
63 3.51013709833 11.4265538907 0.0 0.435 0.48 1
64 3.7673254623 11.5320415222 0.0 0.435 0.48 1
65 4.24066149384 11.0699961499 0.0 0.435 0.48 1
66 4.63865101615 10.7731033591 0.0 0.435 0.48 1
67 7.79036603279 12.6472987662 0.0 0.435 0.48 1
68 3.87255801711 12.2432477253 0.0 0.435 0.48 1
69 3.57517081721 12.4193786575 0.0 0.435 0.48 1
71 13.2233123727 7.59749606408 0.0 0.435 0.48 1
72 13.769258867 7.9120496801 0.0 0.435 0.48 1
82 9.58205551103 8.98601877881 0.0 0.435 0.48 1
83 13.5667914316 8.44975020885 0.0 0.435 0.48 1
400 7.47445790324 13.0597029001 0.0 0.435 0.48 1
401 7.39805906845 12.6766539216 0.0 0.435 0.48 1
402 7.45741022936 12.3260626758 0.0 0.435 0.48 1
