144 14.3650855924 3.04744698254 0.0 0.435 0.48 1
145 14.7235076741 4.15864701001 0.0 0.435 0.48 1
146 14.6041739569 4.90445888411 0.0 0.435 0.48 1
147 14.0931646707 3.48085317882 0.0 0.435 0.48 1
148 5.28035913539 1.50355673819 0.0 0.435 0.48 1
207 7.85897765853 11.7406301871 0.0 0.435 0.48 1
208 8.1098520692 11.6117538953 0.0 0.435 0.48 1
209 5.06336960737 11.8597214272 0.0 0.435 0.48 1
214 5.17681030146 10.4029420097 0.0 0.435 0.48 1
215 4.69694985151 10.4554471656 0.0 0.435 0.48 1
216 4.4648068356 10.7974466586 0.0 0.435 0.48 1
225 4.77040217477 9.71655642573 0.0 0.435 0.48 1
228 11.0734112778 11.4948105934 0.0 0.435 0.48 1
229 9.14786598987 9.75044611729 0.0 0.435 0.48 1
301 6.28533003386 11.3160544034 0.0 0.435 0.48 1
306 7.9284311447 6.9149290369 0.0 0.435 0.48 1
307 8.36093694498 7.18723986837 0.0 0.435 0.48 1
314 3.32850570873 10.9561554254 0.0 0.435 0.48 1
320 8.93655901981 10.5528203639 0.0 0.435 0.48 1
329 1.69424413249 0.250592789699 0.0 0.435 0.48 1
330 1.35097553869 1.09544848068 0.0 0.435 0.48 1
332 7.99199160781 9.83994354219 0.0 0.435 0.48 1
333 8.44322880285 9.70748735334 0.0 0.435 0.48 1
334 10.9288217475 12.4014791725 0.0 0.435 0.48 1
335 12.9387635444 8.2442641213 0.0 0.435 0.48 1
336 9.61594039368 8.69055794677 0.0 0.435 0.48 1
337 10.1143217733 0.129592271244 0.0 0.435 0.48 1
339 5.1841765803 3.11952224205 0.0 0.435 0.48 1
340 5.10946146638 2.28922479885 0.0 0.435 0.48 1
341 14.3867634987 7.98484091901 0.0 0.435 0.48 1
389 8.41860438502 6.20085891615 0.0 0.435 0.48 1
390 8.06796951238 6.2445336595 0.0 0.435 0.48 1
414 4.10449056792 10.1735899422 0.0 0.435 0.48 1
