1 0.124174414679 0.972777343632 0.0 0.435 0.48 1
4 6.62712537189 9.63732137223 0.0 0.435 0.48 1
5 1.77506273458 0.918362909297 0.0 0.435 0.48 1
6 1.88429412648 0.0615742283261 0.0 0.435 0.48 1
11 1.36802321257 2.65699955021 0.0 0.435 0.48 1
18 8.89215088168 7.06433007152 0.0 0.435 0.48 1
19 8.52004856786 6.06577746952 0.0 0.435 0.48 1
25 11.3451217344 1.42360570529 0.0 0.435 0.48 1
26 4.71168240919 5.44430735106 0.0 0.435 0.48 1
27 5.19406844045 6.05312850013 0.0 0.435 0.48 1
28 4.23645219165 5.72783519312 0.0 0.435 0.48 1
29 6.80244280821 8.63160897624 0.0 0.435 0.48 1
30 6.77697652994 8.27314195707 0.0 0.435 0.48 1
31 2.1296964443 12.1561368984 0.0 0.435 0.48 1
32 1.2922557731 12.496227113 0.0 0.435 0.48 1
33 8.1426846263 9.61608065005 0.0 0.435 0.48 1
34 8.45901368607 9.46787291443 0.0 0.435 0.48 1
35 7.64598696759 9.23207703232 0.0 0.435 0.48 1
36 11.3335461533 9.85664972817 0.0 0.435 0.48 1
40 2.77750805173 3.62977689384 0.0 0.435 0.48 1
41 2.81896967832 2.99255522861 0.0 0.435 0.48 1
42 3.05384874067 4.6667537236 0.0 0.435 0.48 1
43 6.64943467351 2.92620780429 0.0 0.435 0.48 1
46 5.95026957933 10.127289941 0.0 0.435 0.48 1
47 6.2929067778 10.3101033476 0.0 0.435 0.48 1
49 7.27641023508 10.8010265556 0.0 0.435 0.48 1
50 6.69342188142 10.9790667662 0.0 0.435 0.48 1
51 4.86595333454 10.2492450987 0.0 0.435 0.48 1
52 5.35759983063 12.0733219479 0.0 0.435 0.48 1
53 4.75040798936 10.8623621242 0.0 0.435 0.48 1
54 4.67863938698 10.6213157264 0.0 0.435 0.48 1
55 9.6142566728 8.90201052931 0.0 0.435 0.48 1
56 7.39511255691 5.17271249899 0.0 0.435 0.48 1
60 7.98546718941 9.16811620599 0.0 0.435 0.48 1
61 7.42899743956 9.42515281028 0.0 0.435 0.48 1
63 0.870062763192 13.1582693974 0.0 0.435 0.48 1
64 1.24174414679 13.2456188841 0.0 0.435 0.48 1
65 2.37909759921 12.8367946472 0.0 0.435 0.48 1
66 3.10162432055 12.8945503187 0.0 0.435 0.48 1
67 7.09604163613 9.78218787065 0.0 0.435 0.48 1
68 4.99223240032 11.8847807061 0.0 0.435 0.48 1
69 4.62960101643 8.87313269355 0.0 0.435 0.48 1
70 4.15752777554 11.5888425545 0.0 0.435 0.48 1
71 9.34570319292 8.39963165091 0.0 0.435 0.48 1
72 9.83566596813 8.63160897624 0.0 0.435 0.48 1
73 10.4102357174 4.2510083525 0.0 0.435 0.48 1
74 12.4900519307 4.85004444978 0.0 0.435 0.48 1
75 11.6755519565 7.44857234906 0.0 0.435 0.48 1
76 12.6580030882 7.68961874677 0.0 0.435 0.48 1
77 13.1189216783 6.92781666608 0.0 0.435 0.48 1
78 14.1272600185 7.58699503289 0.0 0.435 0.48 1
79 14.9034553428 6.51827644977 0.0 0.435 0.48 1
80 13.0921926094 8.44163577566 0.0 0.435 0.48 1
81 13.440933296 7.89367287552 0.0 0.435 0.48 1
82 8.89130902124 8.7416311439 0.0 0.435 0.48 1
83 10.063810147 7.63902286923 0.0 0.435 0.48 1
84 4.51489753169 1.14246446123 0.0 0.435 0.48 1
240 14.5679739581 3.27823100886 0.0 0.435 0.48 1
241 14.8428413912 3.99134649041 0.0 0.435 0.48 1
