4 6.62607304634 10.6661837688 0.0 0.435 0.48 1
18 11.0283717444 6.73999140371 0.0 0.435 0.48 1
19 9.89228108262 6.39894654992 0.0 0.435 0.48 1
25 10.3321531617 3.11856760286 0.0 0.435 0.48 1
26 3.42595105448 4.35243876737 0.0 0.435 0.48 1
27 3.81636383284 4.12881453504 0.0 0.435 0.48 1
28 2.12569760722 4.55840217453 0.0 0.435 0.48 1
29 8.6019194955 7.65238781801 0.0 0.435 0.48 1
30 8.59244856557 7.1605099708 0.0 0.435 0.48 1
31 0.195101156623 12.8616152664 0.0 0.435 0.48 1
33 8.12837299885 9.55689301973 0.0 0.435 0.48 1
34 8.48784740609 9.42205023289 0.0 0.435 0.48 1
35 7.08720210153 7.6609795708 0.0 0.435 0.48 1
36 11.8437135791 9.38267136593 0.0 0.435 0.48 1
40 0.0734523232593 3.21021296595 0.0 0.435 0.48 1
41 0.097234880647 2.25342582889 0.0 0.435 0.48 1
42 1.12493601095 4.4999305236 0.0 0.435 0.48 1
43 2.71394758862 0.928147961086 0.0 0.435 0.48 1
46 4.79523705771 10.4816997436 0.0 0.435 0.48 1
47 5.16397192977 10.7998332566 0.0 0.435 0.48 1
49 7.95326602764 10.9621219204 0.0 0.435 0.48 1
50 7.78173696329 11.1301384194 0.0 0.435 0.48 1
51 4.56098939069 10.7055626357 0.0 0.435 0.48 1
53 4.13290335772 11.1785863588 0.0 0.435 0.48 1
54 3.99189173427 10.9454157345 0.0 0.435 0.48 1
55 8.77702646671 9.03828527495 0.0 0.435 0.48 1
56 6.02140678639 5.08536301229 0.0 0.435 0.48 1
60 8.01156486301 9.10940589526 0.0 0.435 0.48 1
61 7.6878695244 9.36357858196 0.0 0.435 0.48 1
65 1.17292205594 13.3756884749 0.0 0.435 0.48 1
67 5.2826742516 8.56096567552 0.0 0.435 0.48 1
68 5.29172425131 11.8439698804 0.0 0.435 0.48 1
69 6.84011606283 6.96886615163 0.0 0.435 0.48 1
70 4.79902542968 11.1909966684 0.0 0.435 0.48 1
71 7.61020789895 8.84998269297 0.0 0.435 0.48 1
72 7.9284311447 8.93279764347 0.0 0.435 0.48 1
73 8.13300323126 3.36080729956 0.0 0.435 0.48 1
74 10.3195252552 4.10542587467 0.0 0.435 0.48 1
75 9.6557182994 7.88627442173 0.0 0.435 0.48 1
76 10.4826357151 7.39678317252 0.0 0.435 0.48 1
77 12.0905891527 7.31850275821 0.0 0.435 0.48 1
78 11.9514717152 6.22567953533 0.0 0.435 0.48 1
79 12.3622996092 5.60850529327 0.0 0.435 0.48 1
80 11.3526984783 8.58602495449 0.0 0.435 0.48 1
81 11.9154821814 8.21968216193 0.0 0.435 0.48 1
82 8.79975669855 8.76549712388 0.0 0.435 0.48 1
83 9.49576481608 8.81227444462 0.0 0.435 0.48 1
84 4.82196612663 4.77319599427 0.0 0.435 0.48 1
85 3.59221849109 3.71426246294 0.0 0.435 0.48 1
86 12.8019612232 7.3332996658 0.0 0.435 0.48 1
87 14.208920481 6.03952489155 0.0 0.435 0.48 1
88 14.6555274437 5.68248983118 0.0 0.435 0.48 1
89 14.1998704813 6.89368831472 0.0 0.435 0.48 1
90 13.4855518993 8.06383731272 0.0 0.435 0.48 1
151 9.00790669197 0.51598248698 0.0 0.435 0.48 1
241 14.8396844146 1.6663227216 0.0 0.435 0.48 1
242 14.4461146596 8.19700948096 0.0 0.435 0.48 1
243 14.900087901 8.27361927667 0.0 0.435 0.48 1
399 3.33797663866 13.3888147639 0.0 0.435 0.48 1
