101 5.53270680184 1.46012065465 0.0 0.435 0.48 1
103 3.76837778785 0.666815480399 0.0 0.435 0.48 1
104 4.12216963713 1.72169179513 0.0 0.435 0.48 1
105 13.2593019064 8.13829917023 0.0 0.435 0.48 1
107 10.2681717684 7.27816925206 0.0 0.435 0.48 1
108 8.07386253545 6.07055066551 0.0 0.435 0.48 1
109 0.397568592083 3.17918719198 0.0 0.435 0.48 1
158 7.74069626692 10.6306234586 0.0 0.435 0.48 1
160 7.39342883604 10.7055626357 0.0 0.435 0.48 1
164 6.70078816026 9.61679662945 0.0 0.435 0.48 1
165 11.5553763789 9.08339197709 0.0 0.435 0.48 1
166 7.47992999609 5.48416353762 0.0 0.435 0.48 1
167 7.43152302088 9.93445282287 0.0 0.435 0.48 1
168 7.56706255148 2.36678923376 0.0 0.435 0.48 1
169 7.67987185024 1.52503612017 0.0 0.435 0.48 1
171 9.01779855213 0.470875784835 0.0 0.435 0.48 1
173 14.2731123395 6.01255633418 0.0 0.435 0.48 1
174 12.4788972799 1.46083663405 0.0 0.435 0.48 1
175 9.53406946604 0.18305206638 0.0 0.435 0.48 1
177 8.34767764308 1.14461239943 0.0 0.435 0.48 1
178 8.73240786347 1.71310004234 0.0 0.435 0.48 1
179 13.3422251596 2.80258202804 0.0 0.435 0.48 1
180 13.2003716757 2.20450056995 0.0 0.435 0.48 1
181 14.2478565263 1.87133148955 0.0 0.435 0.48 1
182 14.7159309301 2.00975417339 0.0 0.435 0.48 1
255 7.76952998694 5.80492230843 0.0 0.435 0.48 1
257 8.39608461829 5.11543414706 0.0 0.435 0.48 1
258 3.87339987755 10.9609286214 0.0 0.435 0.48 1
261 14.087903043 3.47011348783 0.0 0.435 0.48 1
262 14.6384797698 3.34075987639 0.0 0.435 0.48 1
264 10.0682299143 3.75435730929 0.0 0.435 0.48 1
265 4.75651147754 5.54526044634 0.0 0.435 0.48 1
266 11.3651159198 6.30539190843 0.0 0.435 0.48 1
267 11.3575391758 6.73665016651 0.0 0.435 0.48 1
269 12.5159391392 6.20515479255 0.0 0.435 0.48 1
270 13.3998925996 6.01303365378 0.0 0.435 0.48 1
271 13.0778809819 1.14556703862 0.0 0.435 0.48 1
272 12.4932089074 7.61706616765 0.0 0.435 0.48 1
358 10.9126159341 2.04054128755 0.0 0.435 0.48 1
359 9.92742875593 1.48947581001 0.0 0.435 0.48 1
360 10.2511240945 1.84961344778 0.0 0.435 0.48 1
362 8.76397762992 5.89370375392 0.0 0.435 0.48 1
363 3.53812895791 12.7291590775 0.0 0.435 0.48 1
364 3.69766151101 12.9487260933 0.0 0.435 0.48 1
365 6.6317556043 8.6609641316 0.0 0.435 0.48 1
366 6.07549631956 9.02301104777 0.0 0.435 0.48 1
399 5.26015448487 10.7036533573 0.0 0.435 0.48 1
403 7.3138730246 7.53616049555 0.0 0.435 0.48 1
404 6.59513467523 10.5334889202 0.0 0.435 0.48 1
405 6.8853660614 11.7530404967 0.0 0.435 0.48 1
