129 6.93966605968 13.4585034254 0.0 0.435 0.48 1
134 14.9324995279 5.10397847667 0.0 0.435 0.48 1
135 14.4023379168 5.53690735335 0.0 0.435 0.48 1
137 8.0397671877 10.0509188051 0.0 0.435 0.48 1
138 7.84887533326 9.78266519025 0.0 0.435 0.48 1
139 5.56848587047 8.29533731844 0.0 0.435 0.48 1
140 5.22016611404 8.09820432388 0.0 0.435 0.48 1
142 1.78032436232 1.11716652246 0.0 0.435 0.48 1
143 1.82809994221 0.523380940772 0.0 0.435 0.48 1
144 0.491646496085 2.28254232446 0.0 0.435 0.48 1
145 0.0782930207807 3.21999801773 0.0 0.435 0.48 1
168 3.8898161561 11.6482688446 0.0 0.435 0.48 1
177 3.43626384486 11.827741014 0.0 0.435 0.48 1
178 2.97787083609 12.2045848377 0.0 0.435 0.48 1
207 11.2674601089 6.03188777796 0.0 0.435 0.48 1
208 11.6928100955 6.01207901458 0.0 0.435 0.48 1
209 10.5967078045 10.3790760297 0.0 0.435 0.48 1
210 4.0779719641 3.16987945979 0.0 0.435 0.48 1
211 3.78521499662 11.1489925436 0.0 0.435 0.48 1
212 8.8576346037 3.22190729613 0.0 0.435 0.48 1
213 8.84037646471 3.7519707113 0.0 0.435 0.48 1
214 12.0160845039 2.03839334935 0.0 0.435 0.48 1
215 12.0346054335 2.71523254134 0.0 0.435 0.48 1
216 11.5705298668 2.03433613276 0.0 0.435 0.48 1
217 10.5916566419 2.93551553648 0.0 0.435 0.48 1
218 13.552269339 2.45915057625 0.0 0.435 0.48 1
219 6.62354746502 0.910009816307 0.0 0.435 0.48 1
269 3.44489291435 9.12635074104 0.0 0.435 0.48 1
276 12.6512682047 4.2481444349 0.0 0.435 0.48 1
301 6.74919513547 10.9807373848 0.0 0.435 0.48 1
306 7.61462766625 7.03115635936 0.0 0.435 0.48 1
307 8.15994276529 7.20609399255 0.0 0.435 0.48 1
311 12.1017438035 9.23613424891 0.0 0.435 0.48 1
314 8.02629742068 9.58481621629 0.0 0.435 0.48 1
316 2.68406154305 4.43334443948 0.0 0.435 0.48 1
318 7.69292068703 5.08965888869 0.0 0.435 0.48 1
319 9.18448691895 5.32139755421 0.0 0.435 0.48 1
320 12.9330809865 7.58938163089 0.0 0.435 0.48 1
321 14.69656814 6.74046872331 0.0 0.435 0.48 1
322 14.9316576675 6.51541253218 0.0 0.435 0.48 1
323 15.1002402203 5.93976509527 0.0 0.435 0.48 1
389 4.69337194465 10.0454296297 0.0 0.435 0.48 1
390 4.43723590624 10.3967368549 0.0 0.435 0.48 1
391 9.04515901638 9.36286260256 0.0 0.435 0.48 1
392 9.26530552104 9.50605848239 0.0 0.435 0.48 1
394 9.66034853181 7.93281308268 0.0 0.435 0.48 1
395 7.59779045748 11.2945750214 0.0 0.435 0.48 1
396 3.66861732588 9.98624199941 0.0 0.435 0.48 1
399 4.22929637792 11.8597214272 0.0 0.435 0.48 1
408 13.6032018955 6.78700738425 0.0 0.435 0.48 1
409 13.0938763302 7.16790842459 0.0 0.435 0.48 1
414 10.5863950142 7.9132429791 0.0 0.435 0.48 1
415 10.3117380461 10.0860017957 0.0 0.435 0.48 1
