29 15.0739320816 8.06288267352 0.0 0.435 0.48 1
94 6.63407072051 10.4244213917 0.0 0.435 0.48 1
95 5.91154399916 9.72729611672 0.0 0.435 0.48 1
100 13.9222670017 5.76363416308 0.0 0.435 0.48 1
101 3.57180337545 1.98397891502 0.0 0.435 0.48 1
102 1.98700109997 -0.146059797425 0.0 0.435 0.48 1
103 2.11748946794 1.73672736251 0.0 0.435 0.48 1
104 2.06318946966 2.35127634678 0.0 0.435 0.48 1
105 4.91436030976 4.97892074162 0.0 0.435 0.48 1
106 8.7220950731 4.43167382088 0.0 0.435 0.48 1
107 3.01575455582 4.76317228268 0.0 0.435 0.48 1
108 2.76088130807 5.01328775278 0.0 0.435 0.48 1
158 8.83827181361 8.73948320571 0.0 0.435 0.48 1
159 8.44491252372 9.23088373332 0.0 0.435 0.48 1
160 8.33441834117 8.61418681086 0.0 0.435 0.48 1
164 6.39708700707 9.51083167838 0.0 0.435 0.48 1
165 9.70075783286 9.31632394161 0.0 0.435 0.48 1
166 8.68568460914 3.84433205378 0.0 0.435 0.48 1
167 11.1058229047 4.84145269699 0.0 0.435 0.48 1
168 4.53678590309 0.92480672389 0.0 0.435 0.48 1
170 8.65979740065 0.396652587124 0.0 0.435 0.48 1
171 14.0060321154 0.479706197424 0.0 0.435 0.48 1
255 8.71409739894 5.54836302374 0.0 0.435 0.48 1
257 9.60604853353 3.69158978197 0.0 0.435 0.48 1
258 5.42810564235 10.3642791222 0.0 0.435 0.48 1
259 3.19464989901 5.51232539398 0.0 0.435 0.48 1
260 3.33966035954 5.9149444761 0.0 0.435 0.48 1
261 14.1626181569 3.3321681236 0.0 0.435 0.48 1
262 14.7180355812 3.0846779113 0.0 0.435 0.48 1
263 0.201415109912 2.92525316509 0.0 0.435 0.48 1
264 12.9175065684 6.2500228349 0.0 0.435 0.48 1
265 12.772706573 7.02089398797 0.0 0.435 0.48 1
266 14.7287693018 6.09226870729 0.0 0.435 0.48 1
267 14.6399530256 6.44500789126 0.0 0.435 0.48 1
268 14.7216134881 5.04550682574 0.0 0.435 0.48 1
358 6.3627811942 7.30346719083 0.0 0.435 0.48 1
359 5.50239982605 7.19750223976 0.0 0.435 0.48 1
360 5.74338237657 7.39153265693 0.0 0.435 0.48 1
362 3.73975453294 12.1320322586 0.0 0.435 0.48 1
365 7.04553000982 11.9723688526 0.0 0.435 0.48 1
366 7.00154280191 12.529639485 0.0 0.435 0.48 1
397 12.4506949552 3.92094184949 0.0 0.435 0.48 1
399 5.33802657543 10.8449399588 0.0 0.435 0.48 1
403 4.23287428479 9.50176260599 0.0 0.435 0.48 1
404 4.48543241634 10.7158250071 0.0 0.435 0.48 1
405 5.116406815 12.1998116418 0.0 0.435 0.48 1
