108 7.81078114842 5.82353777281 0.0 0.435 0.48 1
123 7.42478813737 10.691004388 0.0 0.435 0.48 1
125 3.11277897136 9.04520640914 0.0 0.435 0.48 1
126 5.39337889926 9.61488735106 0.0 0.435 0.48 1
127 5.42789517724 9.11919094705 0.0 0.435 0.48 1
128 7.0844660551 2.4990067628 0.0 0.435 0.48 1
129 7.60199975967 1.47969075822 0.0 0.435 0.48 1
130 11.559375216 1.20642528755 0.0 0.435 0.48 1
131 11.6079926563 0.418609288697 0.0 0.435 0.48 1
132 3.13593013342 8.69652444176 0.0 0.435 0.48 1
133 2.88968595516 8.38746000113 0.0 0.435 0.48 1
166 7.44141488103 5.80444498883 0.0 0.435 0.48 1
168 7.88844277387 7.70704091215 0.0 0.435 0.48 1
177 7.42647185825 7.79940225464 0.0 0.435 0.48 1
178 8.13721253345 8.06192803432 0.0 0.435 0.48 1
190 7.75542882459 8.21490896594 0.0 0.435 0.48 1
198 8.17614857873 11.9561399862 0.0 0.435 0.48 1
200 9.23794505679 5.67461405779 0.0 0.435 0.48 1
201 9.34759737891 6.2488295359 0.0 0.435 0.48 1
202 12.9989565658 3.75316401029 0.0 0.435 0.48 1
203 8.89572878854 5.44406869126 0.0 0.435 0.48 1
204 12.9856972639 3.12811399484 0.0 0.435 0.48 1
205 14.6102774451 4.03024803776 0.0 0.435 0.48 1
206 2.56304410502 0.0147969075822 0.0 0.435 0.48 1
269 4.07628824323 9.35904404576 0.0 0.435 0.48 1
276 12.6243286707 4.59897434048 0.0 0.435 0.48 1
286 12.1099519427 6.71278418654 0.0 0.435 0.48 1
287 12.0628077582 7.21396976594 0.0 0.435 0.48 1
288 3.99378592025 3.60519493447 0.0 0.435 0.48 1
289 4.05924056935 4.0810825751 0.0 0.435 0.48 1
291 6.25986375559 6.50944603718 0.0 0.435 0.48 1
292 7.3446009306 8.83375382659 0.0 0.435 0.48 1
293 13.4085216691 8.02374246637 0.0 0.435 0.48 1
294 13.8831204913 8.22183010013 0.0 0.435 0.48 1
295 6.24365794215 4.37033825235 0.0 0.435 0.48 1
296 6.56651142032 4.12881453504 0.0 0.435 0.48 1
297 11.6199891675 9.27264919827 0.0 0.435 0.48 1
298 10.1452601444 5.78439756565 0.0 0.435 0.48 1
299 10.5152578071 4.90541352331 0.0 0.435 0.48 1
300 10.2395485135 5.20803414935 0.0 0.435 0.48 1
301 12.0447077588 9.00988475878 0.0 0.435 0.48 1
302 11.0292136048 7.34045945979 0.0 0.435 0.48 1
303 12.363772865 5.66864756279 0.0 0.435 0.48 1
304 12.6015984388 5.35194600857 0.0 0.435 0.48 1
305 11.7174345133 5.38225580314 0.0 0.435 0.48 1
306 13.8906972353 5.48129962002 0.0 0.435 0.48 1
307 14.6974100005 5.50516559999 0.0 0.435 0.48 1
308 14.7942239509 8.73494866951 0.0 0.435 0.48 1
309 15.0798251047 2.81618563662 0.0 0.435 0.48 1
371 13.145229817 1.60092993648 0.0 0.435 0.48 1
372 12.8307949432 2.28683820085 0.0 0.435 0.48 1
375 7.30482302488 10.3387425236 0.0 0.435 0.48 1
376 6.75593001898 10.5964951073 0.0 0.435 0.48 1
378 10.2749066519 8.87909918854 0.0 0.435 0.48 1
379 5.82735795531 10.6470909848 0.0 0.435 0.48 1
380 6.1245346901 10.4532992274 0.0 0.435 0.48 1
381 1.62479064631 12.2957528812 0.0 0.435 0.48 1
382 5.00528123711 8.58960485149 0.0 0.435 0.48 1
386 9.0807276199 0.84151445379 0.0 0.435 0.48 1
387 8.49794973135 1.8341005608 0.0 0.435 0.48 1
388 9.10703575861 3.14696811902 0.0 0.435 0.48 1
399 3.84372429709 12.7401374283 0.0 0.435 0.48 1
408 9.43304621342 8.4103713419 0.0 0.435 0.48 1
409 7.13350442565 12.6983719634 0.0 0.435 0.48 1
411 6.04624166932 10.9683270752 0.0 0.435 0.48 1
412 6.35604631069 11.9329899857 0.0 0.435 0.48 1
413 6.69531606741 11.6690322472 0.0 0.435 0.48 1
