139 3.08541850711 13.4785508486 0.0 0.435 0.48 1
140 2.94230223256 13.0940699113 0.0 0.435 0.48 1
142 12.8594181981 5.72783519312 0.0 0.435 0.48 1
143 13.1136600505 5.4987217854 0.0 0.435 0.48 1
144 5.34455099383 1.50689797539 0.0 0.435 0.48 1
145 5.92459283596 1.98087633762 0.0 0.435 0.48 1
146 7.77016138226 2.9178547113 0.0 0.435 0.48 1
147 4.59550566867 1.26155570129 0.0 0.435 0.48 1
207 10.7770764035 7.71658730413 0.0 0.435 0.48 1
208 11.2266298776 7.50990791758 0.0 0.435 0.48 1
209 7.13224163499 11.7124683307 0.0 0.435 0.48 1
212 1.39811972324 1.43506137568 0.0 0.435 0.48 1
213 1.15987321915 1.999491802 0.0 0.435 0.48 1
214 3.9838940601 7.90298060771 0.0 0.435 0.48 1
215 4.37493823379 7.54904812474 0.0 0.435 0.48 1
216 3.57096151502 7.81061926522 0.0 0.435 0.48 1
218 7.74195905758 10.0965028269 0.0 0.435 0.48 1
220 8.47795554594 8.89341877652 0.0 0.435 0.48 1
221 14.208920481 5.8306975668 0.0 0.435 0.48 1
222 -0.00441976730214 0.857027340771 0.0 0.435 0.48 1
223 11.9821996212 3.48514905522 0.0 0.435 0.48 1
224 12.2069763583 3.92595370529 0.0 0.435 0.48 1
225 9.96973224296 4.60136093848 0.0 0.435 0.48 1
226 11.8296124167 2.27060933447 0.0 0.435 0.48 1
227 12.4355414673 2.59112944549 0.0 0.435 0.48 1
228 14.1382042042 5.25886868669 0.0 0.435 0.48 1
229 13.033893774 0.913112393704 0.0 0.435 0.48 1
269 2.39930224973 8.98840537681 0.0 0.435 0.48 1
301 6.61007769801 11.035390479 0.0 0.435 0.48 1
306 7.80741370667 7.01755275077 0.0 0.435 0.48 1
307 8.25886136682 7.19678626036 0.0 0.435 0.48 1
311 11.0809880218 8.5812517585 0.0 0.435 0.48 1
314 5.65835447228 10.3817012875 0.0 0.435 0.48 1
320 10.1467334002 9.17074146379 0.0 0.435 0.48 1
321 2.55252084954 3.53789287095 0.0 0.435 0.48 1
322 2.76172316851 3.10520265407 0.0 0.435 0.48 1
323 4.18299405381 11.2423085253 0.0 0.435 0.48 1
324 6.08244166818 4.46771145064 0.0 0.435 0.48 1
325 3.24894989729 2.64291862203 0.0 0.435 0.48 1
326 6.36299165931 4.12093876165 0.0 0.435 0.48 1
327 7.86087184451 4.65983258941 0.0 0.435 0.48 1
328 10.3207880458 5.43690889727 0.0 0.435 0.48 1
329 12.3324135636 6.62734397824 0.0 0.435 0.48 1
330 12.7331391323 6.96886615163 0.0 0.435 0.48 1
331 12.6298007635 6.17198108039 0.0 0.435 0.48 1
332 13.6442425919 6.18248211158 0.0 0.435 0.48 1
333 13.6311937551 6.93354450128 0.0 0.435 0.48 1
334 15.1570657999 7.34666461458 0.0 0.435 0.48 1
389 6.58545328018 8.04832442574 0.0 0.435 0.48 1
390 4.70431613035 8.59175278968 0.0 0.435 0.48 1
395 -0.115334880075 4.69777949756 0.0 0.435 0.48 1
396 9.83187759616 8.43853319827 0.0 0.435 0.48 1
399 0.868799972534 10.8511451136 0.0 0.435 0.48 1
414 9.91943108176 7.98507957881 0.0 0.435 0.48 1
