148 6.4109777043 8.11037597366 0.0 0.435 0.48 1
207 8.01261718855 13.0520657865 0.0 0.435 0.48 1
208 8.30958345824 13.0682946529 0.0 0.435 0.48 1
209 3.84498708775 12.2597152515 0.0 0.435 0.48 1
214 5.38517075999 10.314399224 0.0 0.435 0.48 1
215 4.90909868202 10.4475713923 0.0 0.435 0.48 1
216 5.04106030575 10.6697636658 0.0 0.435 0.48 1
225 4.60413473817 10.124903343 0.0 0.435 0.48 1
228 9.95563108062 13.6799797196 0.0 0.435 0.48 1
229 8.52383693983 11.9091240057 0.0 0.435 0.48 1
236 15.044046036 2.501154701 0.0 0.435 0.48 1
301 6.29627421956 11.2413538861 0.0 0.435 0.48 1
306 7.9219067263 6.95860378025 0.0 0.435 0.48 1
307 8.39566368807 7.17984141458 0.0 0.435 0.48 1
314 3.65514755887 11.5723750283 0.0 0.435 0.48 1
320 8.80396600075 11.9525600892 0.0 0.435 0.48 1
332 5.68950330851 10.9258456309 0.0 0.435 0.48 1
333 5.83767074568 10.6680930472 0.0 0.435 0.48 1
335 11.4259403365 9.51727549297 0.0 0.435 0.48 1
336 7.47151139171 9.9117801419 0.0 0.435 0.48 1
341 11.2569368534 7.85357802917 0.0 0.435 0.48 1
342 12.8053286649 6.9149290369 0.0 0.435 0.48 1
343 15.0307867341 4.00256350099 0.0 0.435 0.48 1
345 14.147464669 2.77537481087 0.0 0.435 0.48 1
389 8.50594740552 6.18272077138 0.0 0.435 0.48 1
390 9.2358404057 6.14716046122 0.0 0.435 0.48 1
414 4.02640801225 10.4098631439 0.0 0.435 0.48 1
