26 2.55420457042 4.18680886637 0.0 0.435 0.48 1
27 2.96355920864 3.8319217442 0.0 0.435 0.48 1
28 2.28775574163 3.55722431473 0.0 0.435 0.48 1
29 13.8321879348 7.98364762001 0.0 0.435 0.48 1
30 13.6612902658 8.25333319369 0.0 0.435 0.48 1
56 3.00459990501 5.34025167839 0.0 0.435 0.48 1
75 7.82509277588 12.0995745259 0.0 0.435 0.48 1
76 7.44372999724 11.8136600858 0.0 0.435 0.48 1
77 4.25981381882 8.31013422602 0.0 0.435 0.48 1
80 5.2083800679 9.34424713818 0.0 0.435 0.48 1
81 4.72809868774 8.83733372359 0.0 0.435 0.48 1
82 3.56170105019 12.2647271073 0.0 0.435 0.48 1
90 12.2452810082 10.9783507868 0.0 0.435 0.48 1
93 3.09951966946 2.0784881957 0.0 0.435 0.48 1
94 1.94638133382 4.52308052417 0.0 0.435 0.48 1
95 0.817656950895 4.16938670099 0.0 0.435 0.48 1
153 5.85745446599 0.647245376823 0.0 0.435 0.48 1
155 14.5454541913 6.12830633704 0.0 0.435 0.48 1
156 14.1156844375 5.40874704091 0.0 0.435 0.48 1
247 8.41207996662 7.61849812645 0.0 0.435 0.48 1
248 8.01030207235 8.04355122974 0.0 0.435 0.48 1
249 8.41565787349 8.17576875878 0.0 0.435 0.48 1
250 8.93613808959 7.03425893675 0.0 0.435 0.48 1
252 2.06866156251 1.44580106666 0.0 0.435 0.48 1
253 4.99896728383 2.831221204 0.0 0.435 0.48 1
254 14.8950367384 5.44550065006 0.0 0.435 0.48 1
348 0.426191846992 4.64789959942 0.0 0.435 0.48 1
349 8.39313810676 10.9320507857 0.0 0.435 0.48 1
350 11.5896821917 6.5791346987 0.0 0.435 0.48 1
351 3.98221033922 8.63327959483 0.0 0.435 0.48 1
352 3.32724291807 9.22754249612 0.0 0.435 0.48 1
355 2.36983713438 13.0737838283 0.0 0.435 0.48 1
356 2.71436851884 13.0785570243 0.0 0.435 0.48 1
397 11.2701961553 7.31301358282 0.0 0.435 0.48 1
398 1.78958482715 13.5725828097 0.0 0.435 0.48 1
399 3.46004640224 13.003856507 0.0 0.435 0.48 1
