101 5.92817074282 1.50355673819 0.0 0.435 0.48 1
103 3.80436732159 0.675407233189 0.0 0.435 0.48 1
104 4.31579753798 1.56059643033 0.0 0.435 0.48 1
105 13.6970693344 8.42469092988 0.0 0.435 0.48 1
107 10.8440043083 7.64570534362 0.0 0.435 0.48 1
108 8.03934625748 6.0762785007 0.0 0.435 0.48 1
109 1.34950228292 3.38705987753 0.0 0.435 0.48 1
110 0.835125554994 5.31208982202 0.0 0.435 0.48 1
111 -0.13469767016 4.30542278683 0.0 0.435 0.48 1
112 0.550155796561 2.62859903404 0.0 0.435 0.48 1
113 0.291704641941 1.75916138369 0.0 0.435 0.48 1
158 7.88149742526 10.6988801614 0.0 0.435 0.48 1
160 7.71396719799 10.7964920194 0.0 0.435 0.48 1
164 6.71341606684 9.62133116565 0.0 0.435 0.48 1
165 11.5658996344 9.09723424548 0.0 0.435 0.48 1
166 7.57779627207 5.70611715135 0.0 0.435 0.48 1
167 6.90620210725 10.1354043742 0.0 0.435 0.48 1
168 7.64914394423 2.48325521602 0.0 0.435 0.48 1
169 7.74153812736 1.59496344148 0.0 0.435 0.48 1
171 8.56866600818 0.21646443834 0.0 0.435 0.48 1
173 14.2367018755 6.63856098883 0.0 0.435 0.48 1
174 12.6718937854 0.998313942201 0.0 0.435 0.48 1
177 8.4268125243 1.57420003891 0.0 0.435 0.48 1
178 8.88709971905 1.98326293562 0.0 0.435 0.48 1
179 12.976226334 3.40853925951 0.0 0.435 0.48 1
180 12.5931798344 2.85031398798 0.0 0.435 0.48 1
181 13.7650495648 2.37681294535 0.0 0.435 0.48 1
182 14.3387774537 2.37299438855 0.0 0.435 0.48 1
255 7.47382650791 6.05933365492 0.0 0.435 0.48 1
257 8.23844625118 5.12116198225 0.0 0.435 0.48 1
258 3.59811151416 10.6855152126 0.0 0.435 0.48 1
261 14.0807472293 3.48323977682 0.0 0.435 0.48 1
262 14.6428995371 3.4168923525 0.0 0.435 0.48 1
264 9.97352061493 3.76032380429 0.0 0.435 0.48 1
265 3.91465103903 5.40492848411 0.0 0.435 0.48 1
266 11.1125577882 6.33403108439 0.0 0.435 0.48 1
267 11.0035368614 6.76934655907 0.0 0.435 0.48 1
269 12.2107647303 6.20515479255 0.0 0.435 0.48 1
270 13.1711170255 6.0827223153 0.0 0.435 0.48 1
271 13.4592437606 0.0517891765378 0.0 0.435 0.48 1
272 11.7719449767 7.59845070328 0.0 0.435 0.48 1
358 11.5631635879 1.38709075593 0.0 0.435 0.48 1
359 10.5817647818 0.833877340199 0.0 0.435 0.48 1
360 10.9715461648 1.13554332704 0.0 0.435 0.48 1
362 9.52565086165 5.13667486923 0.0 0.435 0.48 1
363 3.65451616354 12.4143668017 0.0 0.435 0.48 1
364 3.85950918031 12.6458668074 0.0 0.435 0.48 1
365 7.11077419381 8.11777442745 0.0 0.435 0.48 1
366 6.44570444739 8.44712495106 0.0 0.435 0.48 1
399 5.25278820603 10.6902884086 0.0 0.435 0.48 1
403 8.01409044432 7.58938163089 0.0 0.435 0.48 1
404 6.62775676722 10.5299090232 0.0 0.435 0.48 1
405 7.19853814452 12.0222487508 0.0 0.435 0.48 1
