144 8.15110323069 1.26776085608 0.0 0.435 0.48 1
145 8.98096715794 2.17562273419 0.0 0.435 0.48 1
146 9.63635550931 2.62621243605 0.0 0.435 0.48 1
147 7.99704277044 1.82407684921 0.0 0.435 0.48 1
207 8.29421950523 9.3280182718 0.0 0.435 0.48 1
208 8.70483693411 9.38625126293 0.0 0.435 0.48 1
209 6.6536439757 11.822967818 0.0 0.435 0.48 1
214 4.15626498488 9.87884508954 0.0 0.435 0.48 1
215 3.89360452807 8.87814454934 0.0 0.435 0.48 1
216 3.61789523446 10.0659543725 0.0 0.435 0.48 1
218 8.41860438502 11.3124745064 0.0 0.435 0.48 1
220 8.86773692896 11.016297695 0.0 0.435 0.48 1
224 10.9879624433 4.62713619684 0.0 0.435 0.48 1
225 7.04005791697 6.81373728182 0.0 0.435 0.48 1
228 12.0840647343 6.95812646065 0.0 0.435 0.48 1
229 11.8702321829 5.11233156966 0.0 0.435 0.48 1
301 6.59934397742 11.5695111107 0.0 0.435 0.48 1
306 7.88149742526 6.93354450128 0.0 0.435 0.48 1
307 8.29716601677 7.19320636336 0.0 0.435 0.48 1
311 12.6344309959 7.14404244462 0.0 0.435 0.48 1
314 3.30493361645 10.7227461413 0.0 0.435 0.48 1
320 10.0280310783 9.20916569154 0.0 0.435 0.48 1
323 1.88029528939 13.466140539 0.0 0.435 0.48 1
327 11.1687519725 1.69448457797 0.0 0.435 0.48 1
328 5.87029283768 3.68013411158 0.0 0.435 0.48 1
329 8.80922762849 4.98345527782 0.0 0.435 0.48 1
330 8.8641590221 5.40612178311 0.0 0.435 0.48 1
331 8.75534856042 4.59420114448 0.0 0.435 0.48 1
332 10.9218763989 7.50227080399 0.0 0.435 0.48 1
333 10.8940950044 8.0795888595 0.0 0.435 0.48 1
334 11.5254903333 9.06358321372 0.0 0.435 0.48 1
335 13.4914449223 7.97481720742 0.0 0.435 0.48 1
336 12.6270647171 5.86530323776 0.0 0.435 0.48 1
337 14.5515576795 4.67773207438 0.0 0.435 0.48 1
338 14.9733297592 4.38752175793 0.0 0.435 0.48 1
339 14.4233844277 5.90396612531 0.0 0.435 0.48 1
340 14.7967495322 5.44025013447 0.0 0.435 0.48 1
389 7.09351605482 7.42589966808 0.0 0.435 0.48 1
390 5.28751494912 7.43926461687 0.0 0.435 0.48 1
396 13.1014530742 7.63281771444 0.0 0.435 0.48 1
414 6.28974980116 8.94711723146 0.0 0.435 0.48 1
