108 7.93200905157 5.83499344319 0.0 0.435 0.48 1
116 6.170416084 12.1642513316 0.0 0.435 0.48 1
123 6.79170908762 11.0666549127 0.0 0.435 0.48 1
125 10.8412682619 5.00398002059 0.0 0.435 0.48 1
126 11.3409124322 5.00565063919 0.0 0.435 0.48 1
127 11.3124996424 4.63000011444 0.0 0.435 0.48 1
128 4.4124010233 1.53124127496 0.0 0.435 0.48 1
129 4.10280684704 0.850344866379 0.0 0.435 0.48 1
166 7.48982185624 5.82425375221 0.0 0.435 0.48 1
168 8.58823926338 5.88558932073 0.0 0.435 0.48 1
177 8.08964741868 6.48319345922 0.0 0.435 0.48 1
178 8.80691251228 6.7454805791 0.0 0.435 0.48 1
190 8.67347763278 6.28677644405 0.0 0.435 0.48 1
198 8.83448344164 8.62373320285 0.0 0.435 0.48 1
200 14.2282832711 0.347011348783 0.0 0.435 0.48 1
201 14.900087901 0.564907745922 0.0 0.435 0.48 1
255 6.31226956789 5.87270169155 0.0 0.435 0.48 1
269 7.07394279962 8.10273886007 0.0 0.435 0.48 1
272 8.26685904098 10.5089069608 0.0 0.435 0.48 1
276 13.7557891 5.60277745807 0.0 0.435 0.48 1
277 13.7393728215 4.05196607953 0.0 0.435 0.48 1
280 2.97324060368 12.0587637001 0.0 0.435 0.48 1
281 2.73057433228 11.7370502901 0.0 0.435 0.48 1
282 14.0695925785 4.43573103747 0.0 0.435 0.48 1
284 6.40908351832 4.09516350328 0.0 0.435 0.48 1
285 6.79718118047 4.7483753751 0.0 0.435 0.48 1
286 14.5353518661 7.70584761315 0.0 0.435 0.48 1
287 14.0866402523 9.14043166923 0.0 0.435 0.48 1
288 12.761341457 5.34144497739 0.0 0.435 0.48 1
289 12.6068600666 5.64215632503 0.0 0.435 0.48 1
290 14.1712472264 5.27963208926 0.0 0.435 0.48 1
291 15.0272088273 7.1597939914 0.0 0.435 0.48 1
294 14.7049867444 8.12970741744 0.0 0.435 0.48 1
371 9.71549039053 2.90258048411 0.0 0.435 0.48 1
372 9.92827061637 3.30329028783 0.0 0.435 0.48 1
375 4.76366729126 10.4041353087 0.0 0.435 0.48 1
376 4.17078707745 11.0034100658 0.0 0.435 0.48 1
377 7.59421255062 9.01823785177 0.0 0.435 0.48 1
378 9.34044156518 8.6633507296 0.0 0.435 0.48 1
379 3.3148254766 12.340143604 0.0 0.435 0.48 1
380 2.89978828042 12.4181853585 0.0 0.435 0.48 1
381 6.88831257293 8.70368423575 0.0 0.435 0.48 1
383 5.46493703654 11.672850804 0.0 0.435 0.48 1
384 5.91406958048 11.7764291571 0.0 0.435 0.48 1
385 6.45222886579 11.0759626449 0.0 0.435 0.48 1
399 5.05705565408 12.0523198855 0.0 0.435 0.48 1
408 7.25304860791 12.0838229791 0.0 0.435 0.48 1
409 7.14234396025 13.1305848606 0.0 0.435 0.48 1
