108 7.90170207578 5.8321295256 0.0 0.435 0.48 1
116 6.60165909362 12.0916987525 0.0 0.435 0.48 1
123 6.85295443452 11.1361049144 0.0 0.435 0.48 1
125 9.92258805841 6.159332111 0.0 0.435 0.48 1
126 10.394029904 6.44954242746 0.0 0.435 0.48 1
127 11.0325810466 6.00778313819 0.0 0.435 0.48 1
128 6.07675911022 1.44484642747 0.0 0.435 0.48 1
129 6.86410908533 0.270401553075 0.0 0.435 0.48 1
130 2.39803945907 1.86608097396 0.0 0.435 0.48 1
131 2.4729650381 0.906907238911 0.0 0.435 0.48 1
132 1.05990229207 3.23813616251 0.0 0.435 0.48 1
133 0.62402905004 3.90757690071 0.0 0.435 0.48 1
166 7.47761487989 5.81924189641 0.0 0.435 0.48 1
168 8.54804042744 6.13618211043 0.0 0.435 0.48 1
177 8.00735556081 6.63235583404 0.0 0.435 0.48 1
178 8.78312995489 6.78939398225 0.0 0.435 0.48 1
190 8.46259159293 6.61994552445 0.0 0.435 0.48 1
198 7.95852765538 9.6607100326 0.0 0.435 0.48 1
200 12.3122089131 2.51619026838 0.0 0.435 0.48 1
201 13.0103216817 2.64673717882 0.0 0.435 0.48 1
202 4.62139287716 2.06488458712 0.0 0.435 0.48 1
203 12.6563193673 1.29592271244 0.0 0.435 0.48 1
255 6.30237770774 5.83547076279 0.0 0.435 0.48 1
269 5.64867307724 8.83804970299 0.0 0.435 0.48 1
276 12.7706019219 4.89777640972 0.0 0.435 0.48 1
277 13.7204309616 4.04265834735 0.0 0.435 0.48 1
280 1.35518484088 12.7737884601 0.0 0.435 0.48 1
281 1.08410577968 12.4721224732 0.0 0.435 0.48 1
282 14.0213960684 4.45697175965 0.0 0.435 0.48 1
284 2.9058917686 3.56629338712 0.0 0.435 0.48 1
285 3.40469407841 4.14265680343 0.0 0.435 0.48 1
286 14.1577774594 7.56217441372 0.0 0.435 0.48 1
287 13.7277972404 8.30440639083 0.0 0.435 0.48 1
288 11.6107287027 4.66985630099 0.0 0.435 0.48 1
289 11.2539903419 5.0767712595 0.0 0.435 0.48 1
290 13.1751158626 4.70159805435 0.0 0.435 0.48 1
291 12.2343368225 7.32208265521 0.0 0.435 0.48 1
292 13.9647809539 8.60177650127 0.0 0.435 0.48 1
293 14.5671320976 7.60823575507 0.0 0.435 0.48 1
294 14.4616890777 8.01228679598 0.0 0.435 0.48 1
371 11.1009822072 1.97013664663 0.0 0.435 0.48 1
372 11.5698984714 2.68540006638 0.0 0.435 0.48 1
375 6.29080212671 10.4485260315 0.0 0.435 0.48 1
376 4.96213588964 10.2998409762 0.0 0.435 0.48 1
377 10.3001624651 9.11680434905 0.0 0.435 0.48 1
378 10.2050322355 8.63065433704 0.0 0.435 0.48 1
379 4.04640219766 11.4590116234 0.0 0.435 0.48 1
380 3.57474988699 11.5914678123 0.0 0.435 0.48 1
381 4.96760798249 9.58433889669 0.0 0.435 0.48 1
382 3.34639524305 12.7974157802 0.0 0.435 0.48 1
383 3.87255801711 12.3267786552 0.0 0.435 0.48 1
384 4.38146265218 12.4329822661 0.0 0.435 0.48 1
385 4.46186032406 10.4160682987 0.0 0.435 0.48 1
386 2.59398247613 5.98439447781 0.0 0.435 0.48 1
387 3.06605571702 6.12281716165 0.0 0.435 0.48 1
388 3.63368011768 6.11565736766 0.0 0.435 0.48 1
399 4.99854635361 12.0523198855 0.0 0.435 0.48 1
408 7.1762288429 11.1857461528 0.0 0.435 0.48 1
409 7.0844660551 13.0186534146 0.0 0.435 0.48 1
410 7.43362767197 11.8838260669 0.0 0.435 0.48 1
