4 6.53641490964 9.90175643031 0.0 0.435 0.48 1
5 0.965403457852 0.75774486409 0.0 0.435 0.48 1
11 0.537948820203 2.56797944492 0.0 0.435 0.48 1
18 9.51723225727 7.03974811215 0.0 0.435 0.48 1
19 9.10850901437 6.15670685321 0.0 0.435 0.48 1
25 11.1796961582 2.14555159942 0.0 0.435 0.48 1
26 4.28022893445 4.97892074162 0.0 0.435 0.48 1
27 4.88279054331 5.4151908555 0.0 0.435 0.48 1
28 3.63536383856 5.34932075078 0.0 0.435 0.48 1
29 7.28798581611 8.36216206236 0.0 0.435 0.48 1
30 7.24231488732 7.89224091672 0.0 0.435 0.48 1
31 1.57154297357 12.3988539147 0.0 0.435 0.48 1
32 0.742731371868 12.6955080458 0.0 0.435 0.48 1
33 8.13847532411 9.59913580427 0.0 0.435 0.48 1
34 8.46722182534 9.45474662545 0.0 0.435 0.48 1
35 7.41784278875 8.8311285688 0.0 0.435 0.48 1
36 11.4528798705 9.84018220199 0.0 0.435 0.48 1
40 1.99941854144 3.4128351359 0.0 0.435 0.48 1
41 2.06781970207 2.81737893562 0.0 0.435 0.48 1
42 2.53021154792 4.50374908039 0.0 0.435 0.48 1
43 5.50681959335 2.43432995708 0.0 0.435 0.48 1
46 5.65183005388 10.2568822123 0.0 0.435 0.48 1
47 5.93364283567 10.484802321 0.0 0.435 0.48 1
49 7.56074859819 10.8396894432 0.0 0.435 0.48 1
50 7.16865209896 11.0406409945 0.0 0.435 0.48 1
51 4.85606147439 10.3165471622 0.0 0.435 0.48 1
52 5.22942657887 12.1437265888 0.0 0.435 0.48 1
53 4.43155334828 11.0313332624 0.0 0.435 0.48 1
54 4.39261730299 10.7089038729 0.0 0.435 0.48 1
55 9.37032761075 8.96263011844 0.0 0.435 0.48 1
56 6.95208350115 5.12235528125 0.0 0.435 0.48 1
60 7.99304393336 9.15141002001 0.0 0.435 0.48 1
61 7.53864976168 9.44901879025 0.0 0.435 0.48 1
63 0.612243003901 13.3487199176 0.0 0.435 0.48 1
64 0.993605782542 13.4332054867 0.0 0.435 0.48 1
65 2.07223946937 13.028915786 0.0 0.435 0.48 1
66 3.1224603664 13.2678142455 0.0 0.435 0.48 1
67 6.82811955158 9.50892239998 0.0 0.435 0.48 1
68 5.07789169994 11.8730863759 0.0 0.435 0.48 1
69 5.15344867429 8.3258857728 0.0 0.435 0.48 1
70 4.43176381338 11.3633090438 0.0 0.435 0.48 1
71 8.87973344021 8.45500072445 0.0 0.435 0.48 1
72 9.35875202972 8.58387701629 0.0 0.435 0.48 1
73 9.77484155145 4.00685937739 0.0 0.435 0.48 1
74 11.8140379986 4.67653877539 0.0 0.435 0.48 1
75 11.0471031391 7.325901212 0.0 0.435 0.48 1
76 12.1166868263 7.498690907 0.0 0.435 0.48 1
77 12.8383716872 7.06242079312 0.0 0.435 0.48 1
78 13.6577123589 7.18867182717 0.0 0.435 0.48 1
79 14.2754274557 6.28582180485 0.0 0.435 0.48 1
80 12.6165414616 8.44664763146 0.0 0.435 0.48 1
81 13.0854577259 7.95357648525 0.0 0.435 0.48 1
82 8.86521134765 8.7483136183 0.0 0.435 0.48 1
83 9.7956775973 7.94737133046 0.0 0.435 0.48 1
84 4.74809287315 2.27872376766 0.0 0.435 0.48 1
85 0.428717428307 3.6615186472 0.0 0.435 0.48 1
86 15.0051099908 7.9139589585 0.0 0.435 0.48 1
90 14.8361065077 8.1650290678 0.0 0.435 0.48 1
240 14.8167437176 2.41046397711 0.0 0.435 0.48 1
241 14.627325119 3.26963925607 0.0 0.435 0.48 1
399 3.52044988871 12.9909688778 0.0 0.435 0.48 1
