144 14.4974681463 3.29971039084 0.0 0.435 0.48 1
145 14.7837006954 4.45697175965 0.0 0.435 0.48 1
146 14.6496344206 5.14526662202 0.0 0.435 0.48 1
147 14.3383565235 3.68442998798 0.0 0.435 0.48 1
148 5.81809749049 1.98087633762 0.0 0.435 0.48 1
207 7.89686137826 11.8475497774 0.0 0.435 0.48 1
208 8.18014741582 11.7033992583 0.0 0.435 0.48 1
209 4.96045216876 11.8917018403 0.0 0.435 0.48 1
214 5.19406844045 10.3955435559 0.0 0.435 0.48 1
215 4.7885021742 10.5072363422 0.0 0.435 0.48 1
216 4.50269055533 10.8072317104 0.0 0.435 0.48 1
225 4.76766612835 9.76381106608 0.0 0.435 0.48 1
228 10.9740717461 11.7401528675 0.0 0.435 0.48 1
229 9.11629622343 9.97717292702 0.0 0.435 0.48 1
231 7.20190558628 0.136990725036 0.0 0.435 0.48 1
301 6.2863823594 11.3098492486 0.0 0.435 0.48 1
306 7.92779974937 6.91850893389 0.0 0.435 0.48 1
307 8.36409392163 7.18676254877 0.0 0.435 0.48 1
314 3.36112780072 10.973338931 0.0 0.435 0.48 1
320 8.89993809073 10.6774007794 0.0 0.435 0.48 1
329 1.43116274545 -0.0477319599427 0.0 0.435 0.48 1
330 1.04032903688 0.675168573389 0.0 0.435 0.48 1
332 7.85792533298 9.95569354505 0.0 0.435 0.48 1
333 8.25023229732 9.79698477824 0.0 0.435 0.48 1
334 10.9157729107 12.5136492784 0.0 0.435 0.48 1
335 12.9240309868 8.25643577109 0.0 0.435 0.48 1
336 9.47324504935 8.8270713522 0.0 0.435 0.48 1
339 4.59361148269 2.93479955708 0.0 0.435 0.48 1
340 4.49595567182 2.0818294329 0.0 0.435 0.48 1
341 14.0792739735 7.91825483489 0.0 0.435 0.48 1
389 8.42597066386 6.19918829756 0.0 0.435 0.48 1
390 8.12563695242 6.22138365893 0.0 0.435 0.48 1
414 4.09796614952 10.1931600458 0.0 0.435 0.48 1
