26 3.97021382798 4.51711402918 0.0 0.435 0.48 1
27 3.98641964142 3.77082483547 0.0 0.435 0.48 1
28 3.24621385086 3.60734287267 0.0 0.435 0.48 1
29 14.4869448909 8.21586360514 0.0 0.435 0.48 1
30 14.8657820882 8.1662223668 0.0 0.435 0.48 1
56 2.96398013886 5.29419033704 0.0 0.435 0.48 1
76 7.83624742669 12.7530250575 0.0 0.435 0.48 1
77 4.35431265304 10.7263260383 0.0 0.435 0.48 1
80 4.12132777669 11.7981471988 0.0 0.435 0.48 1
81 4.57319636705 11.1079430581 0.0 0.435 0.48 1
82 3.11909292465 12.9935941356 0.0 0.435 0.48 1
94 5.03579867801 7.31158162402 0.0 0.435 0.48 1
95 3.0982568788 4.68894908497 0.0 0.435 0.48 1
96 3.57453942188 2.88468099914 0.0 0.435 0.48 1
97 3.1464533889 2.38492737854 0.0 0.435 0.48 1
153 4.72536264131 0.681612387982 0.0 0.435 0.48 1
156 14.8872495294 6.96051305864 0.0 0.435 0.48 1
158 13.469767016 2.88778357653 0.0 0.435 0.48 1
159 12.6424286701 1.92765520229 0.0 0.435 0.48 1
160 13.1835344669 2.18373716738 0.0 0.435 0.48 1
161 14.6189065146 2.56988872331 0.0 0.435 0.48 1
162 14.7973809276 0.694022697567 0.0 0.435 0.48 1
247 5.07094635132 9.31202806522 0.0 0.435 0.48 1
248 5.5428091271 9.75068477709 0.0 0.435 0.48 1
249 5.75201144607 9.97812756622 0.0 0.435 0.48 1
250 6.14494980574 8.8289806306 0.0 0.435 0.48 1
254 11.3255484792 3.61450266666 0.0 0.435 0.48 1
255 12.4006042591 5.60540271587 0.0 0.435 0.48 1
256 14.3042611757 4.09874340028 0.0 0.435 0.48 1
257 14.5164100062 5.44144343347 0.0 0.435 0.48 1
349 8.99338459941 8.36621927895 0.0 0.435 0.48 1
350 11.7372182336 6.25145479369 0.0 0.435 0.48 1
351 7.13771372784 7.10179966007 0.0 0.435 0.48 1
352 7.37722302259 7.50012286579 0.0 0.435 0.48 1
353 7.18738349371 6.68844088697 0.0 0.435 0.48 1
354 5.88502539535 7.7485677173 0.0 0.435 0.48 1
355 3.57916965429 11.1439806878 0.0 0.435 0.48 1
356 3.83656848336 10.981692024 0.0 0.435 0.48 1
357 3.46215105334 11.634665236 0.0 0.435 0.48 1
358 3.11867199443 13.6105297179 0.0 0.435 0.48 1
397 11.2051624365 7.13592801143 0.0 0.435 0.48 1
399 3.65998825639 12.6050559817 0.0 0.435 0.48 1
