108 7.82382998522 5.82473107181 0.0 0.435 0.48 1
123 7.17286140115 11.0425502729 0.0 0.435 0.48 1
125 4.20067312302 8.64020072903 0.0 0.435 0.48 1
126 6.41623933204 9.4113105419 0.0 0.435 0.48 1
127 6.33036956732 8.97265383003 0.0 0.435 0.48 1
128 6.44023235454 1.86154643776 0.0 0.435 0.48 1
129 7.68113464089 0.780894864662 0.0 0.435 0.48 1
130 10.1290543309 1.65629901001 0.0 0.435 0.48 1
131 10.7236182656 0.832445381401 0.0 0.435 0.48 1
132 3.90475917888 8.26240226608 0.0 0.435 0.48 1
133 3.62189407155 7.86121514276 0.0 0.435 0.48 1
166 7.44667650877 5.80659292703 0.0 0.435 0.48 1
168 7.94211137683 7.53186461916 0.0 0.435 0.48 1
177 7.51002650677 7.63544297223 0.0 0.435 0.48 1
178 8.21845206577 7.91873215449 0.0 0.435 0.48 1
190 7.81520091572 7.9163455565 0.0 0.435 0.48 1
198 7.89644044804 11.4067451273 0.0 0.435 0.48 1
200 9.95836712704 5.26388054248 0.0 0.435 0.48 1
201 10.115795029 5.73642694591 0.0 0.435 0.48 1
202 11.613254284 4.10232329727 0.0 0.435 0.48 1
203 9.56900667423 5.00159342259 0.0 0.435 0.48 1
204 13.3655867868 2.73551862432 0.0 0.435 0.48 1
205 14.4484297758 3.19493873876 0.0 0.435 0.48 1
206 1.46441623277 0.401425783118 0.0 0.435 0.48 1
269 4.09123126601 9.38267136593 0.0 0.435 0.48 1
276 12.6342205308 4.63548928983 0.0 0.435 0.48 1
286 12.66137053 7.03139501916 0.0 0.435 0.48 1
287 12.8139577344 7.39964709012 0.0 0.435 0.48 1
288 5.32897657572 3.57035060371 0.0 0.435 0.48 1
289 5.33634285456 4.04647690414 0.0 0.435 0.48 1
291 7.42078930029 6.61087645206 0.0 0.435 0.48 1
292 8.32473694613 8.55308990213 0.0 0.435 0.48 1
293 13.5501646879 7.77195637767 0.0 0.435 0.48 1
294 13.9487856055 8.05572287953 0.0 0.435 0.48 1
295 7.68892184995 4.80493774763 0.0 0.435 0.48 1
296 7.89244161096 4.55840217453 0.0 0.435 0.48 1
297 11.9514717152 9.20892703174 0.0 0.435 0.48 1
298 10.8795729119 6.17890221458 0.0 0.435 0.48 1
299 11.1546508102 5.36984549355 0.0 0.435 0.48 1
300 10.9570240722 5.7464506575 0.0 0.435 0.48 1
301 12.5858135556 8.80463733103 0.0 0.435 0.48 1
302 11.9182182279 6.83617130299 0.0 0.435 0.48 1
303 13.2172088845 5.75647436909 0.0 0.435 0.48 1
304 13.3689542285 5.4106563193 0.0 0.435 0.48 1
305 12.922557731 6.20515479255 0.0 0.435 0.48 1
306 14.6799413964 5.7497918947 0.0 0.435 0.48 1
371 12.5009961164 1.34556395078 0.0 0.435 0.48 1
372 12.4976286747 2.02097118397 0.0 0.435 0.48 1
375 7.00848815053 10.2862373676 0.0 0.435 0.48 1
376 6.48758700421 10.5069976824 0.0 0.435 0.48 1
378 10.2925857211 8.88315640513 0.0 0.435 0.48 1
379 5.70949749392 10.6425564486 0.0 0.435 0.48 1
380 5.7745312128 10.4124884017 0.0 0.435 0.48 1
381 2.3176417872 12.1282137018 0.0 0.435 0.48 1
382 4.81354752225 9.60104508267 0.0 0.435 0.48 1
386 7.7402753367 1.69734849556 0.0 0.435 0.48 1
387 7.05058117246 2.497574804 0.0 0.435 0.48 1
388 8.07133695414 3.69922689556 0.0 0.435 0.48 1
399 4.0341952213 12.4900219582 0.0 0.435 0.48 1
408 9.00096134335 8.78268062945 0.0 0.435 0.48 1
409 7.12655907703 12.7441946449 0.0 0.435 0.48 1
411 6.47096026055 10.9084234655 0.0 0.435 0.48 1
412 6.63049281364 11.6840678146 0.0 0.435 0.48 1
413 7.02764047551 11.5377693573 0.0 0.435 0.48 1
