26 9.44735784087 4.84193001659 0.0 0.435 0.48 1
27 9.51007644354 4.01473515078 0.0 0.435 0.48 1
28 9.63888109063 4.37630474735 0.0 0.435 0.48 1
29 14.6555274437 8.19104298597 0.0 0.435 0.48 1
30 15.1067646387 8.03495947695 0.0 0.435 0.48 1
56 0.769460440791 4.38465784034 0.0 0.435 0.48 1
77 2.96545339462 12.6193755696 0.0 0.435 0.48 1
80 3.29188477965 13.6897647714 0.0 0.435 0.48 1
81 3.4699382624 13.030109085 0.0 0.435 0.48 1
94 6.32721259067 9.68338271357 0.0 0.435 0.48 1
95 5.776846329 6.496558408 0.0 0.435 0.48 1
96 9.88470433867 2.19972737396 0.0 0.435 0.48 1
97 9.74074620369 1.73457942432 0.0 0.435 0.48 1
98 2.16273946651 2.99016863061 0.0 0.435 0.48 1
99 1.94722319426 2.06488458712 0.0 0.435 0.48 1
101 0.180368598949 1.63434230844 0.0 0.435 0.48 1
158 11.3335461533 5.43905683547 0.0 0.435 0.48 1
159 9.47092993315 5.65623725321 0.0 0.435 0.48 1
160 11.0346856977 4.97390888583 0.0 0.435 0.48 1
162 15.1050809178 5.89967024892 0.0 0.435 0.48 1
164 4.98949635389 5.05887177453 0.0 0.435 0.48 1
165 5.94121957962 3.38562791873 0.0 0.435 0.48 1
247 3.34155454552 11.8778595719 0.0 0.435 0.48 1
248 3.58485221225 11.8255930758 0.0 0.435 0.48 1
249 3.73175685877 12.0556611227 0.0 0.435 0.48 1
250 4.03882545371 11.3816858483 0.0 0.435 0.48 1
254 5.00023007448 3.61855988326 0.0 0.435 0.48 1
255 10.20397991 5.54502178654 0.0 0.435 0.48 1
257 11.6452449807 1.81476911702 0.0 0.435 0.48 1
258 10.2759589775 7.09416254648 0.0 0.435 0.48 1
259 11.9321089251 6.44238263346 0.0 0.435 0.48 1
260 12.2337054272 6.7433326409 0.0 0.435 0.48 1
261 14.4164390791 2.93193563948 0.0 0.435 0.48 1
262 15.0042681303 2.62310985865 0.0 0.435 0.48 1
263 14.8036948808 7.35812028497 0.0 0.435 0.48 1
349 11.7649996281 3.00711347639 0.0 0.435 0.48 1
350 12.1781426383 4.53453619456 0.0 0.435 0.48 1
351 12.2000310097 6.00635117939 0.0 0.435 0.48 1
352 11.3937391747 6.20515479255 0.0 0.435 0.48 1
353 12.2139217069 5.5786728183 0.0 0.435 0.48 1
354 11.1100322069 5.86005272216 0.0 0.435 0.48 1
355 2.73057433228 7.11564192846 0.0 0.435 0.48 1
356 3.13214176145 7.00466512159 0.0 0.435 0.48 1
357 2.94251269767 8.20846515134 0.0 0.435 0.48 1
358 3.11740920377 11.6957621448 0.0 0.435 0.48 1
359 2.82528363161 12.0599569991 0.0 0.435 0.48 1
360 2.99576037041 12.0833456595 0.0 0.435 0.48 1
361 11.3263903396 9.68409869297 0.0 0.435 0.48 1
397 11.3240752234 7.13592801143 0.0 0.435 0.48 1
399 3.64315104762 12.5907363937 0.0 0.435 0.48 1
