101 11.7403752102 2.85699646237 0.0 0.435 0.48 1
103 10.9128263992 2.38182480114 0.0 0.435 0.48 1
104 10.9454484912 3.13837636623 0.0 0.435 0.48 1
108 7.86676486758 6.14596716222 0.0 0.435 0.48 1
109 11.9413693899 5.07462332131 0.0 0.435 0.48 1
112 11.2028473203 5.12140064205 0.0 0.435 0.48 1
113 11.1655949959 4.55148104034 0.0 0.435 0.48 1
114 3.60547779299 12.5064894844 0.0 0.435 0.48 1
115 3.00144292837 12.5339353614 0.0 0.435 0.48 1
116 4.31537660776 9.75593529269 0.0 0.435 0.48 1
117 2.51863596689 2.96725728984 0.0 0.435 0.48 1
118 0.641287189029 1.44961962346 0.0 0.435 0.48 1
164 6.69636839296 9.7471048801 0.0 0.435 0.48 1
165 12.8278484317 9.25403373389 0.0 0.435 0.48 1
166 7.59484394595 5.86768983575 0.0 0.435 0.48 1
167 6.82264745873 11.6544739994 0.0 0.435 0.48 1
168 7.39574395224 4.63143207324 0.0 0.435 0.48 1
173 14.8855658085 9.10868991586 0.0 0.435 0.48 1
177 7.87918230905 4.27940886866 0.0 0.435 0.48 1
178 8.89404506767 5.02164084577 0.0 0.435 0.48 1
180 7.99767416577 9.64185590842 0.0 0.435 0.48 1
187 0.238246504096 4.49062279141 0.0 0.435 0.48 1
189 11.7570019539 3.68777122517 0.0 0.435 0.48 1
190 8.42302415232 4.18847948497 0.0 0.435 0.48 1
195 13.6570809636 3.2452959565 0.0 0.435 0.48 1
196 9.86239503705 0.984233014018 0.0 0.435 0.48 1
197 9.84282178186 0.278515986266 0.0 0.435 0.48 1
255 6.39813933262 6.19704035936 0.0 0.435 0.48 1
264 1.28657321514 2.89136347353 0.0 0.435 0.48 1
267 9.08577878253 9.75760591128 0.0 0.435 0.48 1
269 11.2895589454 6.47794294362 0.0 0.435 0.48 1
270 11.9558914825 6.44405325206 0.0 0.435 0.48 1
272 12.8865681973 7.18365997137 0.0 0.435 0.48 1
273 9.0499997139 7.23139193132 0.0 0.435 0.48 1
274 9.07104622486 6.90228006751 0.0 0.435 0.48 1
275 2.14674411818 5.44908054706 0.0 0.435 0.48 1
276 14.673416978 6.61684294706 0.0 0.435 0.48 1
277 14.3288855935 5.33667178139 0.0 0.435 0.48 1
278 14.1735623426 3.30687018483 0.0 0.435 0.48 1
279 12.1693031037 7.59105224949 0.0 0.435 0.48 1
280 13.6785484048 7.82064297681 0.0 0.435 0.48 1
281 13.7223251476 8.09844298368 0.0 0.435 0.48 1
282 14.9855367356 5.25600476909 0.0 0.435 0.48 1
363 4.79755217391 11.1432647084 0.0 0.435 0.48 1
364 5.00906960909 10.8828868669 0.0 0.435 0.48 1
367 5.22900564865 9.7416157047 0.0 0.435 0.48 1
368 5.70360447085 9.27050126007 0.0 0.435 0.48 1
369 7.74511603422 11.8494590558 0.0 0.435 0.48 1
370 7.73964394137 12.1265430832 0.0 0.435 0.48 1
399 6.76434862336 11.1470832652 0.0 0.435 0.48 1
403 14.3558251276 8.48912907581 0.0 0.435 0.48 1
404 12.0118752017 8.27624453446 0.0 0.435 0.48 1
407 2.99049874267 4.67462949699 0.0 0.435 0.48 1
