4 6.01930213529 11.0165363548 0.0 0.435 0.48 1
18 13.966885605 7.330674408 0.0 0.435 0.48 1
19 11.83592637 6.44381459226 0.0 0.435 0.48 1
25 6.6799521144 1.56513096652 0.0 0.435 0.48 1
26 3.66503941902 4.49133877081 0.0 0.435 0.48 1
27 3.74375337002 3.81807947582 0.0 0.435 0.48 1
28 1.58543367081 4.0770253585 0.0 0.435 0.48 1
29 11.2078984829 7.4115800801 0.0 0.435 0.48 1
30 11.3899508027 6.93640841887 0.0 0.435 0.48 1
33 8.10795788321 9.47216879083 0.0 0.435 0.48 1
34 8.52909856757 9.35641878797 0.0 0.435 0.48 1
35 8.25338927397 5.12569651845 0.0 0.435 0.48 1
36 13.8155611911 8.32230587581 0.0 0.435 0.48 1
46 3.69787197612 11.3301353316 0.0 0.435 0.48 1
47 3.96726731644 11.4993451296 0.0 0.435 0.48 1
51 3.93485568956 11.8780982317 0.0 0.435 0.48 1
53 3.77027197383 12.2432477253 0.0 0.435 0.48 1
54 3.3586022194 11.973084832 0.0 0.435 0.48 1
55 6.86116257379 9.48219250242 0.0 0.435 0.48 1
56 5.39485215503 5.14240270443 0.0 0.435 0.48 1
60 8.0486067223 9.02515898596 0.0 0.435 0.48 1
61 7.72785789523 9.25785229068 0.0 0.435 0.48 1
67 0.639813933262 5.59418570528 0.0 0.435 0.48 1
68 5.84924632671 12.1890719508 0.0 0.435 0.48 1
69 10.6966787316 3.35460214477 0.0 0.435 0.48 1
70 5.54659749907 10.6000750043 0.0 0.435 0.48 1
71 6.97334047722 10.7499533585 0.0 0.435 0.48 1
72 7.29682535072 10.5964951073 0.0 0.435 0.48 1
73 4.33116149098 1.65438973161 0.0 0.435 0.48 1
74 6.89715210754 2.74005316051 0.0 0.435 0.48 1
75 6.80244280821 8.53423577795 0.0 0.435 0.48 1
76 7.41805325386 8.15261875821 0.0 0.435 0.48 1
77 10.7617124505 8.44449969326 0.0 0.435 0.48 1
78 7.48813813537 6.12114654305 0.0 0.435 0.48 1
79 8.70631018988 5.40325786551 0.0 0.435 0.48 1
80 9.30318924078 8.33662546379 0.0 0.435 0.48 1
81 9.92090433753 8.02445844577 0.0 0.435 0.48 1
82 7.88002416949 8.57361464491 0.0 0.435 0.48 1
83 7.61589045691 8.92587650928 0.0 0.435 0.48 1
84 4.05692545314 8.73972186551 0.0 0.435 0.48 1
85 9.90974968672 4.81543877882 0.0 0.435 0.48 1
86 7.50518580925 7.81372184262 0.0 0.435 0.48 1
87 12.1307879886 4.55601557653 0.0 0.435 0.48 1
88 12.563504254 4.04313566695 0.0 0.435 0.48 1
89 9.96215549901 5.56984240571 0.0 0.435 0.48 1
90 11.7439531171 9.18840228897 0.0 0.435 0.48 1
91 2.1208569097 4.43000320228 0.0 0.435 0.48 1
92 0.226249992847 2.34936706838 0.0 0.435 0.48 1
152 14.7601286031 2.82716398741 0.0 0.435 0.48 1
242 11.7439531171 8.46287649784 0.0 0.435 0.48 1
243 12.5902333229 8.33614814419 0.0 0.435 0.48 1
244 12.7417682018 7.85119143117 0.0 0.435 0.48 1
245 13.4636635279 6.42328984949 0.0 0.435 0.48 1
246 13.6650786378 6.11303210986 0.0 0.435 0.48 1
247 14.9009297615 6.61564964806 0.0 0.435 0.48 1
248 15.1324413821 6.63545841143 0.0 0.435 0.48 1
348 2.99912781216 13.5532513659 0.0 0.435 0.48 1
397 8.34052182935 10.3079554094 0.0 0.435 0.48 1
398 7.79731138141 12.0544678237 0.0 0.435 0.48 1
399 3.28746501235 13.61983745 0.0 0.435 0.48 1
