144 14.7413972084 3.82189803261 0.0 0.435 0.48 1
145 14.9573344109 4.97104496823 0.0 0.435 0.48 1
146 14.7733879051 5.59442436508 0.0 0.435 0.48 1
147 14.4515867524 4.34551763318 0.0 0.435 0.48 1
148 6.19567189716 3.17298203719 0.0 0.435 0.48 1
207 7.98420439875 12.0456374111 0.0 0.435 0.48 1
208 8.32031717883 11.8871673041 0.0 0.435 0.48 1
209 4.75461729155 11.955185347 0.0 0.435 0.48 1
214 5.22879518354 10.3807466483 0.0 0.435 0.48 1
215 4.79439519727 10.5423193327 0.0 0.435 0.48 1
216 4.57887892501 10.8272791336 0.0 0.435 0.48 1
225 4.76198357039 9.85784302716 0.0 0.435 0.48 1
228 10.76087059 12.1699791668 0.0 0.435 0.48 1
229 9.01611483125 10.3296734512 0.0 0.435 0.48 1
231 8.54256833459 0.490684548211 0.0 0.435 0.48 1
301 6.28806608028 11.297438939 0.0 0.435 0.48 1
306 7.92674742383 6.92590738768 0.0 0.435 0.48 1
307 8.37040787492 7.18628522917 0.0 0.435 0.48 1
314 3.4263719847 11.0072286226 0.0 0.435 0.48 1
320 8.82669623259 10.9265616103 0.0 0.435 0.48 1
330 0.619188352518 -0.194985056366 0.0 0.435 0.48 1
332 7.56264278417 10.1509172612 0.0 0.435 0.48 1
333 7.80320440448 9.94256725606 0.0 0.435 0.48 1
334 10.8900961674 12.7375121705 0.0 0.435 0.48 1
335 12.6558984371 8.47600278682 0.0 0.435 0.48 1
336 9.20279738349 9.06835640971 0.0 0.435 0.48 1
339 3.39732779958 2.53981758855 0.0 0.435 0.48 1
340 3.2556847808 1.67419849499 0.0 0.435 0.48 1
341 13.4853414341 7.86694297795 0.0 0.435 0.48 1
389 8.44049275642 6.19632437996 0.0 0.435 0.48 1
390 8.3788264793 6.11040685206 0.0 0.435 0.48 1
414 4.08491731272 10.2325389127 0.0 0.435 0.48 1
