137 9.16617645441 11.0437435719 0.0 0.435 0.48 1
138 8.90835669512 10.6506708818 0.0 0.435 0.48 1
139 5.37780448115 9.78934766465 0.0 0.435 0.48 1
140 5.07452425818 9.50892239998 0.0 0.435 0.48 1
142 5.22605913711 1.56632426552 0.0 0.435 0.48 1
143 5.26941494969 0.990438168811 0.0 0.435 0.48 1
144 3.49372081978 2.0801588143 0.0 0.435 0.48 1
145 2.56514875612 2.8285959462 0.0 0.435 0.48 1
146 1.59069529855 2.57299130071 0.0 0.435 0.48 1
147 1.41011623449 1.72813560973 0.0 0.435 0.48 1
168 3.45162779786 12.6568451582 0.0 0.435 0.48 1
177 3.03553827613 12.5740302077 0.0 0.435 0.48 1
178 2.82023246898 12.9950260944 0.0 0.435 0.48 1
207 11.5545345184 6.87889140714 0.0 0.435 0.48 1
208 11.9609426451 6.60729655507 0.0 0.435 0.48 1
209 10.5312531554 10.4719146918 0.0 0.435 0.48 1
210 1.97731970493 3.69755627696 0.0 0.435 0.48 1
211 2.09160225946 12.3955126775 0.0 0.435 0.48 1
212 5.48556261728 2.88611295793 0.0 0.435 0.48 1
213 5.40032424788 3.4152217339 0.0 0.435 0.48 1
214 10.0585485192 3.61855988326 0.0 0.435 0.48 1
215 10.4693764132 3.80185060944 0.0 0.435 0.48 1
216 9.83419271236 3.17823255278 0.0 0.435 0.48 1
217 12.1897182193 5.09872796108 0.0 0.435 0.48 1
218 11.8079345104 4.54145732875 0.0 0.435 0.48 1
219 11.674710096 1.86751293276 0.0 0.435 0.48 1
269 3.4021684971 9.11131517366 0.0 0.435 0.48 1
276 12.7398740159 4.2481444349 0.0 0.435 0.48 1
301 6.63491258094 10.8747724337 0.0 0.435 0.48 1
306 7.62557185195 7.14786100142 0.0 0.435 0.48 1
307 8.18225206691 7.20394605435 0.0 0.435 0.48 1
311 11.5943124242 9.64448116622 0.0 0.435 0.48 1
314 7.21895326016 9.97168375163 0.0 0.435 0.48 1
318 4.22066730843 4.47582588383 0.0 0.435 0.48 1
319 5.71076028458 4.61496454706 0.0 0.435 0.48 1
320 12.1991891492 8.12636618024 0.0 0.435 0.48 1
321 12.928240289 6.14000066723 0.0 0.435 0.48 1
322 13.147124003 5.84549447438 0.0 0.435 0.48 1
323 11.4282554527 6.08582489269 0.0 0.435 0.48 1
324 14.2609053631 6.42567644748 0.0 0.435 0.48 1
325 13.7286391009 7.31253626322 0.0 0.435 0.48 1
326 14.6016483756 6.28916304205 0.0 0.435 0.48 1
389 4.95792658745 8.75547341229 0.0 0.435 0.48 1
390 4.36883474561 8.92444455048 0.0 0.435 0.48 1
391 11.1405496478 8.72707289612 0.0 0.435 0.48 1
392 11.3169194097 8.87671259054 0.0 0.435 0.48 1
394 12.4174414679 7.61324761086 0.0 0.435 0.48 1
395 6.15652538677 10.0828992183 0.0 0.435 0.48 1
396 3.76501034609 9.9972203502 0.0 0.435 0.48 1
399 4.04135103503 11.5217791508 0.0 0.435 0.48 1
408 14.73487279 7.00156254419 0.0 0.435 0.48 1
409 15.2587204479 7.11206203146 0.0 0.435 0.48 1
414 11.0971938352 7.9087084429 0.0 0.435 0.48 1
415 11.409734523 9.93994199827 0.0 0.435 0.48 1
