26 7.6988137101 4.98321661802 0.0 0.435 0.48 1
27 7.36143813937 3.88800679713 0.0 0.435 0.48 1
28 7.2067462838 4.55148104034 0.0 0.435 0.48 1
29 14.6066995382 8.19796412016 0.0 0.435 0.48 1
30 15.0600413844 8.07457700371 0.0 0.435 0.48 1
56 1.97374179807 4.87653568754 0.0 0.435 0.48 1
77 3.44489291435 12.0508879267 0.0 0.435 0.48 1
80 3.65346383799 13.0926379525 0.0 0.435 0.48 1
81 3.89065801654 12.4012405127 0.0 0.435 0.48 1
82 3.22264175859 13.6153029139 0.0 0.435 0.48 1
94 6.39224630955 9.18052651558 0.0 0.435 0.48 1
95 4.92298937925 5.28345064606 0.0 0.435 0.48 1
96 7.75311370839 2.62955367324 0.0 0.435 0.48 1
97 7.64556603737 2.06774850472 0.0 0.435 0.48 1
98 0.428506963198 3.43789441487 0.0 0.435 0.48 1
158 11.6147275398 5.01973156737 0.0 0.435 0.48 1
159 10.5443019922 4.57439238111 0.0 0.435 0.48 1
160 11.4103659183 4.37893000514 0.0 0.435 0.48 1
162 14.4637937288 4.43000320228 0.0 0.435 0.48 1
163 14.9497576669 4.15602175221 0.0 0.435 0.48 1
164 5.03706146867 2.52979387696 0.0 0.435 0.48 1
165 5.5232358719 0.987812911014 0.0 0.435 0.48 1
247 4.06892196439 11.029423984 0.0 0.435 0.48 1
248 4.26549637678 11.0790652223 0.0 0.435 0.48 1
249 4.33431846763 11.3929028589 0.0 0.435 0.48 1
250 4.65801380623 10.5552069619 0.0 0.435 0.48 1
254 7.3599648836 3.53574493275 0.0 0.435 0.48 1
255 10.9153519805 5.48344755822 0.0 0.435 0.48 1
256 12.1741438012 1.01836136538 0.0 0.435 0.48 1
257 12.4243868165 3.51140163318 0.0 0.435 0.48 1
258 12.0438658983 6.42591510728 0.0 0.435 0.48 1
259 13.6697088702 6.59488624548 0.0 0.435 0.48 1
260 13.8570228177 7.18533058997 0.0 0.435 0.48 1
261 14.855890228 1.96106757425 0.0 0.435 0.48 1
349 10.7057287313 5.1629274472 0.0 0.435 0.48 1
350 11.8028833478 5.90921664091 0.0 0.435 0.48 1
351 10.2759589775 6.26171716508 0.0 0.435 0.48 1
352 10.1873531663 6.63999294763 0.0 0.435 0.48 1
353 10.2435473506 5.89489705292 0.0 0.435 0.48 1
354 9.58226597614 6.50849139799 0.0 0.435 0.48 1
355 3.47688361101 8.90678372531 0.0 0.435 0.48 1
356 3.91465103903 8.86835949755 0.0 0.435 0.48 1
357 3.50824291235 9.82299869641 0.0 0.435 0.48 1
358 2.51863596689 12.2919343244 0.0 0.435 0.48 1
359 2.4860138749 12.7265338197 0.0 0.435 0.48 1
360 2.89557897823 12.7771296973 0.0 0.435 0.48 1
361 12.3191542617 11.1349116154 0.0 0.435 0.48 1
397 11.2815612713 7.13592801143 0.0 0.435 0.48 1
399 3.45667896049 12.6208075284 0.0 0.435 0.48 1
