26 11.3192345259 5.04693878454 0.0 0.435 0.48 1
27 11.9885135745 4.17845577338 0.0 0.435 0.48 1
28 11.7588961399 4.71854290013 0.0 0.435 0.48 1
29 14.732978604 8.1652677276 0.0 0.435 0.48 1
30 15.153487893 7.9951032904 0.0 0.435 0.48 1
56 -0.0751360441363 3.77154081487 0.0 0.435 0.48 1
77 2.65186038128 13.3785523925 0.0 0.435 0.48 1
81 3.01238711407 13.8016962174 0.0 0.435 0.48 1
94 6.29964166131 9.7461502409 0.0 0.435 0.48 1
95 5.9757358576 8.30369041143 0.0 0.435 0.48 1
96 11.3756391753 1.87944592274 0.0 0.435 0.48 1
97 11.1845368557 1.46202993304 0.0 0.435 0.48 1
98 4.05145336029 2.00760623519 0.0 0.435 0.48 1
99 5.23763471814 2.42239696709 0.0 0.435 0.48 1
100 2.27491736994 3.11785162346 0.0 0.435 0.48 1
101 0.535423238887 1.5854170495 0.0 0.435 0.48 1
158 10.4986310635 6.12496509985 0.0 0.435 0.48 1
159 9.3867438893 6.5767481007 0.0 0.435 0.48 1
160 10.2235531652 5.82568571101 0.0 0.435 0.48 1
164 5.2454219272 7.19129708497 0.0 0.435 0.48 1
165 6.06139515722 5.37963054534 0.0 0.435 0.48 1
247 2.60008596431 12.2303600961 0.0 0.435 0.48 1
248 2.6588057299 12.4978977316 0.0 0.435 0.48 1
249 2.89915688509 12.6788018598 0.0 0.435 0.48 1
250 3.39901152045 12.0601956589 0.0 0.435 0.48 1
254 2.86232549091 3.80328256823 0.0 0.435 0.48 1
255 8.99864622715 5.87270169155 0.0 0.435 0.48 1
257 10.9963810477 0.67445259399 0.0 0.435 0.48 1
258 8.71388693383 8.10202288067 0.0 0.435 0.48 1
259 10.38645316 6.43188160228 0.0 0.435 0.48 1
260 10.812645007 6.71230686694 0.0 0.435 0.48 1
261 14.2409111777 3.18801760457 0.0 0.435 0.48 1
262 14.8430518563 2.9947031668 0.0 0.435 0.48 1
263 12.4969972793 6.55431407953 0.0 0.435 0.48 1
349 12.8714147094 0.569442282116 0.0 0.435 0.48 1
350 11.5528507976 3.15030935622 0.0 0.435 0.48 1
351 14.544822796 5.63428055164 0.0 0.435 0.48 1
352 13.5933100354 6.04119551015 0.0 0.435 0.48 1
353 14.6431100022 5.25648208869 0.0 0.435 0.48 1
354 13.5922577098 5.47175322803 0.0 0.435 0.48 1
355 1.16660810265 5.65623725321 0.0 0.435 0.48 1
356 1.44589530313 5.22569497453 0.0 0.435 0.48 1
357 2.00867900627 6.5824759359 0.0 0.435 0.48 1
358 3.9028649929 11.0781105831 0.0 0.435 0.48 1
359 3.2142231542 11.5022090472 0.0 0.435 0.48 1
360 3.2775731522 11.6785786392 0.0 0.435 0.48 1
361 10.6284880361 7.80608472903 0.0 0.435 0.48 1
397 11.3663787104 7.13592801143 0.0 0.435 0.48 1
399 3.86119290119 12.4060137087 0.0 0.435 0.48 1
403 7.23999977112 12.2193817453 0.0 0.435 0.48 1
