123 14.6950948843 7.47076771043 0.0 0.435 0.48 1
128 9.47008807271 7.02351924577 0.0 0.435 0.48 1
129 10.2467043272 6.36720479656 0.0 0.435 0.48 1
134 4.25981381882 1.85414798397 0.0 0.435 0.48 1
135 4.10049173083 2.53074851616 0.0 0.435 0.48 1
168 7.00406838323 9.07241362631 0.0 0.435 0.48 1
177 6.44696723805 8.95594764405 0.0 0.435 0.48 1
178 7.09477884548 9.27145589927 0.0 0.435 0.48 1
190 7.30250790868 9.73588786951 0.0 0.435 0.48 1
200 4.56077892559 9.58839611329 0.0 0.435 0.48 1
201 4.74198938497 10.0525894237 0.0 0.435 0.48 1
203 4.37977893131 9.17360538139 0.0 0.435 0.48 1
204 12.4671112338 7.12065378425 0.0 0.435 0.48 1
207 12.2069763583 3.47130678683 0.0 0.435 0.48 1
208 12.818798432 3.27298049327 0.0 0.435 0.48 1
209 8.49605554536 4.10423257567 0.0 0.435 0.48 1
269 3.85971964542 9.21871208353 0.0 0.435 0.48 1
276 12.5986519273 4.45458516165 0.0 0.435 0.48 1
286 5.40116610832 3.96557123204 0.0 0.435 0.48 1
287 5.40895331738 4.34360835478 0.0 0.435 0.48 1
292 2.24629411503 12.7694925837 0.0 0.435 0.48 1
293 13.460085621 8.62779041944 0.0 0.435 0.48 1
294 13.9376309547 8.78936310385 0.0 0.435 0.48 1
297 11.0327915117 8.59008217109 0.0 0.435 0.48 1
299 5.43399866542 0.773496410871 0.0 0.435 0.48 1
301 9.56121946518 9.41679971729 0.0 0.435 0.48 1
302 2.19136272142 5.2447877585 0.0 0.435 0.48 1
303 11.6856542817 0.677316511587 0.0 0.435 0.48 1
304 12.4911042563 0.507152074391 0.0 0.435 0.48 1
305 2.76088130807 0.87444950615 0.0 0.435 0.48 1
306 13.3331751599 5.39037023633 0.0 0.435 0.48 1
307 13.9635181632 5.30994188382 0.0 0.435 0.48 1
310 14.4799995422 3.05484543633 0.0 0.435 0.48 1
311 12.5963368111 8.75976928868 0.0 0.435 0.48 1
312 12.0705949672 4.94025785407 0.0 0.435 0.48 1
313 12.6855740176 5.38989291673 0.0 0.435 0.48 1
314 12.7316658766 8.08579401429 0.0 0.435 0.48 1
315 13.8319774697 8.18698576937 0.0 0.435 0.48 1
375 7.33323581468 10.9563940852 0.0 0.435 0.48 1
379 6.65680095235 11.3473188372 0.0 0.435 0.48 1
399 3.09973013456 13.7086188955 0.0 0.435 0.48 1
408 7.72554277902 9.92777034848 0.0 0.435 0.48 1
409 7.75164045262 11.6072193591 0.0 0.435 0.48 1
411 3.30093477937 10.7716714003 0.0 0.435 0.48 1
414 8.91488111352 8.85284661057 0.0 0.435 0.48 1
