149 4.08112894075 4.32379959141 0.0 0.435 0.48 1
150 1.1786046139 3.87249391015 0.0 0.435 0.48 1
209 1.25563484403 11.18908739 0.0 0.435 0.48 1
225 4.04892777898 11.3676049202 0.0 0.435 0.48 1
232 14.8891437153 3.52882379856 0.0 0.435 0.48 1
233 6.89778350287 7.90345792731 0.0 0.435 0.48 1
234 15.017106502 4.12189340085 0.0 0.435 0.48 1
237 15.045940222 2.88277172074 0.0 0.435 0.48 1
238 13.7042251482 1.53076395536 0.0 0.435 0.48 1
239 14.6904646519 2.15127943462 0.0 0.435 0.48 1
301 6.17083701422 11.0404023347 0.0 0.435 0.48 1
306 8.07849276787 6.44118933447 0.0 0.435 0.48 1
307 8.32663113211 6.98772027581 0.0 0.435 0.48 1
320 8.3306299692 13.1286755822 0.0 0.435 0.48 1
333 5.76253470155 11.7158095679 0.0 0.435 0.48 1
335 7.51360441363 10.0399404543 0.0 0.435 0.48 1
341 5.51187075598 9.64973168181 0.0 0.435 0.48 1
342 1.30383135413 2.19567015736 0.0 0.435 0.48 1
344 12.5717123933 5.1603021894 0.0 0.435 0.48 1
346 11.371219408 8.20488525435 0.0 0.435 0.48 1
347 11.582526378 8.58697959369 0.0 0.435 0.48 1
389 9.56690202314 5.69728673876 0.0 0.435 0.48 1
390 10.1353682842 6.13212489384 0.0 0.435 0.48 1
414 3.80226267049 11.1117616149 0.0 0.435 0.48 1
