138 9.84976713047 13.0418034151 0.0 0.435 0.48 1
139 3.97821150214 12.2270188589 0.0 0.435 0.48 1
140 3.63557430367 11.8924178197 0.0 0.435 0.48 1
142 10.4346496701 3.71808101974 0.0 0.435 0.48 1
143 10.8109612861 3.36916039255 0.0 0.435 0.48 1
144 5.71981028429 1.79376705465 0.0 0.435 0.48 1
145 5.28898820489 2.18612376538 0.0 0.435 0.48 1
146 5.3919056435 2.65556759141 0.0 0.435 0.48 1
147 3.37059873065 1.45057426266 0.0 0.435 0.48 1
168 3.19212431769 13.6513405436 0.0 0.435 0.48 1
177 2.44139527166 13.6379755948 0.0 0.435 0.48 1
207 11.4882380089 7.08557079369 0.0 0.435 0.48 1
208 12.1034275243 6.96027439884 0.0 0.435 0.48 1
209 9.18680203515 11.2110440915 0.0 0.435 0.48 1
210 0.127331391323 3.99134649041 0.0 0.435 0.48 1
212 2.92104525649 2.10951396967 0.0 0.435 0.48 1
213 2.22924644115 2.84959800858 0.0 0.435 0.48 1
214 5.30814052987 5.87174705235 0.0 0.435 0.48 1
215 5.85177190803 5.87962282574 0.0 0.435 0.48 1
216 4.89794403121 5.4108949791 0.0 0.435 0.48 1
218 8.76692414145 8.54473680914 0.0 0.435 0.48 1
220 10.0181392182 5.57270632331 0.0 0.435 0.48 1
221 11.449933359 3.5825222535 0.0 0.435 0.48 1
222 5.44683703711 0.692113419169 0.0 0.435 0.48 1
223 13.5434298044 2.39662170872 0.0 0.435 0.48 1
224 13.7132751479 2.94816450586 0.0 0.435 0.48 1
225 12.3862926317 2.13337994964 0.0 0.435 0.48 1
226 13.7364263099 0.970629405435 0.0 0.435 0.48 1
227 14.3027879199 1.54007168755 0.0 0.435 0.48 1
269 3.31671966259 9.0810053791 0.0 0.435 0.48 1
301 6.39645561174 10.8668966604 0.0 0.435 0.48 1
306 7.7141776631 7.1628965688 0.0 0.435 0.48 1
307 8.22687067015 7.19988883776 0.0 0.435 0.48 1
311 10.9574450024 9.27264919827 0.0 0.435 0.48 1
314 7.1170881471 10.8752497533 0.0 0.435 0.48 1
320 10.8477926803 8.55404454133 0.0 0.435 0.48 1
321 7.70302301229 4.55840217453 0.0 0.435 0.48 1
322 7.83203812449 4.12809855564 0.0 0.435 0.48 1
323 5.6850835412 8.73041413332 0.0 0.435 0.48 1
324 10.3647752537 5.50802951759 0.0 0.435 0.48 1
325 8.83343111609 3.62428771845 0.0 0.435 0.48 1
326 10.7236182656 5.14359600342 0.0 0.435 0.48 1
327 10.9770182576 6.27412747467 0.0 0.435 0.48 1
328 12.8785705231 6.67173470099 0.0 0.435 0.48 1
329 14.7363460458 6.89941614992 0.0 0.435 0.48 1
330 15.0236309204 7.27506667467 0.0 0.435 0.48 1
389 5.21679867229 8.52087082917 0.0 0.435 0.48 1
390 4.57509055304 8.59175278968 0.0 0.435 0.48 1
391 15.1507518466 7.8328146266 0.0 0.435 0.48 1
392 15.1033971969 8.10870535506 0.0 0.435 0.48 1
395 3.28325571016 7.65310379741 0.0 0.435 0.48 1
396 6.56903700163 8.80941052702 0.0 0.435 0.48 1
399 1.94490807805 11.5384853367 0.0 0.435 0.48 1
414 10.7572926832 7.994387311 0.0 0.435 0.48 1
415 12.1785635685 8.14545896422 0.0 0.435 0.48 1
