140 2.65543828815 13.5919142535 0.0 0.435 0.48 1
142 14.9962704561 6.39465067352 0.0 0.435 0.48 1
143 15.2702960289 6.11971458425 0.0 0.435 0.48 1
144 6.67847885864 1.42742426209 0.0 0.435 0.48 1
145 7.82361952011 2.2476979937 0.0 0.435 0.48 1
146 8.47669275528 2.78086398626 0.0 0.435 0.48 1
147 6.32174049782 1.9152448927 0.0 0.435 0.48 1
207 9.30255784545 8.64258732702 0.0 0.435 0.48 1
208 9.88491480378 8.52659866436 0.0 0.435 0.48 1
209 6.71594164815 11.8317982306 0.0 0.435 0.48 1
214 3.63809988499 8.80654660943 0.0 0.435 0.48 1
215 3.78984522903 8.22278473933 0.0 0.435 0.48 1
216 3.07510571674 9.00009970699 0.0 0.435 0.48 1
218 7.94400556282 10.80770903 0.0 0.435 0.48 1
220 8.02292997893 10.3769280915 0.0 0.435 0.48 1
224 11.2083194131 4.86245475936 0.0 0.435 0.48 1
225 7.72322766282 6.52257232617 0.0 0.435 0.48 1
226 10.7528729159 3.02119440457 0.0 0.435 0.48 1
227 11.3747973148 3.15293461401 0.0 0.435 0.48 1
228 12.5858135556 5.92162695049 0.0 0.435 0.48 1
229 12.3402007727 3.5839542123 0.0 0.435 0.48 1
301 6.71615211326 11.6091286375 0.0 0.435 0.48 1
306 7.85055905414 6.96862749183 0.0 0.435 0.48 1
307 8.28117066844 7.19463832216 0.0 0.435 0.48 1
311 11.9712554355 7.76121668668 0.0 0.435 0.48 1
314 4.0102021988 10.5781183027 0.0 0.435 0.48 1
320 10.0774903791 9.19293682516 0.0 0.435 0.48 1
323 3.04858711293 12.6215235078 0.0 0.435 0.48 1
324 2.22082783677 3.5016165814 0.0 0.435 0.48 1
326 2.4466568994 3.06081193132 0.0 0.435 0.48 1
327 8.55393345051 3.70256813275 0.0 0.435 0.48 1
328 8.07133695414 4.34360835478 0.0 0.435 0.48 1
329 10.5083124585 5.95957385864 0.0 0.435 0.48 1
330 10.446014786 6.34238417738 0.0 0.435 0.48 1
331 10.3879264158 5.38010786494 0.0 0.435 0.48 1
332 11.7500566053 7.1631352286 0.0 0.435 0.48 1
333 11.9188496232 7.48842853561 0.0 0.435 0.48 1
334 12.7200902955 8.37099247495 0.0 0.435 0.48 1
335 14.0304460681 8.12636618024 0.0 0.435 0.48 1
336 14.0043483945 5.4939485894 0.0 0.435 0.48 1
389 6.54756956045 7.72708833532 0.0 0.435 0.48 1
390 4.99938821404 8.17123422259 0.0 0.435 0.48 1
396 11.8407670675 8.24044556451 0.0 0.435 0.48 1
414 7.91348812192 8.46908165263 0.0 0.435 0.48 1
