29 15.0415204547 8.05572287953 0.0 0.435 0.48 1
94 6.40908351832 10.0182224126 0.0 0.435 0.48 1
95 5.93048585903 9.66858580599 0.0 0.435 0.48 1
99 14.6593158156 4.98226197882 0.0 0.435 0.48 1
100 11.6648182359 5.54597642574 0.0 0.435 0.48 1
101 2.97092548747 1.75916138369 0.0 0.435 0.48 1
102 1.5831185546 1.40355828211 0.0 0.435 0.48 1
103 1.13377554555 1.69663251616 0.0 0.435 0.48 1
104 0.975505783114 2.48301655622 0.0 0.435 0.48 1
105 3.17423478337 4.96293053504 0.0 0.435 0.48 1
106 6.19398817628 3.69660163776 0.0 0.435 0.48 1
107 1.05232554813 4.10494855507 0.0 0.435 0.48 1
108 0.507431379307 4.02547484177 0.0 0.435 0.48 1
158 9.07104622486 8.21777288353 0.0 0.435 0.48 1
159 8.5274148467 8.5791038203 0.0 0.435 0.48 1
160 8.71725437558 8.08698731329 0.0 0.435 0.48 1
164 6.32426607914 9.41632239769 0.0 0.435 0.48 1
165 8.27127880828 8.97360846923 0.0 0.435 0.48 1
166 9.04936831857 2.58731088869 0.0 0.435 0.48 1
167 12.2124484511 3.09231502489 0.0 0.435 0.48 1
168 3.5334987255 0.18305206638 0.0 0.435 0.48 1
255 8.74061600275 5.62091560285 0.0 0.435 0.48 1
257 9.88070550159 2.70306089155 0.0 0.435 0.48 1
258 6.4612788655 10.1430414878 0.0 0.435 0.48 1
259 5.12377309383 6.164105307 0.0 0.435 0.48 1
260 5.15639518583 6.58701047209 0.0 0.435 0.48 1
261 14.1805076912 3.29947173104 0.0 0.435 0.48 1
262 14.746448371 3.06439182832 0.0 0.435 0.48 1
263 3.06858129834 3.93311349928 0.0 0.435 0.48 1
264 14.0192914173 6.54190376995 0.0 0.435 0.48 1
265 14.6875181403 7.12900687724 0.0 0.435 0.48 1
358 5.66508935579 8.50034608639 0.0 0.435 0.48 1
359 4.81081147582 8.56382959312 0.0 0.435 0.48 1
360 5.22206030003 8.63375691443 0.0 0.435 0.48 1
361 1.3469767016 3.20162121316 0.0 0.435 0.48 1
362 3.1683417603 13.4427518787 0.0 0.435 0.48 1
365 7.78510440505 12.5749848469 0.0 0.435 0.48 1
366 7.05752652107 13.3110116692 0.0 0.435 0.48 1
397 12.6411658794 5.20517023175 0.0 0.435 0.48 1
399 4.989706819 10.993625014 0.0 0.435 0.48 1
403 5.1841765803 10.1015146827 0.0 0.435 0.48 1
404 3.29777780272 10.6296688194 0.0 0.435 0.48 1
405 4.42629172053 12.3563724704 0.0 0.435 0.48 1
