108 7.97515439904 5.83905065979 0.0 0.435 0.48 1
116 6.14158236398 12.2537487565 0.0 0.435 0.48 1
120 9.01253692438 9.9079615851 0.0 0.435 0.48 1
123 7.48645441449 10.0659543725 0.0 0.435 0.48 1
124 14.6826774428 7.19654760056 0.0 0.435 0.48 1
125 8.82122413973 4.21520938254 0.0 0.435 0.48 1
126 8.96118343764 3.77989390786 0.0 0.435 0.48 1
127 8.59602647244 2.74196243891 0.0 0.435 0.48 1
128 1.03127903717 1.34842786838 0.0 0.435 0.48 1
129 0.653915095607 0.528154136766 0.0 0.435 0.48 1
164 6.67448002155 9.9074842655 0.0 0.435 0.48 1
166 7.50707999523 5.8314135462 0.0 0.435 0.48 1
168 8.50089624288 5.62306354105 0.0 0.435 0.48 1
177 8.16141602106 6.40777696251 0.0 0.435 0.48 1
178 8.84079739493 6.68295171158 0.0 0.435 0.48 1
190 8.68863112067 6.19489242116 0.0 0.435 0.48 1
198 10.5575612941 6.44787180886 0.0 0.435 0.48 1
199 6.20177538534 1.34437065179 0.0 0.435 0.48 1
255 6.32637073023 5.92592282688 0.0 0.435 0.48 1
269 9.53659504735 6.88867645893 0.0 0.435 0.48 1
272 8.03597881572 10.363324483 0.0 0.435 0.48 1
276 14.4618995428 6.54882490414 0.0 0.435 0.48 1
277 13.7665228206 4.06509236852 0.0 0.435 0.48 1
279 4.44586497573 8.27123267867 0.0 0.435 0.48 1
280 4.28422777154 10.8165394426 0.0 0.435 0.48 1
281 4.33768590938 10.3759734523 0.0 0.435 0.48 1
282 14.1384146693 4.40542124291 0.0 0.435 0.48 1
284 10.6802624531 4.77677589126 0.0 0.435 0.48 1
285 10.9288217475 5.14860785922 0.0 0.435 0.48 1
286 14.8746216228 7.52375018597 0.0 0.435 0.48 1
287 14.1541995525 9.43111930528 0.0 0.435 0.48 1
369 2.35110573963 1.11835982146 0.0 0.435 0.48 1
370 1.82325924469 1.28494436166 0.0 0.435 0.48 1
371 6.76834746045 3.94910370586 0.0 0.435 0.48 1
372 7.06405093947 4.54050268955 0.0 0.435 0.48 1
375 4.12511614866 11.7659281259 0.0 0.435 0.48 1
376 3.76900918317 12.1000518455 0.0 0.435 0.48 1
377 4.99581030718 9.38816054133 0.0 0.435 0.48 1
378 7.1412916347 9.1611950718 0.0 0.435 0.48 1
379 1.59953483315 13.331536412 0.0 0.435 0.48 1
380 1.32698251619 13.0785570243 0.0 0.435 0.48 1
381 8.61160089055 8.79747753704 0.0 0.435 0.48 1
383 6.88662885206 11.3372951256 0.0 0.435 0.48 1
399 5.14082076771 12.0523198855 0.0 0.435 0.48 1
408 6.85737420182 13.2153090895 0.0 0.435 0.48 1
