149 3.54128593456 4.35506402517 0.0 0.435 0.48 1
150 0.547209285026 4.02332690357 0.0 0.435 0.48 1
209 1.39980344412 11.2709477013 0.0 0.435 0.48 1
225 4.11375103274 11.0921915113 0.0 0.435 0.48 1
232 14.8108506946 3.50662843719 0.0 0.435 0.48 1
233 7.06384047436 7.55167338253 0.0 0.435 0.48 1
234 15.0076355721 3.92595370529 0.0 0.435 0.48 1
237 14.8024320902 2.80735522403 0.0 0.435 0.48 1
238 13.7343216588 1.38589745694 0.0 0.435 0.48 1
239 14.9535460389 1.98946809041 0.0 0.435 0.48 1
301 6.25502305807 11.0881342947 0.0 0.435 0.48 1
306 8.03429509484 6.56648572932 0.0 0.435 0.48 1
307 8.31694973707 7.02351924577 0.0 0.435 0.48 1
320 8.40218810647 13.0570776423 0.0 0.435 0.48 1
333 5.63625563577 11.644211628 0.0 0.435 0.48 1
335 7.74806254575 10.0406564337 0.0 0.435 0.48 1
341 5.81578237428 9.57025796851 0.0 0.435 0.48 1
342 2.00236505298 2.43432995708 0.0 0.435 0.48 1
343 14.7325576738 0.0 0.0 0.435 0.48 1
344 12.5950740204 5.44311405206 0.0 0.435 0.48 1
346 11.8009891618 8.09557906608 0.0 0.435 0.48 1
347 11.9386333435 8.50989247838 0.0 0.435 0.48 1
389 9.31707993801 5.83905065979 0.0 0.435 0.48 1
390 9.98509619596 6.17317437939 0.0 0.435 0.48 1
414 3.76437895076 11.0859863565 0.0 0.435 0.48 1
