108 7.8758148673 5.8297429276 0.0 0.435 0.48 1
116 7.88339161124 12.1489771044 0.0 0.435 0.48 1
123 6.9051497817 11.1952925448 0.0 0.435 0.48 1
125 8.57287531038 7.493917711 0.0 0.435 0.48 1
126 9.20153459283 7.81849503861 0.0 0.435 0.48 1
127 9.68139504277 7.30394451043 0.0 0.435 0.48 1
128 6.25312887208 1.68469952618 0.0 0.435 0.48 1
129 8.12647881286 0.00644381459226 0.0 0.435 0.48 1
130 4.83017426591 1.28279642346 0.0 0.435 0.48 1
131 5.33171262214 0.533881971959 0.0 0.435 0.48 1
132 2.97850223142 5.10803569327 0.0 0.435 0.48 1
133 2.66406735764 5.55671611673 0.0 0.435 0.48 1
166 7.46730208951 5.81518467982 0.0 0.435 0.48 1
168 8.4661694998 6.33498572359 0.0 0.435 0.48 1
177 7.93158812135 6.77555171386 0.0 0.435 0.48 1
178 8.36198927053 7.22685739512 0.0 0.435 0.48 1
190 8.22960671658 6.97745790442 0.0 0.435 0.48 1
198 7.40774046349 10.4917234552 0.0 0.435 0.48 1
200 11.6374577716 3.50686709699 0.0 0.435 0.48 1
201 12.1903496146 3.78132586666 0.0 0.435 0.48 1
202 6.84832420211 3.8331150432 0.0 0.435 0.48 1
203 11.887700787 2.70687944835 0.0 0.435 0.48 1
204 13.9003786303 0.111692786266 0.0 0.435 0.48 1
205 15.0251041762 0.214793819742 0.0 0.435 0.48 1
255 6.29395910335 5.80372900943 0.0 0.435 0.48 1
269 4.80891728983 9.23136105292 0.0 0.435 0.48 1
276 12.6737879714 4.78154908726 0.0 0.435 0.48 1
277 13.7042251482 4.03478257396 0.0 0.435 0.48 1
280 -0.0947092993315 13.1114920767 0.0 0.435 0.48 1
282 13.9799344418 4.47534856423 0.0 0.435 0.48 1
284 0.218883714011 3.40806193991 0.0 0.435 0.48 1
285 1.02075578168 3.51307225178 0.0 0.435 0.48 1
286 13.9635181632 7.46432389584 0.0 0.435 0.48 1
287 13.3049728352 7.66933266379 0.0 0.435 0.48 1
288 9.57005899978 4.11521092646 0.0 0.435 0.48 1
289 9.32655086795 4.47320062603 0.0 0.435 0.48 1
291 10.1684113064 7.59964400228 0.0 0.435 0.48 1
292 12.9356065678 7.96718009383 0.0 0.435 0.48 1
293 14.3996018704 7.53592183575 0.0 0.435 0.48 1
294 14.1729309473 7.85620328697 0.0 0.435 0.48 1
295 12.8760449418 6.43188160228 0.0 0.435 0.48 1
296 13.1991088851 6.13021561544 0.0 0.435 0.48 1
297 14.0807472293 8.60822031586 0.0 0.435 0.48 1
298 14.873148367 6.12043056365 0.0 0.435 0.48 1
299 14.9602809224 5.63356457224 0.0 0.435 0.48 1
300 15.1661157996 5.78034034906 0.0 0.435 0.48 1
301 14.9099797612 8.35404762917 0.0 0.435 0.48 1
371 11.7969903247 1.38088560114 0.0 0.435 0.48 1
372 12.1533077553 2.07204438111 0.0 0.435 0.48 1
375 6.57956025711 10.4683347948 0.0 0.435 0.48 1
376 5.49356029145 10.3053301516 0.0 0.435 0.48 1
377 11.3341775487 9.42539147008 0.0 0.435 0.48 1
378 10.3635124631 8.89914661172 0.0 0.435 0.48 1
379 4.43997195266 10.7067559347 0.0 0.435 0.48 1
380 4.10343824237 11.006751303 0.0 0.435 0.48 1
381 4.07249987125 10.5726291273 0.0 0.435 0.48 1
382 3.3628115216 11.801488436 0.0 0.435 0.48 1
383 3.05700571731 13.1919204292 0.0 0.435 0.48 1
384 3.33334640625 13.2940668234 0.0 0.435 0.48 1
385 2.96608478995 9.5800430203 0.0 0.435 0.48 1
386 3.54402198098 4.6669923834 0.0 0.435 0.48 1
387 3.91359871349 5.02665270156 0.0 0.435 0.48 1
388 4.63444171395 5.05958775393 0.0 0.435 0.48 1
399 4.94824519241 12.0523198855 0.0 0.435 0.48 1
408 6.98638931402 10.484802321 0.0 0.435 0.48 1
409 7.09856721745 12.9270080515 0.0 0.435 0.48 1
410 6.92324978113 11.3814471885 0.0 0.435 0.48 1
