123 13.8454472367 7.48484863861 0.0 0.435 0.48 1
128 10.2753275821 6.1610027296 0.0 0.435 0.48 1
129 10.9894356991 5.56864910671 0.0 0.435 0.48 1
134 3.05174408957 1.38351085894 0.0 0.435 0.48 1
135 2.99512897508 2.12192427925 0.0 0.435 0.48 1
168 7.06510326502 8.97862032502 0.0 0.435 0.48 1
177 6.5181044451 8.90391980771 0.0 0.435 0.48 1
178 7.28272418837 9.16883218539 0.0 0.435 0.48 1
190 7.40942418437 9.44066569726 0.0 0.435 0.48 1
200 4.9873917028 9.00773682058 0.0 0.435 0.48 1
201 5.14944983721 9.48792033761 0.0 0.435 0.48 1
203 4.57488008793 8.7411538243 0.0 0.435 0.48 1
204 12.1227903144 7.06194347352 0.0 0.435 0.48 1
207 12.6447437863 3.2481598741 0.0 0.435 0.48 1
208 13.2567763251 2.77227223347 0.0 0.435 0.48 1
209 8.28138113355 2.89112481373 0.0 0.435 0.48 1
269 3.93696034066 9.22825847552 0.0 0.435 0.48 1
276 12.6466379723 4.45124392446 0.0 0.435 0.48 1
286 6.75403583299 4.29158051845 0.0 0.435 0.48 1
287 6.67174397513 4.63381867124 0.0 0.435 0.48 1
292 2.88231967632 12.4014791725 0.0 0.435 0.48 1
293 13.4365135287 8.62230124405 0.0 0.435 0.48 1
294 13.9153216531 8.83637908439 0.0 0.435 0.48 1
297 10.92398105 8.71824248353 0.0 0.435 0.48 1
298 3.79615918232 0.457272176251 0.0 0.435 0.48 1
299 6.0719184127 1.84961344778 0.0 0.435 0.48 1
300 4.58308822721 0.00572783519312 0.0 0.435 0.48 1
301 10.2521764201 9.34973631357 0.0 0.435 0.48 1
302 3.52844756287 5.79251199885 0.0 0.435 0.48 1
303 10.8269566345 1.84603355078 0.0 0.435 0.48 1
304 12.137312407 1.33721085779 0.0 0.435 0.48 1
305 4.59319055247 1.43530003548 0.0 0.435 0.48 1
306 13.3653763217 5.37366405035 0.0 0.435 0.48 1
307 13.9658332794 5.27820013046 0.0 0.435 0.48 1
310 14.5919669806 3.94743308726 0.0 0.435 0.48 1
311 12.9791728455 8.50153938539 0.0 0.435 0.48 1
312 12.8621542445 5.61471044806 0.0 0.435 0.48 1
313 13.6747600328 5.89871560972 0.0 0.435 0.48 1
314 13.3727426005 8.08531669469 0.0 0.435 0.48 1
315 14.5511367493 7.9110950409 0.0 0.435 0.48 1
375 7.38185325501 10.9444610953 0.0 0.435 0.48 1
378 14.8316867404 7.09917440228 0.0 0.435 0.48 1
379 6.77234629753 11.2862219284 0.0 0.435 0.48 1
399 3.18202199243 13.7212678649 0.0 0.435 0.48 1
408 7.78720905614 9.66572188839 0.0 0.435 0.48 1
409 7.71228347712 11.8907472011 0.0 0.435 0.48 1
411 3.71071034781 10.8046064526 0.0 0.435 0.48 1
413 4.8825800782 12.1456358672 0.0 0.435 0.48 1
414 8.62001949493 9.37121569555 0.0 0.435 0.48 1
