101 10.2483880481 1.94054283147 0.0 0.435 0.48 1
103 9.09209273582 1.50355673819 0.0 0.435 0.48 1
104 9.14092064126 2.4190557299 0.0 0.435 0.48 1
108 7.8189892877 6.14238726523 0.0 0.435 0.48 1
109 11.8346635794 5.27366559427 0.0 0.435 0.48 1
112 11.0517333715 5.19490786036 0.0 0.435 0.48 1
113 10.9494473283 4.53859341115 0.0 0.435 0.48 1
114 4.3381068396 11.2857446088 0.0 0.435 0.48 1
115 3.58401035181 11.4613982214 0.0 0.435 0.48 1
116 2.83685921264 7.72350843833 0.0 0.435 0.48 1
164 6.69889397427 9.72825075592 0.0 0.435 0.48 1
165 12.5647670446 9.21226826894 0.0 0.435 0.48 1
166 7.60515673632 5.87198571215 0.0 0.435 0.48 1
167 6.78055443681 11.5594873991 0.0 0.435 0.48 1
168 7.76090091744 4.36174649956 0.0 0.435 0.48 1
173 14.844314647 9.04449042974 0.0 0.435 0.48 1
177 8.12963578951 4.08537845149 0.0 0.435 0.48 1
178 9.00538111066 3.84361607439 0.0 0.435 0.48 1
180 6.70626025311 10.4313425259 0.0 0.435 0.48 1
182 11.2390473191 9.51083167838 0.0 0.435 0.48 1
186 15.0962413832 8.33471618539 0.0 0.435 0.48 1
187 3.55496616668 4.57582433991 0.0 0.435 0.48 1
189 10.1353682842 2.80902584263 0.0 0.435 0.48 1
190 8.52383693983 3.60376297567 0.0 0.435 0.48 1
191 14.6967786052 4.54432124634 0.0 0.435 0.48 1
195 15.1564344046 2.27060933447 0.0 0.435 0.48 1
196 14.1552518781 0.184006705579 0.0 0.435 0.48 1
255 6.406557937 6.22902077252 0.0 0.435 0.48 1
264 2.25597551008 2.89375007153 0.0 0.435 0.48 1
267 8.95949971676 9.7406610655 0.0 0.435 0.48 1
269 11.3714298731 6.42376716909 0.0 0.435 0.48 1
270 12.0021938066 6.39846923032 0.0 0.435 0.48 1
272 11.146653136 7.73591874791 0.0 0.435 0.48 1
273 10.292375256 7.25454193189 0.0 0.435 0.48 1
274 10.4329659492 6.78653006465 0.0 0.435 0.48 1
275 5.62194400832 6.53378933676 0.0 0.435 0.48 1
276 14.3537204765 6.36028366236 0.0 0.435 0.48 1
277 14.3766611734 5.37748260714 0.0 0.435 0.48 1
278 13.548480967 6.15861613161 0.0 0.435 0.48 1
279 13.6097263139 7.95882700084 0.0 0.435 0.48 1
280 15.1193925453 8.11204659226 0.0 0.435 0.48 1
363 4.76766612835 11.0804971811 0.0 0.435 0.48 1
364 5.03369402691 10.7299059353 0.0 0.435 0.48 1
367 4.21624754113 10.792196143 0.0 0.435 0.48 1
368 4.3271626539 10.2289590157 0.0 0.435 0.48 1
369 7.77142417292 12.5833379399 0.0 0.435 0.48 1
370 7.51255208808 12.7401374283 0.0 0.435 0.48 1
399 7.18106954042 11.011524499 0.0 0.435 0.48 1
403 14.1733518775 8.63232495564 0.0 0.435 0.48 1
404 10.7394031489 8.664066709 0.0 0.435 0.48 1
406 3.17423478337 13.5950168309 0.0 0.435 0.48 1
407 4.10743707945 5.76411148268 0.0 0.435 0.48 1
