140 2.63502317251 13.522225592 0.0 0.435 0.48 1
142 14.6990937214 6.35264654877 0.0 0.435 0.48 1
143 14.9783809218 6.03499035535 0.0 0.435 0.48 1
144 6.39813933262 1.43195879828 0.0 0.435 0.48 1
145 7.65145906044 2.13934644463 0.0 0.435 0.48 1
146 8.42954857072 2.79303563605 0.0 0.435 0.48 1
147 5.99741376389 1.93505365608 0.0 0.435 0.48 1
207 9.52480900121 8.50607392159 0.0 0.435 0.48 1
208 10.1654647949 8.34354659798 0.0 0.435 0.48 1
209 6.72856955473 11.833707509 0.0 0.435 0.48 1
214 3.57180337545 8.61561876966 0.0 0.435 0.48 1
215 3.76900918317 8.09152184948 0.0 0.435 0.48 1
216 3.02438362532 8.74950691729 0.0 0.435 0.48 1
218 7.92422184251 10.7356337705 0.0 0.435 0.48 1
220 7.95979044604 10.2098662317 0.0 0.435 0.48 1
224 11.3577496409 4.75481918969 0.0 0.435 0.48 1
225 8.05849858245 6.34572541458 0.0 0.435 0.48 1
226 10.7438229162 2.9121268761 0.0 0.435 0.48 1
227 11.4890798693 3.12572739685 0.0 0.435 0.48 1
228 12.7163019236 5.77246457567 0.0 0.435 0.48 1
229 12.354301935 3.20997430615 0.0 0.435 0.48 1
301 6.73951374043 11.6172430707 0.0 0.435 0.48 1
306 7.84445556596 6.97554862602 0.0 0.435 0.48 1
307 8.27801369179 7.19487698196 0.0 0.435 0.48 1
311 11.8028833478 7.81586978082 0.0 0.435 0.48 1
314 4.21245916915 10.522987889 0.0 0.435 0.48 1
320 10.0873822392 9.18983424777 0.0 0.435 0.48 1
323 3.25421152503 12.4313116475 0.0 0.435 0.48 1
324 2.78950456298 3.71283050414 0.0 0.435 0.48 1
326 3.04479874095 3.19016554277 0.0 0.435 0.48 1
327 8.09364625576 3.86485679656 0.0 0.435 0.48 1
328 8.50026484756 4.4171155731 0.0 0.435 0.48 1
329 10.8193798905 6.11708932646 0.0 0.435 0.48 1
330 10.7701310549 6.48510273761 0.0 0.435 0.48 1
331 10.6886810574 5.51638261058 0.0 0.435 0.48 1
332 12.0350263637 7.06528471072 0.0 0.435 0.48 1
333 12.1697240339 7.42422904949 0.0 0.435 0.48 1
334 13.0048495889 8.28555226665 0.0 0.435 0.48 1
335 14.1268390883 8.14450432502 0.0 0.435 0.48 1
336 14.256906526 5.39848466952 0.0 0.435 0.48 1
389 6.5530416533 7.77291101687 0.0 0.435 0.48 1
390 4.94698240175 8.27194865807 0.0 0.435 0.48 1
396 11.5461159141 8.30727030843 0.0 0.435 0.48 1
414 8.22918578636 8.36669659855 0.0 0.435 0.48 1
