101 6.59513467523 1.35869023977 0.0 0.435 0.48 1
103 4.72283706 0.9164536309 0.0 0.435 0.48 1
104 4.70578938612 1.64484333963 0.0 0.435 0.48 1
105 14.2063948997 9.97597962802 0.0 0.435 0.48 1
107 13.2803484174 8.50535794219 0.0 0.435 0.48 1
108 7.88423347168 6.10276973847 0.0 0.435 0.48 1
109 5.24479053187 4.34456299398 0.0 0.435 0.48 1
110 4.11017312588 8.8270713522 0.0 0.435 0.48 1
111 3.39606500892 8.17362082059 0.0 0.435 0.48 1
112 4.68853124713 3.46247637424 0.0 0.435 0.48 1
113 4.2135114947 2.95460832045 0.0 0.435 0.48 1
114 3.20138478251 4.44169753247 0.0 0.435 0.48 1
115 2.82023246898 5.0801124967 0.0 0.435 0.48 1
164 6.70962769486 9.64973168181 0.0 0.435 0.48 1
165 11.6124124236 9.1595244532 0.0 0.435 0.48 1
166 7.64830208379 5.88964653733 0.0 0.435 0.48 1
167 6.44423119162 11.1267971822 0.0 0.435 0.48 1
168 8.24686485557 3.29994905064 0.0 0.435 0.48 1
169 8.98917529722 5.12856043604 0.0 0.435 0.48 1
171 5.48935098925 -0.0152742271817 0.0 0.435 0.48 1
173 14.6799413964 8.82086619741 0.0 0.435 0.48 1
177 8.7700811181 2.53098717596 0.0 0.435 0.48 1
178 9.15417994316 2.54435212475 0.0 0.435 0.48 1
179 12.2389670549 6.85430944777 0.0 0.435 0.48 1
180 10.4742171107 6.11136149126 0.0 0.435 0.48 1
181 12.3107356573 5.46459343404 0.0 0.435 0.48 1
182 12.8735193605 5.11519548726 0.0 0.435 0.48 1
183 13.5960460818 3.2457732761 0.0 0.435 0.48 1
184 13.4041019018 4.11616556566 0.0 0.435 0.48 1
185 13.809457703 4.30017227124 0.0 0.435 0.48 1
186 14.036128626 3.00926141459 0.0 0.435 0.48 1
187 13.788411192 1.81142787983 0.0 0.435 0.48 1
188 8.98686018101 0.487581970815 0.0 0.435 0.48 1
189 5.29319750708 0.417654649499 0.0 0.435 0.48 1
255 6.61660211641 6.8280568698 0.0 0.435 0.48 1
257 7.01543349915 5.25839136709 0.0 0.435 0.48 1
258 2.04151156337 9.4986600286 0.0 0.435 0.48 1
261 14.6633146527 4.76174032388 0.0 0.435 0.48 1
262 14.7009879073 4.23477948612 0.0 0.435 0.48 1
264 8.86521134765 3.85029854878 0.0 0.435 0.48 1
266 10.4373857165 7.19965017796 0.0 0.435 0.48 1
267 9.79188922533 7.26122440628 0.0 0.435 0.48 1
269 11.680392654 6.29727747524 0.0 0.435 0.48 1
270 12.5491926265 6.26768366007 0.0 0.435 0.48 1
272 10.6682659418 7.66837802459 0.0 0.435 0.48 1
362 12.3052635645 0.270401553075 0.0 0.435 0.48 1
363 4.44544404551 11.0365837779 0.0 0.435 0.48 1
364 4.54604636791 11.3029281144 0.0 0.435 0.48 1
365 9.73464271551 5.66888622259 0.0 0.435 0.48 1
366 9.00790669197 5.83928931959 0.0 0.435 0.48 1
367 0.1683720877 13.293350844 0.0 0.435 0.48 1
368 0.649074398085 13.4441838375 0.0 0.435 0.48 1
399 5.80462772347 10.5630827353 0.0 0.435 0.48 1
403 10.3776136254 8.09629504548 0.0 0.435 0.48 1
404 6.77445094863 10.5132028372 0.0 0.435 0.48 1
405 7.76679394051 13.4883359004 0.0 0.435 0.48 1
