101 14.1161053677 5.72783519312 0.0 0.435 0.48 1
103 13.9313170014 5.10421713647 0.0 0.435 0.48 1
104 13.5040728289 5.50277900199 0.0 0.435 0.48 1
108 8.03934625748 6.00491922059 0.0 0.435 0.48 1
109 12.1183705471 5.1657913648 0.0 0.435 0.48 1
112 11.4278345224 5.3333305442 0.0 0.435 0.48 1
113 11.6797612587 4.63119341344 0.0 0.435 0.48 1
116 6.44023235454 11.4795363662 0.0 0.435 0.48 1
117 7.09814628723 11.5950477093 0.0 0.435 0.48 1
118 7.1652846572 9.79364354104 0.0 0.435 0.48 1
119 9.69128690293 1.17253559599 0.0 0.435 0.48 1
120 6.79423466893 8.10464813847 0.0 0.435 0.48 1
121 6.15757771231 8.12541154104 0.0 0.435 0.48 1
122 3.88623824924 5.51304137338 0.0 0.435 0.48 1
123 3.56822546859 5.85456354677 0.0 0.435 0.48 1
124 3.09509990215 2.79518357424 0.0 0.435 0.48 1
164 6.68563467236 9.825862614 0.0 0.435 0.48 1
165 12.1768798476 9.11680434905 0.0 0.435 0.48 1
166 7.55190906358 5.84979035078 0.0 0.435 0.48 1
168 9.13502761819 5.4149521957 0.0 0.435 0.48 1
177 8.34788810819 6.21159860714 0.0 0.435 0.48 1
178 8.92919274097 6.52042438797 0.0 0.435 0.48 1
180 14.4715809379 8.13829917023 0.0 0.435 0.48 1
189 14.6875181403 5.57270632331 0.0 0.435 0.48 1
190 8.72819856128 5.95551664205 0.0 0.435 0.48 1
255 6.36299165931 6.06410685092 0.0 0.435 0.48 1
269 10.8139077977 6.50658211959 0.0 0.435 0.48 1
270 11.6467182365 6.72256923833 0.0 0.435 0.48 1
272 12.1484670578 7.63806823003 0.0 0.435 0.48 1
273 4.77208589565 5.75933828668 0.0 0.435 0.48 1
274 5.01938239946 5.42091869069 0.0 0.435 0.48 1
276 14.6359541885 6.61851356565 0.0 0.435 0.48 1
277 13.8370286323 4.09922071988 0.0 0.435 0.48 1
279 8.48490089455 7.95405380485 0.0 0.435 0.48 1
280 7.57674394652 7.61969142545 0.0 0.435 0.48 1
281 7.97010323641 7.75310225349 0.0 0.435 0.48 1
282 14.3175204776 4.32642484921 0.0 0.435 0.48 1
283 14.9836425496 3.20782636795 0.0 0.435 0.48 1
367 15.0415204547 7.11325533046 0.0 0.435 0.48 1
369 4.45344171968 8.64903114162 0.0 0.435 0.48 1
370 4.07839289432 9.10630331787 0.0 0.435 0.48 1
371 5.37170099297 10.1704873648 0.0 0.435 0.48 1
372 5.70655098239 10.2022291182 0.0 0.435 0.48 1
373 13.9628867679 8.37218577395 0.0 0.435 0.48 1
399 4.89794403121 12.1146100933 0.0 0.435 0.48 1
