137 9.49197644411 11.5750002861 0.0 0.435 0.48 1
138 9.29371831084 11.2485136801 0.0 0.435 0.48 1
139 5.09220332739 10.359744586 0.0 0.435 0.48 1
140 4.78218822091 10.0406564337 0.0 0.435 0.48 1
142 6.55640909505 1.81930365322 0.0 0.435 0.48 1
143 6.60165909362 1.25702116509 0.0 0.435 0.48 1
144 4.54604636791 2.15581397081 0.0 0.435 0.48 1
145 3.57138244524 2.42144232789 0.0 0.435 0.48 1
146 2.60534759205 2.30402170643 0.0 0.435 0.48 1
147 2.49169643286 1.66035622661 0.0 0.435 0.48 1
168 3.37270338175 12.9551699078 0.0 0.435 0.48 1
177 2.84885572389 12.9157910409 0.0 0.435 0.48 1
178 2.76972084267 13.2670982661 0.0 0.435 0.48 1
207 11.5772647503 6.97005945063 0.0 0.435 0.48 1
208 12.287163565 6.71779604233 0.0 0.435 0.48 1
209 10.5030508308 10.5115322186 0.0 0.435 0.48 1
210 1.29330809865 3.96461659284 0.0 0.435 0.48 1
211 1.33098135327 12.971637434 0.0 0.435 0.48 1
212 4.33558125829 2.86606553476 0.0 0.435 0.48 1
213 4.06071382511 3.35054492818 0.0 0.435 0.48 1
214 8.95529041457 4.06914958511 0.0 0.435 0.48 1
215 9.3867438893 4.36747433476 0.0 0.435 0.48 1
216 8.65011600561 3.69922689556 0.0 0.435 0.48 1
217 13.2237333029 5.26889239827 0.0 0.435 0.48 1
218 11.0927740679 5.4147135359 0.0 0.435 0.48 1
219 13.5013367825 2.61022222947 0.0 0.435 0.48 1
220 13.9664646748 1.3317216824 0.0 0.435 0.48 1
221 7.71754510486 0.739845379112 0.0 0.435 0.48 1
222 11.2371531331 0.30834846123 0.0 0.435 0.48 1
269 3.38385803256 9.10463269927 0.0 0.435 0.48 1
276 12.7779682007 4.2481444349 0.0 0.435 0.48 1
301 6.58608467551 10.8294270718 0.0 0.435 0.48 1
306 7.63020208436 7.19797955936 0.0 0.435 0.48 1
307 8.19193346195 7.20299141515 0.0 0.435 0.48 1
311 11.494131032 9.65593683661 0.0 0.435 0.48 1
314 7.07162768342 10.5010311874 0.0 0.435 0.48 1
318 2.6697499156 4.06079649212 0.0 0.435 0.48 1
319 4.11648707917 4.51210217338 0.0 0.435 0.48 1
320 12.0230298525 8.22564865692 0.0 0.435 0.48 1
321 12.0238717129 6.04596870614 0.0 0.435 0.48 1
322 12.1770903127 5.73141509012 0.0 0.435 0.48 1
323 9.806621783 6.2505001545 0.0 0.435 0.48 1
324 13.3687437634 6.45336098425 0.0 0.435 0.48 1
325 12.9164542428 6.70968160914 0.0 0.435 0.48 1
326 13.6305623598 6.18510736937 0.0 0.435 0.48 1
327 14.7956972067 6.50753675879 0.0 0.435 0.48 1
389 4.98612891214 8.659293513 0.0 0.435 0.48 1
390 4.43260567382 8.59175278968 0.0 0.435 0.48 1
391 11.8702321829 8.53280381915 0.0 0.435 0.48 1
392 12.0687007813 8.64640588382 0.0 0.435 0.48 1
394 13.709697241 7.52255688697 0.0 0.435 0.48 1
395 5.51334401175 9.51727549297 0.0 0.435 0.48 1
396 4.05145336029 9.99984560799 0.0 0.435 0.48 1
399 3.8066824378 11.5351440996 0.0 0.435 0.48 1
414 11.0243729073 7.92708524748 0.0 0.435 0.48 1
415 11.5957856799 10.1012760229 0.0 0.435 0.48 1
