29 15.0091088278 8.04832442574 0.0 0.435 0.48 1
94 6.31269049811 9.91965591529 0.0 0.435 0.48 1
95 5.94921725378 9.60963683546 0.0 0.435 0.48 1
99 12.0596507815 4.5822681545 0.0 0.435 0.48 1
100 9.48439970016 4.36246247896 0.0 0.435 0.48 1
101 1.8781906383 1.62861447324 0.0 0.435 0.48 1
102 1.02307089789 1.997105204 0.0 0.435 0.48 1
103 0.333797663866 1.61119230787 0.0 0.435 0.48 1
105 0.636025561288 4.6643671256 0.0 0.435 0.48 1
106 3.39017198585 3.35269286637 0.0 0.435 0.48 1
158 9.58163458081 7.56217441372 0.0 0.435 0.48 1
159 8.87762878911 7.75572751129 0.0 0.435 0.48 1
160 9.3080299383 7.25573523089 0.0 0.435 0.48 1
164 6.18241259525 9.3284955914 0.0 0.435 0.48 1
165 7.09056954328 8.42707752788 0.0 0.435 0.48 1
166 9.65024620655 1.29114951645 0.0 0.435 0.48 1
167 13.6465577081 1.53315055336 0.0 0.435 0.48 1
250 0.677487187885 13.5374998191 0.0 0.435 0.48 1
254 0.0814499974251 4.0779799977 0.0 0.435 0.48 1
255 8.76713460656 5.69322952216 0.0 0.435 0.48 1
257 10.2626996756 1.43577735508 0.0 0.435 0.48 1
258 6.92788001354 9.72132962173 0.0 0.435 0.48 1
259 6.92156606025 6.65550583461 0.0 0.435 0.48 1
260 6.84432536502 7.28151048926 0.0 0.435 0.48 1
261 14.1983972256 3.26677533848 0.0 0.435 0.48 1
262 14.7748611608 3.04386708555 0.0 0.435 0.48 1
263 5.92711841727 4.40279598511 0.0 0.435 0.48 1
264 15.0941367321 6.9948800698 0.0 0.435 0.48 1
358 5.11977425675 9.53636827695 0.0 0.435 0.48 1
359 4.45302078946 9.59483992788 0.0 0.435 0.48 1
360 4.80260333654 9.70963529154 0.0 0.435 0.48 1
361 4.19625335571 4.998729505 0.0 0.435 0.48 1
365 7.83729975224 13.2997946586 0.0 0.435 0.48 1
397 12.3883972828 6.2466815977 0.0 0.435 0.48 1
399 4.37346497802 11.2504229585 0.0 0.435 0.48 1
403 5.97826143891 10.8282337728 0.0 0.435 0.48 1
