4 6.60734165158 10.7766832561 0.0 0.435 0.48 1
18 11.3440694088 6.71898934133 0.0 0.435 0.48 1
19 9.96678573143 6.42877902488 0.0 0.435 0.48 1
25 10.0602322401 3.0787114163 0.0 0.435 0.48 1
26 3.44931268165 4.46747279084 0.0 0.435 0.48 1
27 3.67619406983 3.94981968526 0.0 0.435 0.48 1
28 1.8520929647 4.44694804806 0.0 0.435 0.48 1
29 8.87257762648 7.4989295668 0.0 0.435 0.48 1
30 8.86184390589 7.0812749173 0.0 0.435 0.48 1
31 -0.0631395328877 12.9592271244 0.0 0.435 0.48 1
33 8.12626834775 9.54830126694 0.0 0.435 0.48 1
34 8.49205670828 9.4153677585 0.0 0.435 0.48 1
35 7.10761721716 7.42231977109 0.0 0.435 0.48 1
36 11.8687589271 9.28052497166 0.0 0.435 0.48 1
42 0.873851135165 4.54599186494 0.0 0.435 0.48 1
43 2.23198248758 0.551542797138 0.0 0.435 0.48 1
46 4.64433357411 10.5353981986 0.0 0.435 0.48 1
47 5.02864286428 10.8454172784 0.0 0.435 0.48 1
51 4.49658706715 10.8177327416 0.0 0.435 0.48 1
53 4.1019649866 11.2368193499 0.0 0.435 0.48 1
54 3.92159638765 11.018684293 0.0 0.435 0.48 1
55 8.641276471 8.9919852738 0.0 0.435 0.48 1
56 5.9582672535 5.09132950729 0.0 0.435 0.48 1
60 8.01514276987 9.10081414247 0.0 0.435 0.48 1
61 7.69186836148 9.35283889097 0.0 0.435 0.48 1
65 0.978241829539 13.4114874449 0.0 0.435 0.48 1
67 4.86174403235 8.33758010299 0.0 0.435 0.48 1
68 5.33444866857 11.8380033854 0.0 0.435 0.48 1
69 7.24252535243 6.71612542374 0.0 0.435 0.48 1
70 4.83775100985 11.16522141 0.0 0.435 0.48 1
71 7.35028348856 8.96239145864 0.0 0.435 0.48 1
72 7.63230673546 9.08959713189 0.0 0.435 0.48 1
73 7.80215207893 3.21450884234 0.0 0.435 0.48 1
74 10.0194020088 4.01903102717 0.0 0.435 0.48 1
75 9.46861481694 8.07195174591 0.0 0.435 0.48 1
76 10.1397880515 7.54690018654 0.0 0.435 0.48 1
77 12.0398670612 7.4165919359 0.0 0.435 0.48 1
78 11.5269635891 6.10825891387 0.0 0.435 0.48 1
79 11.9544182267 5.48917539341 0.0 0.435 0.48 1
80 11.1115054627 8.59175278968 0.0 0.435 0.48 1
81 11.6862856771 8.30392907123 0.0 0.435 0.48 1
82 8.78670786176 8.76907702087 0.0 0.435 0.48 1
83 9.41936598129 8.93518424147 0.0 0.435 0.48 1
84 4.80491845275 5.2505155937 0.0 0.435 0.48 1
85 4.24150335428 3.82643256881 0.0 0.435 0.48 1
86 12.3046321691 7.2466661585 0.0 0.435 0.48 1
87 13.9860379299 5.9130351977 0.0 0.435 0.48 1
88 14.5176727969 5.46865065063 0.0 0.435 0.48 1
89 13.7854646805 6.75789088869 0.0 0.435 0.48 1
90 13.2224705122 8.15333473761 0.0 0.435 0.48 1
151 9.64666829969 0.532211353361 0.0 0.435 0.48 1
241 15.0023739443 1.53601447096 0.0 0.435 0.48 1
242 14.2432262939 8.12039968525 0.0 0.435 0.48 1
243 14.752130929 8.19390690356 0.0 0.435 0.48 1
399 3.3015661747 13.4682884772 0.0 0.435 0.48 1
