144 13.6652891029 2.45008150386 0.0 0.435 0.48 1
145 14.3583507089 3.3333614226 0.0 0.435 0.48 1
146 14.5599762839 4.07249082231 0.0 0.435 0.48 1
147 13.2931867891 2.94410728927 0.0 0.435 0.48 1
148 3.40806152017 0.472546403433 0.0 0.435 0.48 1
207 7.74764161553 11.4177234781 0.0 0.435 0.48 1
208 8.00377765395 11.2582987319 0.0 0.435 0.48 1
209 5.49524401232 11.7952832812 0.0 0.435 0.48 1
214 5.12461495427 10.4248987113 0.0 0.435 0.48 1
215 4.44923241748 10.3101033476 0.0 0.435 0.48 1
216 4.35073474618 10.7676141837 0.0 0.435 0.48 1
225 4.7973417088 9.56047291672 0.0 0.435 0.48 1
228 11.3133415028 10.8022198546 0.0 0.435 0.48 1
229 9.24867877738 9.07384558511 0.0 0.435 0.48 1
230 0.307699990273 0.689010841773 0.0 0.435 0.48 1
301 6.28259398743 11.3346698678 0.0 0.435 0.48 1
306 7.93011486558 6.90395068611 0.0 0.435 0.48 1
307 8.35125554994 7.18795584777 0.0 0.435 0.48 1
314 3.32240222055 10.9208337751 0.0 0.435 0.48 1
320 9.0893566894 10.1382682918 0.0 0.435 0.48 1
329 2.60976735936 1.17730879199 0.0 0.435 0.48 1
330 2.40982550521 2.28516758226 0.0 0.435 0.48 1
331 2.92441269825 0.509538672388 0.0 0.435 0.48 1
332 8.28537997063 9.5752698243 0.0 0.435 0.48 1
333 8.68189623716 9.56357549412 0.0 0.435 0.48 1
334 10.9523938398 12.0709353499 0.0 0.435 0.48 1
335 12.9825402873 8.20798783174 0.0 0.435 0.48 1
336 10.0097206138 8.36741257795 0.0 0.435 0.48 1
337 11.3811112681 0.669918057796 0.0 0.435 0.48 1
338 12.5226740227 -0.0238659799713 0.0 0.435 0.48 1
339 6.88073582899 3.74003772131 0.0 0.435 0.48 1
340 6.89062768914 2.96415471244 0.0 0.435 0.48 1
389 8.39440089741 6.20515479255 0.0 0.435 0.48 1
390 7.89475672716 6.31374500142 0.0 0.435 0.48 1
414 4.12406382311 10.1144023119 0.0 0.435 0.48 1
