29 15.0349960363 8.05405226093 0.0 0.435 0.48 1
94 6.38993119334 9.9984136492 0.0 0.435 0.48 1
95 5.934274231 9.65665281601 0.0 0.435 0.48 1
99 14.1373623438 4.92498362689 0.0 0.435 0.48 1
100 11.2809298759 5.28631456365 0.0 0.435 0.48 1
101 2.78255921436 1.7529562289 0.0 0.435 0.48 1
102 1.48967204593 1.57157478111 0.0 0.435 0.48 1
103 0.967508108949 1.67443715479 0.0 0.435 0.48 1
104 0.773038347655 2.51046243319 0.0 0.435 0.48 1
105 2.71499991417 4.95219084405 0.0 0.435 0.48 1
106 5.67161377419 3.59039802689 0.0 0.435 0.48 1
107 0.886268576633 3.828580507 0.0 0.435 0.48 1
108 0.0631395328877 3.7469588555 0.0 0.435 0.48 1
158 9.13586947862 8.10154556107 0.0 0.435 0.48 1
159 8.5623520549 8.45165948725 0.0 0.435 0.48 1
160 8.82774855813 7.92350535049 0.0 0.435 0.48 1
164 6.30469282394 9.39794559312 0.0 0.435 0.48 1
165 8.11574509227 8.89055485893 0.0 0.435 0.48 1
166 9.14954971075 2.31094284063 0.0 0.435 0.48 1
167 12.4542728621 2.73862120171 0.0 0.435 0.48 1
168 3.29188477965 0.0768484555077 0.0 0.435 0.48 1
255 8.74587763049 5.63523519083 0.0 0.435 0.48 1
257 9.91395898891 2.44554696766 0.0 0.435 0.48 1
258 6.64375211555 10.0475775679 0.0 0.435 0.48 1
259 5.4904033148 6.28868572245 0.0 0.435 0.48 1
260 5.49503354721 6.71159088754 0.0 0.435 0.48 1
261 14.1840855981 3.29278925665 0.0 0.435 0.48 1
262 14.752130929 3.06033461173 0.0 0.435 0.48 1
263 3.62273593198 4.0841851525 0.0 0.435 0.48 1
264 14.2131297832 6.64237954562 0.0 0.435 0.48 1
265 15.0482553382 7.11206203146 0.0 0.435 0.48 1
358 5.54217773177 8.71895846293 0.0 0.435 0.48 1
359 4.72325799022 8.76287186608 0.0 0.435 0.48 1
360 5.12924518668 8.84449351758 0.0 0.435 0.48 1
361 1.94469761294 3.54648462374 0.0 0.435 0.48 1
365 7.86213463517 12.7191353659 0.0 0.435 0.48 1
366 7.19790674919 13.4260456927 0.0 0.435 0.48 1
397 12.6148577407 5.41996405149 0.0 0.435 0.48 1
399 4.86595333454 11.0404023347 0.0 0.435 0.48 1
403 5.35107541223 10.2451878821 0.0 0.435 0.48 1
404 3.08163013514 10.6163038707 0.0 0.435 0.48 1
