101 11.0424729067 2.33886603719 0.0 0.435 0.48 1
103 10.067808984 1.90164128412 0.0 0.435 0.48 1
104 10.1759880504 2.79422893505 0.0 0.435 0.48 1
108 7.8429823102 6.14405788382 0.0 0.435 0.48 1
109 11.9201124139 5.06364497052 0.0 0.435 0.48 1
112 11.1272903459 5.15815425121 0.0 0.435 0.48 1
113 11.0576263946 4.54503722574 0.0 0.435 0.48 1
114 3.96074289804 11.8859740051 0.0 0.435 0.48 1
115 3.30851152331 11.998144111 0.0 0.435 0.48 1
116 3.6383103501 8.8263553728 0.0 0.435 0.48 1
117 1.06537438492 0.967049508439 0.0 0.435 0.48 1
164 6.69763118361 9.73779714791 0.0 0.435 0.48 1
165 12.8928821506 9.28028631186 0.0 0.435 0.48 1
166 7.60010557369 5.86983777395 0.0 0.435 0.48 1
167 6.80160094777 11.6069806993 0.0 0.435 0.48 1
168 7.65777301372 4.46914340943 0.0 0.435 0.48 1
173 14.8640983673 9.07145898711 0.0 0.435 0.48 1
177 7.99262300314 4.21520938254 0.0 0.435 0.48 1
178 9.00643343621 4.3300047462 0.0 0.435 0.48 1
180 7.15960209924 10.0454296297 0.0 0.435 0.48 1
182 11.2986089451 9.54448271014 0.0 0.435 0.48 1
187 1.93228017147 4.70398465235 0.0 0.435 0.48 1
189 11.0643612781 3.28324286466 0.0 0.435 0.48 1
190 8.45375205833 3.92189648869 0.0 0.435 0.48 1
195 14.1413611808 3.0787114163 0.0 0.435 0.48 1
196 11.9611531102 0.509777332188 0.0 0.435 0.48 1
255 6.40234863481 6.21303056594 0.0 0.435 0.48 1
264 1.54334064888 2.93551553648 0.0 0.435 0.48 1
267 9.02263924965 9.74901415849 0.0 0.435 0.48 1
269 11.3305996418 6.45073572645 0.0 0.435 0.48 1
270 11.9790426446 6.42114191129 0.0 0.435 0.48 1
272 11.9487356688 7.38103162574 0.0 0.435 0.48 1
273 9.67950085679 7.23353986951 0.0 0.435 0.48 1
274 9.75589969158 6.82161305521 0.0 0.435 0.48 1
275 3.9335928989 6.01494293218 0.0 0.435 0.48 1
276 14.3897100102 6.45240634505 0.0 0.435 0.48 1
277 14.3526681509 5.35695786437 0.0 0.435 0.48 1
278 13.4520879468 4.95648672045 0.0 0.435 0.48 1
279 12.8453170358 7.73257751072 0.0 0.435 0.48 1
280 14.3903414055 8.07028112731 0.0 0.435 0.48 1
281 14.9360774348 8.18078061458 0.0 0.435 0.48 1
363 4.78260915113 11.1117616149 0.0 0.435 0.48 1
364 5.02127658545 10.806515731 0.0 0.435 0.48 1
367 4.44165567354 10.3320600492 0.0 0.435 0.48 1
368 4.94340449488 9.68195075478 0.0 0.435 0.48 1
369 7.85476835633 12.2074487553 0.0 0.435 0.48 1
370 7.70239161697 12.4473018541 0.0 0.435 0.48 1
399 7.06552419524 11.0203549116 0.0 0.435 0.48 1
403 14.2646937351 8.56072701572 0.0 0.435 0.48 1
404 11.3903717329 8.47719608582 0.0 0.435 0.48 1
407 3.53833942302 5.1603021894 0.0 0.435 0.48 1
