101 6.90388699105 1.32289126981 0.0 0.435 0.48 1
103 5.91154399916 1.7515242701 0.0 0.435 0.48 1
104 6.091702133 2.38731397653 0.0 0.435 0.48 1
108 7.70702184938 6.13379551244 0.0 0.435 0.48 1
109 9.37558923849 5.1662686844 0.0 0.435 0.48 1
110 3.88644871435 11.8597214272 0.0 0.435 0.48 1
111 3.87192662178 11.348750796 0.0 0.435 0.48 1
112 8.0968032324 4.69992743576 0.0 0.435 0.48 1
113 7.33197302402 4.51067021458 0.0 0.435 0.48 1
114 5.54428238287 8.40082494991 0.0 0.435 0.48 1
115 4.97139635446 8.69055794677 0.0 0.435 0.48 1
164 6.70478699734 9.68433735277 0.0 0.435 0.48 1
165 11.6692380032 9.23565692931 0.0 0.435 0.48 1
166 7.62936022393 5.88177076394 0.0 0.435 0.48 1
167 6.68268816083 11.3375337854 0.0 0.435 0.48 1
168 8.01745788607 3.7469588555 0.0 0.435 0.48 1
169 10.0324508456 8.39247185692 0.0 0.435 0.48 1
173 14.7523413941 8.91919403489 0.0 0.435 0.48 1
177 8.59897298397 3.22453255393 0.0 0.435 0.48 1
178 9.21795087138 3.22405523433 0.0 0.435 0.48 1
179 11.0275298839 9.34186054018 0.0 0.435 0.48 1
180 7.87139509999 9.00535022259 0.0 0.435 0.48 1
181 11.1885356928 8.29295072044 0.0 0.435 0.48 1
182 12.0716472928 7.72923627352 0.0 0.435 0.48 1
183 13.5838391055 7.27912389126 0.0 0.435 0.48 1
186 14.70603907 6.53426665635 0.0 0.435 0.48 1
187 8.27127880828 4.27201041487 0.0 0.435 0.48 1
189 6.36088700821 1.49210106781 0.0 0.435 0.48 1
190 8.11342997606 1.64675261802 0.0 0.435 0.48 1
191 11.0170066285 0.0696886615163 0.0 0.435 0.48 1
192 2.81875921321 0.485195372817 0.0 0.435 0.48 1
193 3.54381151587 0.150594333619 0.0 0.435 0.48 1
255 6.44338933119 6.68509964977 0.0 0.435 0.48 1
264 7.09120093861 3.39063977453 0.0 0.435 0.48 1
266 9.24257528921 9.53851621515 0.0 0.435 0.48 1
267 8.73156600303 9.0771868223 0.0 0.435 0.48 1
269 11.5486414954 6.33999757939 0.0 0.435 0.48 1
270 12.1406798487 6.30061871244 0.0 0.435 0.48 1
272 10.7968601238 7.84665689498 0.0 0.435 0.48 1
273 13.8606007246 6.78820068325 0.0 0.435 0.48 1
274 13.9622553726 6.51063933618 0.0 0.435 0.48 1
275 13.2803484174 7.90441256651 0.0 0.435 0.48 1
363 4.69800217706 10.9337214043 0.0 0.435 0.48 1
364 4.67906031719 10.7241781001 0.0 0.435 0.48 1
365 13.6263530576 1.59377014249 0.0 0.435 0.48 1
366 13.0067437749 1.22957528812 0.0 0.435 0.48 1
367 2.66069991589 12.0308405036 0.0 0.435 0.48 1
368 3.19128245725 11.99933741 0.0 0.435 0.48 1
399 6.12095678324 10.8788296503 0.0 0.435 0.48 1
403 12.5609786727 8.30034917423 0.0 0.435 0.48 1
404 7.59358115529 10.1191755079 0.0 0.435 0.48 1
406 4.18152079804 10.8836028463 0.0 0.435 0.48 1
407 3.97589638594 9.37718219054 0.0 0.435 0.48 1
