123 7.88970556453 10.0697729293 0.0 0.435 0.48 1
125 2.01562435488 9.09484764748 0.0 0.435 0.48 1
126 4.55972660004 9.76739096307 0.0 0.435 0.48 1
127 4.61886729584 9.23327033131 0.0 0.435 0.48 1
128 8.0923834651 3.00711347639 0.0 0.435 0.48 1
129 8.21424276357 2.17514541459 0.0 0.435 0.48 1
130 12.9983251705 0.205247427754 0.0 0.435 0.48 1
131 12.5376170455 -0.112408765665 0.0 0.435 0.48 1
132 2.52747550149 9.06477651272 0.0 0.435 0.48 1
133 2.38393829673 8.8282646512 0.0 0.435 0.48 1
166 7.4363637184 5.80229705063 0.0 0.435 0.48 1
168 7.83477417092 7.88221720514 0.0 0.435 0.48 1
177 7.3117683735 8.02708370356 0.0 0.435 0.48 1
178 8.05597300114 8.20512391415 0.0 0.435 0.48 1
190 7.69060557083 8.67385176079 0.0 0.435 0.48 1
198 8.31400322554 12.3888302031 0.0 0.435 0.48 1
200 8.55793228759 6.22066767953 0.0 0.435 0.48 1
201 8.56529856643 6.71875068153 0.0 0.435 0.48 1
202 14.1432553668 3.69922689556 0.0 0.435 0.48 1
203 8.01009160724 6.08582489269 0.0 0.435 0.48 1
204 12.2764298445 3.75220937109 0.0 0.435 0.48 1
205 14.755919301 4.68178929098 0.0 0.435 0.48 1
269 4.06134522044 9.33541672559 0.0 0.435 0.48 1
276 12.6144368105 4.56245939112 0.0 0.435 0.48 1
286 11.4387787081 6.28080994906 0.0 0.435 0.48 1
287 11.3781647566 6.69894191816 0.0 0.435 0.48 1
288 2.63544410273 3.59039802689 0.0 0.435 0.48 1
289 2.70195107737 4.09826608068 0.0 0.435 0.48 1
291 5.06084402606 6.19966561716 0.0 0.435 0.48 1
292 6.18241259525 9.21226826894 0.0 0.435 0.48 1
293 13.2828739987 8.26359556508 0.0 0.435 0.48 1
294 13.7265344498 8.69676310156 0.0 0.435 0.48 1
295 4.77692659317 3.87559648755 0.0 0.435 0.48 1
296 5.03748239889 3.63073153304 0.0 0.435 0.48 1
297 11.4048938255 9.28052497166 0.0 0.435 0.48 1
298 9.15986250112 5.17438311759 0.0 0.435 0.48 1
299 9.85292410712 4.36938361315 0.0 0.435 0.48 1
300 9.31013458939 4.64073980543 0.0 0.435 0.48 1
301 11.7803635811 9.11250847266 0.0 0.435 0.48 1
302 9.99540898634 7.60274657967 0.0 0.435 0.48 1
303 11.4989717295 5.46268415564 0.0 0.435 0.48 1
304 12.0110333412 4.98226197882 0.0 0.435 0.48 1
305 10.7017298942 4.43286711988 0.0 0.435 0.48 1
306 13.6076216628 5.35671920457 0.0 0.435 0.48 1
307 14.1575669943 5.30015683204 0.0 0.435 0.48 1
308 14.2177600156 9.37431827294 0.0 0.435 0.48 1
309 15.065092547 3.7517320515 0.0 0.435 0.48 1
371 13.8033542148 2.03051757596 0.0 0.435 0.48 1
372 13.3750577167 2.69685573676 0.0 0.435 0.48 1
375 7.35638697674 10.4850409808 0.0 0.435 0.48 1
376 6.98133815139 10.6306234586 0.0 0.435 0.48 1
378 10.6404845473 8.41944041429 0.0 0.435 0.48 1
379 5.93511609144 10.5248971674 0.0 0.435 0.48 1
380 6.36656956617 10.5129641774 0.0 0.435 0.48 1
382 4.96024170365 7.4996455462 0.0 0.435 0.48 1
386 10.1492589815 0.162050004005 0.0 0.435 0.48 1
387 9.95984038281 1.09043662489 0.0 0.435 0.48 1
388 10.2993206046 2.53408975336 0.0 0.435 0.48 1
399 3.66567081435 13.0057657854 0.0 0.435 0.48 1
408 9.38316598243 8.37361773275 0.0 0.435 0.48 1
409 7.14066023937 12.6525492818 0.0 0.435 0.48 1
411 5.76758586418 10.9976822306 0.0 0.435 0.48 1
412 5.74443470212 12.1119848355 0.0 0.435 0.48 1
413 6.20872073395 11.9079307067 0.0 0.435 0.48 1
