26 6.77276722775 4.88775269813 0.0 0.435 0.48 1
27 6.58608467551 3.88371092074 0.0 0.435 0.48 1
28 6.18430678124 4.40136402632 0.0 0.435 0.48 1
29 14.5873367481 8.20058937795 0.0 0.435 0.48 1
30 15.0413099896 8.09056721029 0.0 0.435 0.48 1
56 2.44855108538 5.05481455793 0.0 0.435 0.48 1
77 3.53307779528 11.6795332784 0.0 0.435 0.48 1
80 3.85445801768 12.8432384618 0.0 0.435 0.48 1
81 4.01588475676 12.13036164 0.0 0.435 0.48 1
82 3.1858103644 13.4477637345 0.0 0.435 0.48 1
94 6.17020561889 8.78268062945 0.0 0.435 0.48 1
95 4.52710450805 4.97796610242 0.0 0.435 0.48 1
96 6.82454164472 2.65747686981 0.0 0.435 0.48 1
97 6.72036141545 2.18325984778 0.0 0.435 0.48 1
158 11.7969903247 4.71472434334 0.0 0.435 0.48 1
159 10.9639694208 4.21855061973 0.0 0.435 0.48 1
160 11.5124414965 4.17654649499 0.0 0.435 0.48 1
161 14.9607018526 5.2450264183 0.0 0.435 0.48 1
162 14.172299552 3.78729236165 0.0 0.435 0.48 1
163 14.7839111605 3.50829905579 0.0 0.435 0.48 1
164 5.09325565294 1.43195879828 0.0 0.435 0.48 1
165 5.0421126313 0.0503572177395 0.0 0.435 0.48 1
247 4.34231614179 10.7208368629 0.0 0.435 0.48 1
248 4.54604636791 10.7079492337 0.0 0.435 0.48 1
249 4.53889055418 11.0793038821 0.0 0.435 0.48 1
250 4.92298937925 10.184568293 0.0 0.435 0.48 1
254 8.26328113412 3.46963616823 0.0 0.435 0.48 1
255 11.0401577905 5.52759962116 0.0 0.435 0.48 1
256 12.6371670424 1.80856396223 0.0 0.435 0.48 1
257 12.7417682018 4.13549700943 0.0 0.435 0.48 1
258 12.6569507627 6.22329293733 0.0 0.435 0.48 1
259 14.2992100131 6.9123037791 0.0 0.435 0.48 1
260 14.5877576784 7.35835894477 0.0 0.435 0.48 1
261 15.1318099867 1.45081292246 0.0 0.435 0.48 1
349 10.2565961874 5.93475323947 0.0 0.435 0.48 1
350 11.6871275375 6.12401046065 0.0 0.435 0.48 1
351 9.72096248338 6.36028366236 0.0 0.435 0.48 1
352 9.75863573801 6.78581408525 0.0 0.435 0.48 1
353 9.74684969187 5.91995633189 0.0 0.435 0.48 1
354 8.90267413716 6.77793831186 0.0 0.435 0.48 1
355 3.56759407326 9.53732291615 0.0 0.435 0.48 1
356 3.91465103903 9.50009198739 0.0 0.435 0.48 1
357 3.61621151359 10.3852811845 0.0 0.435 0.48 1
358 2.49127550264 12.5826219605 0.0 0.435 0.48 1
359 2.39930224973 13.0401327965 0.0 0.435 0.48 1
360 2.86232549091 13.0785570243 0.0 0.435 0.48 1
361 12.8804647091 11.4795363662 0.0 0.435 0.48 1
397 11.2647240625 7.13592801143 0.0 0.435 0.48 1
399 3.46657082064 12.6220008274 0.0 0.435 0.48 1
