101 7.16107535501 1.53625313076 0.0 0.435 0.48 1
103 6.00814748448 1.82240623061 0.0 0.435 0.48 1
104 6.31753119563 2.4968588246 0.0 0.435 0.48 1
108 7.72301719771 6.13498881143 0.0 0.435 0.48 1
109 9.96552294077 5.29824755364 0.0 0.435 0.48 1
110 3.7412277887 12.3041059742 0.0 0.435 0.48 1
111 3.63641616411 11.9064987479 0.0 0.435 0.48 1
112 8.64380205232 4.83763414019 0.0 0.435 0.48 1
113 8.13573927768 4.80231248983 0.0 0.435 0.48 1
114 5.43526145608 9.02134042917 0.0 0.435 0.48 1
115 5.05831844474 9.23374765091 0.0 0.435 0.48 1
164 6.7039451369 9.69054250756 0.0 0.435 0.48 1
165 11.6795507936 9.24949919769 0.0 0.435 0.48 1
166 7.62599278217 5.88057746494 0.0 0.435 0.48 1
167 6.69678932317 11.3692755387 0.0 0.435 0.48 1
168 7.88886370409 3.98561865521 0.0 0.435 0.48 1
169 10.1639915391 8.89294145692 0.0 0.435 0.48 1
173 14.7653902309 8.93709351987 0.0 0.435 0.48 1
177 8.56887647329 3.35221554678 0.0 0.435 0.48 1
178 9.27624970675 3.30496090643 0.0 0.435 0.48 1
179 11.3343880138 9.62586570184 0.0 0.435 0.48 1
180 7.56369510972 9.46405435764 0.0 0.435 0.48 1
181 11.0159543029 8.7490295977 0.0 0.435 0.48 1
182 11.5225438218 8.12923009784 0.0 0.435 0.48 1
183 13.7930414244 7.70871153074 0.0 0.435 0.48 1
186 14.5422972147 7.12900687724 0.0 0.435 0.48 1
187 7.67397882717 4.4977825854 0.0 0.435 0.48 1
189 6.55704049038 1.64245674163 0.0 0.435 0.48 1
190 8.28790555194 2.26034696309 0.0 0.435 0.48 1
191 11.5513775418 0.804044865235 0.0 0.435 0.48 1
192 2.8097092135 0.817409814019 0.0 0.435 0.48 1
193 2.97723944076 0.352500524177 0.0 0.435 0.48 1
255 6.43223468038 6.53020943976 0.0 0.435 0.48 1
264 6.6142870002 3.21546348154 0.0 0.435 0.48 1
266 9.16575552419 9.78815436565 0.0 0.435 0.48 1
267 8.73114507282 9.37049971615 0.0 0.435 0.48 1
269 11.524858938 6.34787335278 0.0 0.435 0.48 1
270 12.0947984549 6.30753984663 0.0 0.435 0.48 1
272 10.8233787276 7.87338679255 0.0 0.435 0.48 1
273 13.4053646925 6.76815326007 0.0 0.435 0.48 1
274 13.4981798058 6.4972743874 0.0 0.435 0.48 1
275 12.3103147271 7.63281771444 0.0 0.435 0.48 1
363 4.70810450232 10.9547234666 0.0 0.435 0.48 1
364 4.73041380394 10.6081894375 0.0 0.435 0.48 1
365 14.4886286117 0.627436613447 0.0 0.435 0.48 1
366 13.8486042134 0.118852580257 0.0 0.435 0.48 1
367 2.97997548719 11.7568590535 0.0 0.435 0.48 1
368 3.3628115216 11.7341863725 0.0 0.435 0.48 1
399 6.52441839839 10.9127193419 0.0 0.435 0.48 1
403 12.9175065684 8.37170845435 0.0 0.435 0.48 1
404 7.97010323641 9.87598117194 0.0 0.435 0.48 1
406 4.17710103074 11.1730971834 0.0 0.435 0.48 1
407 4.10343824237 9.04449042974 0.0 0.435 0.48 1
