1 9.4349403994 3.48252379742 0.0 0.435 0.48 1
2 9.5530113259 2.95222172246 0.0 0.435 0.48 1
3 9.58626481322 2.42526088469 0.0 0.435 0.48 1
4 12.5552961147 3.50829905579 0.0 0.435 0.48 1
5 10.2683822335 1.62288663805 0.0 0.435 0.48 1
6 10.2824833959 0.761324761086 0.0 0.435 0.48 1
7 7.05184396311 1.96894334764 0.0 0.435 0.48 1
8 6.51978816598 1.43458405608 0.0 0.435 0.48 1
9 7.02427303375 4.28990989985 0.0 0.435 0.48 1
10 3.08541850711 3.44863410586 0.0 0.435 0.48 1
11 11.1651740656 6.22902077252 0.0 0.435 0.48 1
12 5.59184749764 6.26267180428 0.0 0.435 0.48 1
13 4.05713591825 5.44597796966 0.0 0.435 0.48 1
14 4.39156497745 5.02832332016 0.0 0.435 0.48 1
15 4.65969752711 4.61090733046 0.0 0.435 0.48 1
16 4.31306149156 4.04289700715 0.0 0.435 0.48 1
17 5.2586812291 5.16865528239 0.0 0.435 0.48 1
18 2.27428597461 2.62525779685 0.0 0.435 0.48 1
19 2.29912085755 1.29854797024 0.0 0.435 0.48 1
20 5.53333819716 0.572783519312 0.0 0.435 0.48 1
21 2.40940457499 0.347727328182 0.0 0.435 0.48 1
22 10.4304403679 5.12140064205 0.0 0.435 0.48 1
23 10.5809229213 5.38082384434 0.0 0.435 0.48 1
25 5.18038820832 9.95545488525 0.0 0.435 0.48 1
26 5.53270680184 10.6189291285 0.0 0.435 0.48 1
27 5.09388704827 10.9287095485 0.0 0.435 0.48 1
28 5.20459169593 10.5828914987 0.0 0.435 0.48 1
29 4.27433591138 11.4730925516 0.0 0.435 0.48 1
30 4.46186032406 11.1215466666 0.0 0.435 0.48 1
31 6.10411957447 8.22922855392 0.0 0.435 0.48 1
32 5.64972540279 8.68721670957 0.0 0.435 0.48 1
33 7.76974045205 11.4318044063 0.0 0.435 0.48 1
34 7.93158812135 11.8065002918 0.0 0.435 0.48 1
35 7.69691952412 12.676176602 0.0 0.435 0.48 1
36 6.86684513175 11.2148626483 0.0 0.435 0.48 1
37 12.9856972639 6.59488624548 0.0 0.435 0.48 1
38 12.7457670389 6.23665788611 0.0 0.435 0.48 1
39 13.5093344566 6.52734552216 0.0 0.435 0.48 1
40 9.00243459912 4.47868980142 0.0 0.435 0.48 1
41 8.36830322382 4.20112845436 0.0 0.435 0.48 1
42 6.63217653452 5.88582798053 0.0 0.435 0.48 1
43 13.3308600437 6.14358056422 0.0 0.435 0.48 1
44 13.9052193278 5.9958501482 0.0 0.435 0.48 1
45 14.2905809436 6.75765222889 0.0 0.435 0.48 1
46 7.26441372383 8.51442701458 0.0 0.435 0.48 1
47 7.7425904529 8.74974557709 0.0 0.435 0.48 1
48 14.7331890691 7.02089398797 0.0 0.435 0.48 1
49 4.84069752139 9.59770384548 0.0 0.435 0.48 1
50 4.54078474017 9.71226054934 0.0 0.435 0.48 1
51 5.82399051356 9.21513218654 0.0 0.435 0.48 1
52 8.63580437815 8.87814454934 0.0 0.435 0.48 1
53 6.7169939737 10.0017548864 0.0 0.435 0.48 1
54 6.38067072852 9.98791261801 0.0 0.435 0.48 1
55 13.9172158391 7.75023833589 0.0 0.435 0.48 1
56 11.584420564 7.4099094615 0.0 0.435 0.48 1
57 0.673488350802 4.0810825751 0.0 0.435 0.48 1
58 1.42169181552 5.0827377545 0.0 0.435 0.48 1
59 1.63510343668 4.50494237939 0.0 0.435 0.48 1
60 8.24454973936 11.7081724543 0.0 0.435 0.48 1
61 7.90275440133 12.0568544217 0.0 0.435 0.48 1
62 3.11846152932 11.9542307078 0.0 0.435 0.48 1
63 3.81362778641 10.9275162495 0.0 0.435 0.48 1
64 4.4473382315 10.6645131502 0.0 0.435 0.48 1
65 4.87142542739 10.3210816984 0.0 0.435 0.48 1
66 5.50703005846 10.3206043788 0.0 0.435 0.48 1
67 8.53078228845 13.5771173459 0.0 0.435 0.48 1
68 2.53968247785 13.2138771307 0.0 0.435 0.48 1
71 14.7066704653 7.61969142545 0.0 0.435 0.48 1
72 14.6584739552 8.17457545979 0.0 0.435 0.48 1
82 10.1437868886 8.94592393246 0.0 0.435 0.48 1
83 13.6995949157 8.50989247838 0.0 0.435 0.48 1
400 7.42562999781 12.2628178289 0.0 0.435 0.48 1
401 7.41384395167 11.9203410163 0.0 0.435 0.48 1
402 7.29366837407 11.6616337934 0.0 0.435 0.48 1
