138 9.86639387414 13.1916817694 0.0 0.435 0.48 1
139 3.89107894676 12.3723626769 0.0 0.435 0.48 1
140 3.5509673296 12.0341817408 0.0 0.435 0.48 1
142 10.6825775693 3.9992222638 0.0 0.435 0.48 1
143 11.0915112773 3.56796400572 0.0 0.435 0.48 1
144 5.67119284397 1.76512787868 0.0 0.435 0.48 1
145 5.43631378163 2.20211397196 0.0 0.435 0.48 1
146 5.57816726551 2.6646366638 0.0 0.435 0.48 1
147 3.542127795 1.39759178712 0.0 0.435 0.48 1
168 3.16539524877 13.7081415759 0.0 0.435 0.48 1
177 2.41129876098 13.698595184 0.0 0.435 0.48 1
207 11.4800298696 7.09607182488 0.0 0.435 0.48 1
208 12.0817496181 6.98199244062 0.0 0.435 0.48 1
209 8.90120088139 11.3048373928 0.0 0.435 0.48 1
210 0.0848174391791 3.98895989241 0.0 0.435 0.48 1
212 2.88905455983 1.97228458483 0.0 0.435 0.48 1
213 2.22188016232 2.82167481201 0.0 0.435 0.48 1
214 5.1338754191 6.0777104595 0.0 0.435 0.48 1
215 5.67876958792 6.06697076852 0.0 0.435 0.48 1
216 4.70599985123 5.65146405721 0.0 0.435 0.48 1
218 8.60697065814 8.80392135163 0.0 0.435 0.48 1
220 9.6557182994 5.88439602173 0.0 0.435 0.48 1
221 11.6843914911 3.93048824148 0.0 0.435 0.48 1
222 4.94172077401 0.731969605721 0.0 0.435 0.48 1
223 13.3855809722 2.50592789699 0.0 0.435 0.48 1
224 13.5322751536 3.06964234391 0.0 0.435 0.48 1
225 12.3048426343 2.30258974764 0.0 0.435 0.48 1
226 13.5082821311 1.12957683204 0.0 0.435 0.48 1
227 14.1255762976 1.67181189699 0.0 0.435 0.48 1
269 3.31061617441 9.0788574409 0.0 0.435 0.48 1
301 6.41623933204 10.8807389287 0.0 0.435 0.48 1
306 7.72975208122 7.13306409384 0.0 0.435 0.48 1
307 8.23023811191 7.19941151816 0.0 0.435 0.48 1
311 10.9629170953 9.23804352731 0.0 0.435 0.48 1
314 7.0951997757 10.8771590317 0.0 0.435 0.48 1
320 10.7191984983 8.6600094924 0.0 0.435 0.48 1
321 7.18864628437 4.46126763604 0.0 0.435 0.48 1
322 7.31597767569 4.03573721315 0.0 0.435 0.48 1
323 5.51502773263 9.05165022373 0.0 0.435 0.48 1
324 10.0709659607 5.41924807209 0.0 0.435 0.48 1
325 8.28537997063 3.52428926237 0.0 0.435 0.48 1
326 10.4129717638 5.02999393876 0.0 0.435 0.48 1
327 10.6183857108 6.21231458654 0.0 0.435 0.48 1
328 12.6394821586 6.50896871758 0.0 0.435 0.48 1
329 14.5431390751 6.87745944834 0.0 0.435 0.48 1
330 14.7782286026 7.23544914791 0.0 0.435 0.48 1
331 15.0097402232 6.5769867605 0.0 0.435 0.48 1
389 5.24436960165 8.51442701458 0.0 0.435 0.48 1
390 4.58792892473 8.59175278968 0.0 0.435 0.48 1
395 3.07279060053 7.33473162459 0.0 0.435 0.48 1
396 6.88894396826 8.69485382316 0.0 0.435 0.48 1
399 1.76306622333 11.4697513144 0.0 0.435 0.48 1
414 10.7328787305 8.00059246579 0.0 0.435 0.48 1
415 12.4988914653 7.91730019569 0.0 0.435 0.48 1
