108 7.92758928426 5.83451612359 0.0 0.435 0.48 1
116 6.20872073395 12.1382374134 0.0 0.435 0.48 1
123 6.80054862222 11.0766786243 0.0 0.435 0.48 1
125 10.8092775653 5.11304754906 0.0 0.435 0.48 1
126 11.2895589454 5.18727074677 0.0 0.435 0.48 1
127 11.3190240608 4.82379187181 0.0 0.435 0.48 1
128 4.85353589307 1.47730416023 0.0 0.435 0.48 1
129 4.48774753255 0.823137649212 0.0 0.435 0.48 1
166 7.48792767026 5.82353777281 0.0 0.435 0.48 1
168 8.59581600733 5.92592282688 0.0 0.435 0.48 1
177 8.08249160495 6.49083057281 0.0 0.435 0.48 1
178 8.80354507053 6.75168573389 0.0 0.435 0.48 1
190 8.67200437701 6.29608417624 0.0 0.435 0.48 1
198 8.80543925651 8.73900588611 0.0 0.435 0.48 1
200 13.9351053734 0.611207747066 0.0 0.435 0.48 1
201 14.6039634918 0.88304125894 0.0 0.435 0.48 1
255 6.31100677723 5.86745117596 0.0 0.435 0.48 1
269 6.80938815682 8.18459917137 0.0 0.435 0.48 1
272 8.29001020304 10.5234652086 0.0 0.435 0.48 1
276 13.5815239892 5.48750477481 0.0 0.435 0.48 1
277 13.7368472401 4.05053412074 0.0 0.435 0.48 1
280 2.75583014544 12.1695018472 0.0 0.435 0.48 1
281 2.49232782819 11.831320911 0.0 0.435 0.48 1
282 14.0626472298 4.43883361487 0.0 0.435 0.48 1
284 5.88649865112 3.9963583462 0.0 0.435 0.48 1
285 6.2905916616 4.65124083662 0.0 0.435 0.48 1
286 14.4808414027 7.68508421057 0.0 0.435 0.48 1
287 14.0799053688 9.11155383346 0.0 0.435 0.48 1
288 12.6232763451 5.29681559484 0.0 0.435 0.48 1
289 12.3963949569 5.57127436451 0.0 0.435 0.48 1
290 14.0039274643 5.19968105636 0.0 0.435 0.48 1
291 14.585232097 7.15191821801 0.0 0.435 0.48 1
293 14.9720669685 7.64069348783 0.0 0.435 0.48 1
294 14.6300611654 8.13519659283 0.0 0.435 0.48 1
371 9.87733805984 2.72812017052 0.0 0.435 0.48 1
372 10.1498903768 3.25675162689 0.0 0.435 0.48 1
375 4.9808672844 10.3592672664 0.0 0.435 0.48 1
376 4.13563940414 10.8556796498 0.0 0.435 0.48 1
377 7.96926137597 9.03900125435 0.0 0.435 0.48 1
378 9.53680551246 8.6633507296 0.0 0.435 0.48 1
379 3.45836268137 12.2418157665 0.0 0.435 0.48 1
380 3.01680688137 12.3339384492 0.0 0.435 0.48 1
381 6.80433699419 8.72468629812 0.0 0.435 0.48 1
383 5.24921029917 11.7425394655 0.0 0.435 0.48 1
384 5.70360447085 11.9091240057 0.0 0.435 0.48 1
385 6.20388003643 10.9425518169 0.0 0.435 0.48 1
399 5.0486370497 12.0523198855 0.0 0.435 0.48 1
408 7.28714395567 11.9485028727 0.0 0.435 0.48 1
409 7.0951997757 13.1117307365 0.0 0.435 0.48 1
