101 14.3958134984 5.52091714677 0.0 0.435 0.48 1
103 14.0887449034 5.15147177681 0.0 0.435 0.48 1
104 13.6604484054 5.51304137338 0.0 0.435 0.48 1
108 8.04629160609 5.95408468325 0.0 0.435 0.48 1
109 12.1324717095 5.17318981859 0.0 0.435 0.48 1
112 11.4413042895 5.35624188497 0.0 0.435 0.48 1
113 11.7058589323 4.60159959828 0.0 0.435 0.48 1
116 6.74793234481 11.5530435845 0.0 0.435 0.48 1
117 7.59084510886 11.8692678191 0.0 0.435 0.48 1
118 7.28019860706 10.1843296332 0.0 0.435 0.48 1
119 10.4207589729 0.727196409727 0.0 0.435 0.48 1
120 7.33281488446 8.45380742545 0.0 0.435 0.48 1
121 6.69889397427 8.52087082917 0.0 0.435 0.48 1
122 3.37123012598 5.6626810678 0.0 0.435 0.48 1
123 4.16720917059 6.27675273246 0.0 0.435 0.48 1
124 4.38419869861 2.89971656652 0.0 0.435 0.48 1
164 6.68479281193 9.83206776879 0.0 0.435 0.48 1
165 12.4088123984 9.04854764634 0.0 0.435 0.48 1
166 7.54833115672 5.84859705178 0.0 0.435 0.48 1
168 9.16554505908 5.31089652302 0.0 0.435 0.48 1
177 8.33357648073 6.22663417452 0.0 0.435 0.48 1
178 8.92245785746 6.53283469756 0.0 0.435 0.48 1
180 14.6189065146 8.19796412016 0.0 0.435 0.48 1
189 15.1684309158 5.3340465236 0.0 0.435 0.48 1
190 8.72525204975 5.97389344663 0.0 0.435 0.48 1
255 6.36004514777 6.05360581973 0.0 0.435 0.48 1
269 10.802963612 6.50133160399 0.0 0.435 0.48 1
270 11.553692658 6.79679243604 0.0 0.435 0.48 1
272 11.3409124322 7.83639452359 0.0 0.435 0.48 1
273 4.46186032406 5.36984549355 0.0 0.435 0.48 1
274 4.58266729699 5.03405115536 0.0 0.435 0.48 1
276 14.6224844215 6.61326305006 0.0 0.435 0.48 1
277 13.8315565395 4.09659546208 0.0 0.435 0.48 1
279 8.42344508254 7.96121359884 0.0 0.435 0.48 1
280 7.11961372841 7.79176514104 0.0 0.435 0.48 1
281 7.62241487531 7.78890122345 0.0 0.435 0.48 1
282 14.3038402455 4.3323913442 0.0 0.435 0.48 1
283 14.5481902378 2.8293119256 0.0 0.435 0.48 1
369 4.05545219737 8.27576721486 0.0 0.435 0.48 1
370 3.85235336659 8.67313578139 0.0 0.435 0.48 1
371 5.14671379078 9.83970488239 0.0 0.435 0.48 1
372 5.59647773005 9.88385694533 0.0 0.435 0.48 1
373 13.8833309564 7.96622545464 0.0 0.435 0.48 1
374 13.7583146813 9.36906775735 0.0 0.435 0.48 1
399 4.98339286571 12.176900301 0.0 0.435 0.48 1
