29 15.1644320787 8.08340741629 0.0 0.435 0.48 1
94 6.79107769229 11.5855013173 0.0 0.435 0.48 1
101 4.0800766152 1.57181344091 0.0 0.435 0.48 1
103 3.64251965229 0.636267026036 0.0 0.435 0.48 1
104 3.14918943533 2.22383201373 0.0 0.435 0.48 1
105 10.8212740765 6.97650326522 0.0 0.435 0.48 1
106 15.0543588264 5.56077333332 0.0 0.435 0.48 1
107 8.12605788264 6.29584551644 0.0 0.435 0.48 1
108 8.14499974251 6.51541253218 0.0 0.435 0.48 1
158 7.66429743212 10.3919636589 0.0 0.435 0.48 1
160 7.43804743928 10.2922038626 0.0 0.435 0.48 1
164 6.59976490764 9.60725023746 0.0 0.435 0.48 1
165 11.5193868451 9.03494403775 0.0 0.435 0.48 1
166 8.07386253545 5.19538517996 0.0 0.435 0.48 1
167 8.6673741446 8.66764660599 0.0 0.435 0.48 1
168 6.93482536216 2.00426499799 0.0 0.435 0.48 1
169 7.23726372469 1.16036394621 0.0 0.435 0.48 1
170 13.3670600425 0.529347435764 0.0 0.435 0.48 1
171 11.1847473208 1.00929229299 0.0 0.435 0.48 1
172 13.3845286466 6.59727284348 0.0 0.435 0.48 1
173 13.0383135413 4.00351814019 0.0 0.435 0.48 1
174 11.6328275392 2.45580933905 0.0 0.435 0.48 1
175 11.7803635811 0.635312386837 0.0 0.435 0.48 1
176 7.10151372898 0.517175785979 0.0 0.435 0.48 1
177 7.51444627407 0.420757226895 0.0 0.435 0.48 1
178 7.89728230848 0.77445105007 0.0 0.435 0.48 1
179 14.7325576738 0.922897445492 0.0 0.435 0.48 1
255 8.49058345251 5.50826817739 0.0 0.435 0.48 1
257 8.87657646357 4.88799135793 0.0 0.435 0.48 1
258 3.94180103818 11.1098523365 0.0 0.435 0.48 1
261 14.112948391 3.42405214649 0.0 0.435 0.48 1
262 14.6386902349 3.14219492303 0.0 0.435 0.48 1
264 10.3679322304 4.25983876509 0.0 0.435 0.48 1
265 7.95410788808 5.88988519713 0.0 0.435 0.48 1
266 12.4067077473 6.38701355993 0.0 0.435 0.48 1
267 12.3818728644 6.73712748611 0.0 0.435 0.48 1
268 14.3537204765 0.0477319599427 0.0 0.435 0.48 1
269 13.5265925956 6.10969087266 0.0 0.435 0.48 1
270 13.9041670023 5.87055375335 0.0 0.435 0.48 1
271 13.7854646805 3.93788669527 0.0 0.435 0.48 1
272 15.2662971918 7.43544606007 0.0 0.435 0.48 1
358 8.57098112439 3.77225679427 0.0 0.435 0.48 1
359 7.48603348427 3.52619854077 0.0 0.435 0.48 1
360 7.91033114528 3.78562174305 0.0 0.435 0.48 1
362 6.27186026684 8.15739195421 0.0 0.435 0.48 1
363 2.71142200731 13.4890518798 0.0 0.435 0.48 1
365 5.80189167705 10.1986492212 0.0 0.435 0.48 1
366 6.08370445884 10.7470894409 0.0 0.435 0.48 1
399 5.28625215846 10.7506693379 0.0 0.435 0.48 1
403 5.03832425933 7.76408060428 0.0 0.435 0.48 1
404 6.4808521207 10.5466152091 0.0 0.435 0.48 1
405 5.72254633072 11.634665236 0.0 0.435 0.48 1
