26 2.53652550121 4.10638051387 0.0 0.435 0.48 1
27 2.9189406054 3.89087071473 0.0 0.435 0.48 1
28 2.34794876298 3.47202276623 0.0 0.435 0.48 1
29 13.801880959 7.87338679255 0.0 0.435 0.48 1
30 13.7536844489 8.14044710843 0.0 0.435 0.48 1
33 12.809327502 1.40928611731 0.0 0.435 0.48 1
34 13.3335960901 1.44532374706 0.0 0.435 0.48 1
55 7.02953466149 12.6012374249 0.0 0.435 0.48 1
56 3.03427548547 5.37390271015 0.0 0.435 0.48 1
60 12.1061635708 0.927431981686 0.0 0.435 0.48 1
61 11.6147275398 0.644381459226 0.0 0.435 0.48 1
70 2.51105922294 4.64503568182 0.0 0.435 0.48 1
75 7.15770791325 11.6284600812 0.0 0.435 0.48 1
76 6.77424048352 11.3971987353 0.0 0.435 0.48 1
77 4.34084288603 7.04833986494 0.0 0.435 0.48 1
80 4.90278472873 7.95023524805 0.0 0.435 0.48 1
81 4.6047661335 7.54499090814 0.0 0.435 0.48 1
82 4.21393242492 11.477388428 0.0 0.435 0.48 1
83 7.22463581812 12.3656802026 0.0 0.435 0.48 1
87 2.4270836442 2.2476979937 0.0 0.435 0.48 1
88 2.73773014601 1.03721548955 0.0 0.435 0.48 1
90 11.6808135842 10.9943409934 0.0 0.435 0.48 1
91 7.94316370238 10.3282414924 0.0 0.435 0.48 1
92 2.76340688938 7.63711359083 0.0 0.435 0.48 1
153 6.00520097295 0.479944857224 0.0 0.435 0.48 1
155 14.2564855958 3.74361761831 0.0 0.435 0.48 1
156 13.8359763068 2.65676089041 0.0 0.435 0.48 1
242 13.266247255 10.9814533642 0.0 0.435 0.48 1
243 13.8050379357 11.2995868772 0.0 0.435 0.48 1
244 11.2552531326 10.955439446 0.0 0.435 0.48 1
245 0.248348829358 2.28636088125 0.0 0.435 0.48 1
246 0.260134875497 1.61620416366 0.0 0.435 0.48 1
247 10.5489322247 6.76600532188 0.0 0.435 0.48 1
248 9.96931131274 6.831398107 0.0 0.435 0.48 1
249 10.5632438521 7.10227697967 0.0 0.435 0.48 1
250 11.0950891841 6.20109757595 0.0 0.435 0.48 1
252 7.25557418923 1.67061859799 0.0 0.435 0.48 1
253 9.49955318806 3.71808101974 0.0 0.435 0.48 1
348 2.98544758004 6.97101408983 0.0 0.435 0.48 1
349 8.07575672144 12.4733157722 0.0 0.435 0.48 1
350 10.9237705849 7.5776873007 0.0 0.435 0.48 1
397 11.329126386 7.45477750385 0.0 0.435 0.48 1
398 3.09678362303 12.7396601087 0.0 0.435 0.48 1
399 3.35586617298 13.0432353739 0.0 0.435 0.48 1
