26 10.4811624594 4.88059290414 0.0 0.435 0.48 1
27 10.9955391873 3.95817277825 0.0 0.435 0.48 1
28 10.920192678 4.4989758844 0.0 0.435 0.48 1
29 14.6845716288 8.18674710957 0.0 0.435 0.48 1
30 15.1347564983 8.01109349698 0.0 0.435 0.48 1
56 0.225408132409 4.01688308898 0.0 0.435 0.48 1
77 2.65186038128 13.0377461985 0.0 0.435 0.48 1
81 3.19549175944 13.4904838386 0.0 0.435 0.48 1
94 6.31058584701 9.72109096193 0.0 0.435 0.48 1
95 5.96310795102 7.58938163089 0.0 0.435 0.48 1
96 10.8749426795 1.97467118283 0.0 0.435 0.48 1
97 10.7412973348 1.55797117253 0.0 0.435 0.48 1
98 3.24368826955 2.44817222546 0.0 0.435 0.48 1
99 3.95148243322 2.18970366237 0.0 0.435 0.48 1
100 0.923941831256 2.98086089842 0.0 0.435 0.48 1
101 0.455656962339 1.56536962632 0.0 0.435 0.48 1
158 10.8109612861 5.80730890643 0.0 0.435 0.48 1
159 9.38947993572 6.38605892073 0.0 0.435 0.48 1
160 10.5137845513 5.48010632102 0.0 0.435 0.48 1
164 5.1338754191 6.37388727095 0.0 0.435 0.48 1
165 6.06139515722 4.58895062889 0.0 0.435 0.48 1
247 3.08247199558 12.0432508131 0.0 0.435 0.48 1
248 3.0938371115 12.2432477253 0.0 0.435 0.48 1
249 3.25421152503 12.4551776274 0.0 0.435 0.48 1
250 3.66040918661 11.7957606008 0.0 0.435 0.48 1
254 3.68103476735 3.74218565951 0.0 0.435 0.48 1
255 9.46629970074 5.78439756565 0.0 0.435 0.48 1
257 11.3011345265 0.972538683832 0.0 0.435 0.48 1
258 9.23352528949 7.63782957023 0.0 0.435 0.48 1
259 10.9126159341 6.55121150213 0.0 0.435 0.48 1
260 11.3819531285 6.64428882402 0.0 0.435 0.48 1
261 14.2480669914 3.17489131559 0.0 0.435 0.48 1
262 14.8542065072 2.98658873361 0.0 0.435 0.48 1
263 13.3975774834 6.90228006751 0.0 0.435 0.48 1
349 12.4523786761 1.59162220429 0.0 0.435 0.48 1
350 11.8912786938 3.64194854363 0.0 0.435 0.48 1
351 13.6105681744 5.74072282231 0.0 0.435 0.48 1
352 12.6068600666 5.99036097281 0.0 0.435 0.48 1
353 13.6802321257 5.37461868955 0.0 0.435 0.48 1
354 12.5016275118 5.53690735335 0.0 0.435 0.48 1
355 1.89418598663 6.1610027296 0.0 0.435 0.48 1
356 2.22545806918 5.93284396108 0.0 0.435 0.48 1
357 2.38225457585 7.23282389012 0.0 0.435 0.48 1
358 3.51203128432 11.3468415176 0.0 0.435 0.48 1
359 3.05868943819 11.7251173001 0.0 0.435 0.48 1
360 3.16476385344 11.8406286432 0.0 0.435 0.48 1
361 11.0494182553 8.53161052016 0.0 0.435 0.48 1
397 11.3495415017 7.13592801143 0.0 0.435 0.48 1
399 3.76416848565 12.528446186 0.0 0.435 0.48 1
