4 6.41434514606 10.9867038798 0.0 0.435 0.48 1
18 13.243096093 7.02328058597 0.0 0.435 0.48 1
19 11.0197426749 6.44381459226 0.0 0.435 0.48 1
25 7.83919393822 2.11595778426 0.0 0.435 0.48 1
26 3.59284988642 4.52546712217 0.0 0.435 0.48 1
27 3.66567081435 3.80017999084 0.0 0.435 0.48 1
28 1.19249531114 4.02308824377 0.0 0.435 0.48 1
29 10.4003438573 7.35072183117 0.0 0.435 0.48 1
30 10.5022089703 6.89726821172 0.0 0.435 0.48 1
33 8.11406137139 9.4974667296 0.0 0.435 0.48 1
34 8.51689159122 9.37622755134 0.0 0.435 0.48 1
35 7.77731719599 5.94549293046 0.0 0.435 0.48 1
36 12.918769359 8.62134660485 0.0 0.435 0.48 1
46 3.93927545686 11.0325265614 0.0 0.435 0.48 1
47 4.39745800052 11.152095121 0.0 0.435 0.48 1
51 4.22508707573 11.5988662661 0.0 0.435 0.48 1
53 3.90139173713 11.8823941081 0.0 0.435 0.48 1
54 3.54128593456 11.5022090472 0.0 0.435 0.48 1
55 7.21495442307 8.95427702545 0.0 0.435 0.48 1
56 5.64888354235 5.07581662031 0.0 0.435 0.48 1
60 8.03745207149 9.05045692473 0.0 0.435 0.48 1
61 7.71586138398 9.28935538425 0.0 0.435 0.48 1
67 2.23093016203 6.53927851215 0.0 0.435 0.48 1
68 5.6783486577 11.8995776137 0.0 0.435 0.48 1
69 9.57616248796 4.69467692016 0.0 0.435 0.48 1
70 5.36244052815 10.7640342867 0.0 0.435 0.48 1
71 6.68226723061 10.1867162312 0.0 0.435 0.48 1
72 7.02553582441 10.0707275685 0.0 0.435 0.48 1
73 5.62952075226 2.15939386781 0.0 0.435 0.48 1
74 8.00461951439 3.28562946266 0.0 0.435 0.48 1
75 7.57674394652 8.20393061515 0.0 0.435 0.48 1
76 8.36682996805 8.01777597137 0.0 0.435 0.48 1
77 11.4827659161 8.3251697934 0.0 0.435 0.48 1
78 8.84690088311 6.05050324234 0.0 0.435 0.48 1
79 9.85124038624 5.21233002574 0.0 0.435 0.48 1
80 9.81461945717 8.35309298997 0.0 0.435 0.48 1
81 10.4485403674 8.50941515878 0.0 0.435 0.48 1
82 8.44091368664 8.68148887438 0.0 0.435 0.48 1
83 8.33778578292 8.94306001486 0.0 0.435 0.48 1
84 4.37535916401 7.62613524004 0.0 0.435 0.48 1
85 8.29379857501 4.50183980199 0.0 0.435 0.48 1
86 9.26467412572 7.79462905864 0.0 0.435 0.48 1
87 12.7438728529 4.92379032789 0.0 0.435 0.48 1
88 13.271929813 4.45506248125 0.0 0.435 0.48 1
89 11.259883365 5.89489705292 0.0 0.435 0.48 1
90 12.0005100857 8.80797856822 0.0 0.435 0.48 1
91 0.855330205518 3.57560111931 0.0 0.435 0.48 1
152 14.7510786034 1.7510469505 0.0 0.435 0.48 1
242 12.4911042563 8.2456960801 0.0 0.435 0.48 1
243 13.2740344641 8.26240226608 0.0 0.435 0.48 1
244 13.6215123601 7.75883008868 0.0 0.435 0.48 1
245 14.4747379145 6.9092012017 0.0 0.435 0.48 1
246 14.627325119 6.62519604005 0.0 0.435 0.48 1
399 3.28325571016 13.5902436349 0.0 0.435 0.48 1
