138 9.92174619797 13.3298657934 0.0 0.435 0.48 1
139 3.80373592626 12.5179451548 0.0 0.435 0.48 1
140 3.47099058794 12.1630580326 0.0 0.435 0.48 1
142 10.9189298874 4.27678361087 0.0 0.435 0.48 1
143 11.3188135957 3.81855679542 0.0 0.435 0.48 1
144 5.62257540365 1.73625004292 0.0 0.435 0.48 1
145 5.58363935837 2.21786551874 0.0 0.435 0.48 1
146 5.76948005016 2.6658299628 0.0 0.435 0.48 1
147 3.70713244094 1.332199002 0.0 0.435 0.48 1
168 3.13866617985 13.7649426083 0.0 0.435 0.48 1
207 11.4720321955 7.10657285607 0.0 0.435 0.48 1
208 12.0600717118 7.00347182259 0.0 0.435 0.48 1
209 8.61559972763 11.3986306941 0.0 0.435 0.48 1
210 0.0423034870347 3.98681195421 0.0 0.435 0.48 1
212 2.85727432828 1.8348165402 0.0 0.435 0.48 1
213 2.21451388348 2.79399027525 0.0 0.435 0.48 1
214 4.95982077344 6.28343520686 0.0 0.435 0.48 1
215 5.55017540593 6.21851974133 0.0 0.435 0.48 1
216 4.60771264503 5.95384602345 0.0 0.435 0.48 1
218 8.49605554536 9.03017084176 0.0 0.435 0.48 1
220 9.35117528577 6.20992798854 0.0 0.435 0.48 1
221 11.9188496232 4.27821556966 0.0 0.435 0.48 1
222 4.41324288374 0.681135068382 0.0 0.435 0.48 1
223 13.2315205119 2.59900521888 0.0 0.435 0.48 1
224 13.3445402758 3.19231348097 0.0 0.435 0.48 1
225 12.2231821717 2.47203820543 0.0 0.435 0.48 1
226 13.2803484174 1.28876291845 0.0 0.435 0.48 1
227 13.9483646753 1.80379076623 0.0 0.435 0.48 1
269 3.30451268623 9.0767095027 0.0 0.435 0.48 1
301 6.43602305235 10.8948198569 0.0 0.435 0.48 1
306 7.74553696444 7.10323161887 0.0 0.435 0.48 1
307 8.23339508855 7.19917285836 0.0 0.435 0.48 1
311 10.9685996532 9.20343785635 0.0 0.435 0.48 1
314 7.07331140429 10.8790683101 0.0 0.435 0.48 1
320 10.5958659441 8.77528217566 0.0 0.435 0.48 1
321 6.67405909134 4.36389443776 0.0 0.435 0.48 1
322 6.80307420354 3.94480782946 0.0 0.435 0.48 1
323 5.3613882026 9.36787445835 0.0 0.435 0.48 1
324 9.77736713276 5.3304666266 0.0 0.435 0.48 1
325 7.73417184852 3.47870524062 0.0 0.435 0.48 1
326 10.102325262 4.9163918741 0.0 0.435 0.48 1
327 10.257858978 6.14143262603 0.0 0.435 0.48 1
328 12.3568275163 6.35216922917 0.0 0.435 0.48 1
329 14.3326739655 6.88724450013 0.0 0.435 0.48 1
330 14.5326158196 7.19559296136 0.0 0.435 0.48 1
331 14.8167437176 6.52734552216 0.0 0.435 0.48 1
332 14.9550192947 5.67151148039 0.0 0.435 0.48 1
389 5.27215099612 8.50822185978 0.0 0.435 0.48 1
390 4.60097776152 8.59175278968 0.0 0.435 0.48 1
395 2.83622781731 7.02566718396 0.0 0.435 0.48 1
396 7.21011372555 8.58626361429 0.0 0.435 0.48 1
399 1.59048483344 11.4012559519 0.0 0.435 0.48 1
414 10.7086752429 8.00679762059 0.0 0.435 0.48 1
415 12.8594181981 7.7485677173 0.0 0.435 0.48 1
