1 1.09694415137 1.73505674392 0.0 0.435 0.48 1
2 0.363052314104 0.889007753933 0.0 0.435 0.48 1
4 7.15497186683 9.13899971043 0.0 0.435 0.48 1
5 3.08099873981 1.12981549184 0.0 0.435 0.48 1
6 3.08583943733 0.185438664377 0.0 0.435 0.48 1
11 2.25197667299 2.90305780371 0.0 0.435 0.48 1
13 0.420930219251 2.61332480686 0.0 0.435 0.48 1
17 0.463023241176 2.12407221745 0.0 0.435 0.48 1
18 7.97557532926 6.92614604748 0.0 0.435 0.48 1
19 7.56495790038 5.92663880628 0.0 0.435 0.48 1
25 10.929663608 1.55367529613 0.0 0.435 0.48 1
26 5.34581378449 6.33832696079 0.0 0.435 0.48 1
27 5.50450447715 7.04595326694 0.0 0.435 0.48 1
28 4.92951379765 6.44381459226 0.0 0.435 0.48 1
29 6.2032486411 9.10892857566 0.0 0.435 0.48 1
30 6.14558120107 8.73638062831 0.0 0.435 0.48 1
31 2.91936153562 11.7496992595 0.0 0.435 0.48 1
32 2.14000923467 12.14229463 0.0 0.435 0.48 1
33 8.14878811448 9.64137858882 0.0 0.435 0.48 1
34 8.4465962446 9.48744301801 0.0 0.435 0.48 1
35 7.63293813079 9.76906158167 0.0 0.435 0.48 1
36 11.1756973211 9.85664972817 0.0 0.435 0.48 1
40 4.01819987297 3.95721813905 0.0 0.435 0.48 1
41 4.01988359385 3.25603564749 0.0 0.435 0.48 1
42 3.75448709061 4.94956558626 0.0 0.435 0.48 1
43 8.38008926996 3.65555215221 0.0 0.435 0.48 1
46 6.02645794902 9.92991828668 0.0 0.435 0.48 1
47 6.30869166103 10.1132090129 0.0 0.435 0.48 1
49 6.67805792842 10.7707167611 0.0 0.435 0.48 1
50 5.92859167304 10.9000703725 0.0 0.435 0.48 1
51 4.87247775294 10.1533038592 0.0 0.435 0.48 1
52 5.5975300556 11.8871673041 0.0 0.435 0.48 1
53 5.22921611376 10.6074734581 0.0 0.435 0.48 1
54 5.25299867114 10.3809853081 0.0 0.435 0.48 1
55 9.98783224239 8.85236929097 0.0 0.435 0.48 1
56 8.0246136998 5.39180219513 0.0 0.435 0.48 1
60 7.93453463288 9.23613424891 0.0 0.435 0.48 1
61 7.26230907274 9.38481930413 0.0 0.435 0.48 1
63 1.27057786681 12.8964595971 0.0 0.435 0.48 1
64 1.66730459845 13.0122096 0.0 0.435 0.48 1
65 2.77729758662 12.5566080423 0.0 0.435 0.48 1
66 3.33250454581 12.3881142237 0.0 0.435 0.48 1
67 7.18317419152 10.3649951016 0.0 0.435 0.48 1
68 5.15450099984 11.9062600881 0.0 0.435 0.48 1
69 4.24760684246 9.70223683775 0.0 0.435 0.48 1
70 3.88308127259 12.122008547 0.0 0.435 0.48 1
71 10.0452892173 8.34378525778 0.0 0.435 0.48 1
72 10.6587950119 8.68984196737 0.0 0.435 0.48 1
73 11.3343880138 4.61782846466 0.0 0.435 0.48 1
74 13.5337484094 5.0839310535 0.0 0.435 0.48 1
75 12.3774530971 7.94665535106 0.0 0.435 0.48 1
76 13.1405995846 8.03281153876 0.0 0.435 0.48 1
77 13.8305042139 6.90466666551 0.0 0.435 0.48 1
78 14.9186088307 8.05810947752 0.0 0.435 0.48 1
80 13.7644181695 8.42325897109 0.0 0.435 0.48 1
81 14.0070844409 7.86312442116 0.0 0.435 0.48 1
82 8.93066599674 8.73136877252 0.0 0.435 0.48 1
83 11.2255775521 7.50107750499 0.0 0.435 0.48 1
240 14.7900146487 4.0777413379 0.0 0.435 0.48 1
