103 14.5260914012 5.17509909699 0.0 0.435 0.48 1
104 14.2522762936 5.51304137338 0.0 0.435 0.48 1
108 8.06018230333 5.85217694877 0.0 0.435 0.48 1
109 12.7388216903 5.28750786265 0.0 0.435 0.48 1
112 12.0133484574 5.57509292131 0.0 0.435 0.48 1
113 12.557821696 3.85960628097 0.0 0.435 0.48 1
116 6.43118235483 11.5993435857 0.0 0.435 0.48 1
117 8.74777181648 12.5437204131 0.0 0.435 0.48 1
120 8.40913345509 9.00153166579 0.0 0.435 0.48 1
121 7.85434742612 9.00105434619 0.0 0.435 0.48 1
122 2.77729758662 6.98819759541 0.0 0.435 0.48 1
123 5.9079660923 6.94500017166 0.0 0.435 0.48 1
124 6.86852885263 3.20782636795 0.0 0.435 0.48 1
125 0.363052314104 4.05721659513 0.0 0.435 0.48 1
126 0.252558131551 3.22095265693 0.0 0.435 0.48 1
164 6.68310909105 9.84471673818 0.0 0.435 0.48 1
165 13.4146251573 8.70225227695 0.0 0.435 0.48 1
166 7.5413858081 5.84573313418 0.0 0.435 0.48 1
168 8.64506484298 5.48297023862 0.0 0.435 0.48 1
177 8.30474276071 6.25670530929 0.0 0.435 0.48 1
178 8.90877762534 6.55789397653 0.0 0.435 0.48 1
180 14.704144884 8.18889504777 0.0 0.435 0.48 1
190 8.71914856157 6.01088571558 0.0 0.435 0.48 1
255 6.35457305492 6.03236509756 0.0 0.435 0.48 1
269 10.7812857057 6.49083057281 0.0 0.435 0.48 1
270 11.2605147603 6.93736305807 0.0 0.435 0.48 1
272 9.94573922046 8.30989556622 0.0 0.435 0.48 1
273 3.39711733447 4.67009496079 0.0 0.435 0.48 1
274 3.60505686278 4.29921763204 0.0 0.435 0.48 1
276 14.5957553525 6.60252335907 0.0 0.435 0.48 1
277 13.8206123538 4.09134494649 0.0 0.435 0.48 1
279 8.22160904241 7.9982058678 0.0 0.435 0.48 1
280 6.15336841012 8.30846360742 0.0 0.435 0.48 1
281 6.88494513118 7.86861359655 0.0 0.435 0.48 1
282 14.2762693161 4.34456299398 0.0 0.435 0.48 1
283 13.1671181884 1.9956732452 0.0 0.435 0.48 1
369 3.37144059109 7.50775997939 0.0 0.435 0.48 1
370 3.38722547431 7.81396050242 0.0 0.435 0.48 1
371 4.78892310442 9.11680434905 0.0 0.435 0.48 1
372 5.39464168992 9.18458373217 0.0 0.435 0.48 1
373 13.865230957 7.29153420085 0.0 0.435 0.48 1
374 13.9197414204 8.35142237137 0.0 0.435 0.48 1
375 1.63215692515 13.6551591004 0.0 0.435 0.48 1
376 0.975295318005 13.6086204395 0.0 0.435 0.48 1
378 3.55938593399 8.36812855735 0.0 0.435 0.48 1
399 5.04800565437 12.1659219502 0.0 0.435 0.48 1
