1 1.78095575765 2.1646443834 0.0 0.435 0.48 1
2 1.26510577396 1.13769126523 0.0 0.435 0.48 1
3 0.687168582927 0.0997597962802 0.0 0.435 0.48 1
4 7.66282417636 8.7437790821 0.0 0.435 0.48 1
5 3.88371266792 1.20928920515 0.0 0.435 0.48 1
6 3.91864987612 0.205724747353 0.0 0.435 0.48 1
11 2.93262083752 3.13813770643 0.0 0.435 0.48 1
13 0.841860438502 2.85198460658 0.0 0.435 0.48 1
14 -0.0862906949465 2.4961428452 0.0 0.435 0.48 1
15 0.0911313924679 1.88278715994 0.0 0.435 0.48 1
17 0.883953460427 2.36273201716 0.0 0.435 0.48 1
18 7.39953232421 6.67483727839 0.0 0.435 0.48 1
19 6.91020094433 5.60850529327 0.0 0.435 0.48 1
25 10.1313694472 2.52478202117 0.0 0.435 0.48 1
26 5.59395214874 6.92614604748 0.0 0.435 0.48 1
27 5.5800614515 7.56002647552 0.0 0.435 0.48 1
28 5.16628704598 7.01373419398 0.0 0.435 0.48 1
29 5.91406958048 9.44400693446 0.0 0.435 0.48 1
30 5.91196492938 9.01441929498 0.0 0.435 0.48 1
31 3.37354524219 11.4480332727 0.0 0.435 0.48 1
32 2.70447665869 11.8494590558 0.0 0.435 0.48 1
33 8.15278695156 9.6583234346 0.0 0.435 0.48 1
34 8.43965089598 9.51512755478 0.0 0.435 0.48 1
35 7.54412185453 10.1110610747 0.0 0.435 0.48 1
36 11.0704647663 9.85664972817 0.0 0.435 0.48 1
40 4.88279054331 4.17654649499 0.0 0.435 0.48 1
41 4.86174403235 3.43670111587 0.0 0.435 0.48 1
42 4.15710684532 5.1674619834 0.0 0.435 0.48 1
43 9.5725845811 4.05315937853 0.0 0.435 0.48 1
46 6.07739050555 9.79817807724 0.0 0.435 0.48 1
47 6.32174049782 9.98576467981 0.0 0.435 0.48 1
49 6.24407887237 10.7711940807 0.0 0.435 0.48 1
50 5.4880881986 10.8098569682 0.0 0.435 0.48 1
51 4.87668705513 10.0893430329 0.0 0.435 0.48 1
52 5.76000912023 11.7747585385 0.0 0.435 0.48 1
53 5.50366261671 10.5129641774 0.0 0.435 0.48 1
54 5.52597191833 10.2611780887 0.0 0.435 0.48 1
55 10.0345554967 8.65332701801 0.0 0.435 0.48 1
56 8.42870671028 5.60182281887 0.0 0.435 0.48 1
59 -0.198679063486 3.87678978655 0.0 0.435 0.48 1
60 7.79415440476 9.39532033532 0.0 0.435 0.48 1
61 7.27746256063 9.52777652416 0.0 0.435 0.48 1
63 1.55365343926 12.7401374283 0.0 0.435 0.48 1
64 1.96279761237 12.8398972246 0.0 0.435 0.48 1
65 3.04185222942 12.3487353568 0.0 0.435 0.48 1
66 3.52592198156 12.1062570003 0.0 0.435 0.48 1
67 7.33744511687 10.8583049076 0.0 0.435 0.48 1
68 5.26920448458 11.9205796761 0.0 0.435 0.48 1
69 4.2570777724 10.3124899456 0.0 0.435 0.48 1
70 3.67261616297 12.4862034014 0.0 0.435 0.48 1
71 10.6019694323 8.29772391644 0.0 0.435 0.48 1
72 11.1266589506 8.46454711644 0.0 0.435 0.48 1
73 12.006824039 4.85147640858 0.0 0.435 0.48 1
74 14.2436472241 5.24263982031 0.0 0.435 0.48 1
75 12.7598682013 8.20989711014 0.0 0.435 0.48 1
76 13.4958646896 8.13257133504 0.0 0.435 0.48 1
77 14.3158367567 6.92113419169 0.0 0.435 0.48 1
80 14.1853483888 8.30058783403 0.0 0.435 0.48 1
81 14.4168600093 7.88317184433 0.0 0.435 0.48 1
82 8.95676367033 8.72444763832 0.0 0.435 0.48 1
83 11.9361077622 7.7452264801 0.0 0.435 0.48 1
240 15.172640218 4.53334289556 0.0 0.435 0.48 1
402 7.02869280105 13.7477591027 0.0 0.435 0.48 1
