26 4.32737311901 4.53167227696 0.0 0.435 0.48 1
27 4.35073474618 3.78920164005 0.0 0.435 0.48 1
28 3.55391384114 3.67201967839 0.0 0.435 0.48 1
29 14.5288274477 8.20894247094 0.0 0.435 0.48 1
30 14.9851158053 8.13829917023 0.0 0.435 0.48 1
56 2.96019176688 5.28989446065 0.0 0.435 0.48 1
76 7.76616254518 12.9267693917 0.0 0.435 0.48 1
77 4.3031696314 10.8222672778 0.0 0.435 0.48 1
80 3.99147080405 11.9738008114 0.0 0.435 0.48 1
81 4.50100683445 11.2239317207 0.0 0.435 0.48 1
82 3.12309176173 13.0468152709 0.0 0.435 0.48 1
94 5.19006960337 7.54164967095 0.0 0.435 0.48 1
95 3.28999059367 4.67486815679 0.0 0.435 0.48 1
96 4.08365452206 2.86940677195 0.0 0.435 0.48 1
97 3.67261616297 2.36774387296 0.0 0.435 0.48 1
153 4.41345334885 0.575408777109 0.0 0.435 0.48 1
156 15.0495181289 7.00251718339 0.0 0.435 0.48 1
158 13.1681705139 3.20591708955 0.0 0.435 0.48 1
159 12.3359914705 2.29996448984 0.0 0.435 0.48 1
160 12.9067728478 2.53647635135 0.0 0.435 0.48 1
161 14.5768134927 3.00902275479 0.0 0.435 0.48 1
162 14.525670471 1.10189229528 0.0 0.435 0.48 1
163 15.0465716173 1.28231910386 0.0 0.435 0.48 1
247 4.91604403063 9.52801518396 0.0 0.435 0.48 1
248 5.40832192205 9.88314096593 0.0 0.435 0.48 1
249 5.5735370331 10.1084358169 0.0 0.435 0.48 1
250 5.92522423129 9.01060073818 0.0 0.435 0.48 1
254 10.9020926786 3.55794029413 0.0 0.435 0.48 1
255 12.1480461276 5.59728828268 0.0 0.435 0.48 1
256 14.057175137 3.8288191668 0.0 0.435 0.48 1
257 14.2499611774 5.32211353361 0.0 0.435 0.48 1
258 14.9272379002 6.48748933561 0.0 0.435 0.48 1
349 9.05862878339 8.02063988897 0.0 0.435 0.48 1
350 11.6557682362 6.3283032492 0.0 0.435 0.48 1
351 7.52854743641 6.96552491444 0.0 0.435 0.48 1
352 7.81877882259 7.35668832617 0.0 0.435 0.48 1
353 7.61399627092 6.59130634849 0.0 0.435 0.48 1
354 6.2796474759 7.58938163089 0.0 0.435 0.48 1
355 3.58085337517 10.9821693436 0.0 0.435 0.48 1
356 3.8439347622 10.8368255256 0.0 0.435 0.48 1
357 3.56738360815 11.5153353362 0.0 0.435 0.48 1
358 2.98481618471 13.4630379616 0.0 0.435 0.48 1
397 11.213791506 7.13592801143 0.0 0.435 0.48 1
399 3.63241732703 12.6074425797 0.0 0.435 0.48 1
