103 14.6687867456 5.15958621001 0.0 0.435 0.48 1
104 14.4402216365 5.51304137338 0.0 0.435 0.48 1
108 8.0574462569 5.84692643318 0.0 0.435 0.48 1
109 13.0162147048 5.43929549527 0.0 0.435 0.48 1
112 12.244860078 5.74215478111 0.0 0.435 0.48 1
113 12.9084565687 3.47512534363 0.0 0.435 0.48 1
116 6.47159165588 11.6807265774 0.0 0.435 0.48 1
117 9.1112450608 12.6196142294 0.0 0.435 0.48 1
120 8.69220902753 9.11680434905 0.0 0.435 0.48 1
121 8.07302067502 9.05618475993 0.0 0.435 0.48 1
122 2.65585921836 7.25430327209 0.0 0.435 0.48 1
123 6.35162654339 7.06433007152 0.0 0.435 0.48 1
124 7.46898581039 3.30615420543 0.0 0.435 0.48 1
125 0.687589513147 4.13669030843 0.0 0.435 0.48 1
126 0.673488350802 3.21188358454 0.0 0.435 0.48 1
127 0.10691627569 2.56559284692 0.0 0.435 0.48 1
164 6.68268816083 9.84781931558 0.0 0.435 0.48 1
165 13.7740995646 8.61275485206 0.0 0.435 0.48 1
166 7.53970208722 5.84501715478 0.0 0.435 0.48 1
168 8.58592414717 5.4929939502 0.0 0.435 0.48 1
177 8.29758694699 6.26434242288 0.0 0.435 0.48 1
178 8.90541018358 6.56409913132 0.0 0.435 0.48 1
180 14.7197193021 8.18292855278 0.0 0.435 0.48 1
190 8.71746484069 6.01995478797 0.0 0.435 0.48 1
255 6.35309979916 6.02687592216 0.0 0.435 0.48 1
269 10.7758136128 6.48820531501 0.0 0.435 0.48 1
270 11.1314996481 6.96815017223 0.0 0.435 0.48 1
272 9.64161713706 8.35404762917 0.0 0.435 0.48 1
273 3.11825106421 4.54098000915 0.0 0.435 0.48 1
274 3.32829524362 4.14241814363 0.0 0.435 0.48 1
276 14.589020469 6.59965944148 0.0 0.435 0.48 1
277 13.8180867725 4.09015164749 0.0 0.435 0.48 1
279 8.11911253402 8.02254916737 0.0 0.435 0.48 1
280 6.00162306608 8.46621773503 0.0 0.435 0.48 1
281 6.6885811839 7.89247957652 0.0 0.435 0.48 1
282 14.2693239675 4.34766557138 0.0 0.435 0.48 1
283 12.6731565761 1.79352839485 0.0 0.435 0.48 1
285 15.0387844083 5.90348880571 0.0 0.435 0.48 1
369 3.24242547889 7.30752440743 0.0 0.435 0.48 1
370 3.26347198985 7.60346255907 0.0 0.435 0.48 1
371 4.73778008278 8.87814454934 0.0 0.435 0.48 1
372 5.33907890098 8.97742702602 0.0 0.435 0.48 1
373 13.8801739798 7.14380378482 0.0 0.435 0.48 1
374 13.9357367687 8.09557906608 0.0 0.435 0.48 1
375 1.84935691828 13.6012219857 0.0 0.435 0.48 1
376 1.15818949827 13.5709121911 0.0 0.435 0.48 1
378 3.74354290491 8.53709969555 0.0 0.435 0.48 1
399 5.0595812354 12.1573301974 0.0 0.435 0.48 1
