128 6.6841614166 13.8167317848 0.0 0.435 0.48 1
129 7.0232207082 13.3599369282 0.0 0.435 0.48 1
134 14.6694181409 5.05266661973 0.0 0.435 0.48 1
135 14.0453890909 5.55552281773 0.0 0.435 0.48 1
137 7.87518347197 9.94137395706 0.0 0.435 0.48 1
138 7.74890440619 9.65164096021 0.0 0.435 0.48 1
139 5.54133587133 8.02589040456 0.0 0.435 0.48 1
140 5.16881262729 7.87911462774 0.0 0.435 0.48 1
141 9.51744272238 0.140093302432 0.0 0.435 0.48 1
142 1.28552088959 1.04628456194 0.0 0.435 0.48 1
143 1.30719879588 0.458704135049 0.0 0.435 0.48 1
144 0.0420930219251 2.31500005722 0.0 0.435 0.48 1
168 3.92812080605 11.5127100784 0.0 0.435 0.48 1
177 3.48614407584 11.7427781253 0.0 0.435 0.48 1
178 3.02964525306 12.1301229802 0.0 0.435 0.48 1
207 11.273353132 5.92067231129 0.0 0.435 0.48 1
208 11.6652391661 5.93427591987 0.0 0.435 0.48 1
209 10.6059682694 10.365711081 0.0 0.435 0.48 1
210 4.44333939441 3.09279234449 0.0 0.435 0.48 1
211 3.91465103903 10.9425518169 0.0 0.435 0.48 1
212 9.32360435641 3.22190729613 0.0 0.435 0.48 1
213 9.30529389187 3.76175576308 0.0 0.435 0.48 1
214 12.1467833369 1.86560365436 0.0 0.435 0.48 1
215 12.2452810082 2.60902893047 0.0 0.435 0.48 1
216 11.7304833501 1.85295468498 0.0 0.435 0.48 1
217 10.3548833936 2.4183397505 0.0 0.435 0.48 1
218 13.8854356075 2.03147221516 0.0 0.435 0.48 1
219 5.86987190746 0.73292424492 0.0 0.435 0.48 1
269 3.45099640253 9.12849867924 0.0 0.435 0.48 1
276 12.638429833 4.2481444349 0.0 0.435 0.48 1
301 6.76540094891 10.9957729522 0.0 0.435 0.48 1
306 7.61315441048 7.01468883318 0.0 0.435 0.48 1
307 8.15678578865 7.20633265235 0.0 0.435 0.48 1
311 12.1093205474 9.22849713532 0.0 0.435 0.48 1
314 8.12205904556 9.52682188496 0.0 0.435 0.48 1
316 3.12688013371 4.43215114048 0.0 0.435 0.48 1
318 8.16836136968 5.24001456251 0.0 0.435 0.48 1
319 9.62562178872 5.4984831256 0.0 0.435 0.48 1
320 13.0884042374 7.4953496698 0.0 0.435 0.48 1
321 14.9369192952 6.79154192045 0.0 0.435 0.48 1
322 15.1259169637 6.63474243203 0.0 0.435 0.48 1
389 4.69337194465 10.2406533459 0.0 0.435 0.48 1
390 4.42523939499 10.5263291262 0.0 0.435 0.48 1
391 8.7374590261 9.50963837938 0.0 0.435 0.48 1
392 8.96581367005 9.57025796851 0.0 0.435 0.48 1
394 9.23941831256 7.87052287495 0.0 0.435 0.48 1
395 7.65040673489 11.5406332749 0.0 0.435 0.48 1
396 3.65493709376 9.98481004061 0.0 0.435 0.48 1
399 4.21393242492 11.952798749 0.0 0.435 0.48 1
408 13.3058146956 6.86934501515 0.0 0.435 0.48 1
409 12.7019902961 7.25024605549 0.0 0.435 0.48 1
414 10.38645316 7.9927166924 0.0 0.435 0.48 1
415 10.1679903762 10.2141621081 0.0 0.435 0.48 1
