101 6.57682421069 1.40546756051 0.0 0.435 0.48 1
103 4.2528684702 0.767052596279 0.0 0.435 0.48 1
104 4.57572194837 1.61692014306 0.0 0.435 0.48 1
105 14.356666988 9.65378889841 0.0 0.435 0.48 1
107 12.5035216977 8.10250020027 0.0 0.435 0.48 1
108 7.93600788865 6.09393932588 0.0 0.435 0.48 1
109 4.04093010481 4.02666814077 0.0 0.435 0.48 1
110 3.33692431311 7.56074245492 0.0 0.435 0.48 1
111 2.61334526622 6.77889295106 0.0 0.435 0.48 1
112 3.33944989443 3.1662995628 0.0 0.435 0.48 1
113 3.05174408957 2.57155934191 0.0 0.435 0.48 1
114 1.79505692 3.57130524291 0.0 0.435 0.48 1
115 1.4277953037 4.31687845722 0.0 0.435 0.48 1
164 6.71089048552 9.64042394963 0.0 0.435 0.48 1
165 11.5968380055 9.13876105063 0.0 0.435 0.48 1
166 7.65356371153 5.89179447553 0.0 0.435 0.48 1
167 6.28427770831 10.9091394449 0.0 0.435 0.48 1
168 7.96315788779 2.9166614123 0.0 0.435 0.48 1
169 8.75534856042 3.93788669527 0.0 0.435 0.48 1
171 6.52504979372 0.167061859799 0.0 0.435 0.48 1
173 14.4379065203 8.50822185978 0.0 0.435 0.48 1
177 8.80312414031 2.29399799485 0.0 0.435 0.48 1
178 9.10956133992 2.43576191588 0.0 0.435 0.48 1
179 12.3492507724 5.77222591587 0.0 0.435 0.48 1
180 11.0125868612 5.38368776194 0.0 0.435 0.48 1
181 12.5563484403 4.48370165722 0.0 0.435 0.48 1
182 13.233625163 4.07487742031 0.0 0.435 0.48 1
183 13.8193495631 1.93099643948 0.0 0.435 0.48 1
184 13.6989635204 2.68062687038 0.0 0.435 0.48 1
185 14.1131588562 2.92859440228 0.0 0.435 0.48 1
186 14.0517030441 1.55964179113 0.0 0.435 0.48 1
255 6.66395676607 6.86695841716 0.0 0.435 0.48 1
257 7.67103231563 5.07366868211 0.0 0.435 0.48 1
258 2.71836735592 9.72323890013 0.0 0.435 0.48 1
261 14.2928960598 4.26675989928 0.0 0.435 0.48 1
262 14.5968076781 3.84027483719 0.0 0.435 0.48 1
264 9.49597528119 3.63812998683 0.0 0.435 0.48 1
265 1.04790578083 4.83930475879 0.0 0.435 0.48 1
266 10.833691518 6.8316367668 0.0 0.435 0.48 1
267 10.323103162 7.01612079198 0.0 0.435 0.48 1
269 11.7163821877 6.28558314505 0.0 0.435 0.48 1
270 12.676734483 6.22949809212 0.0 0.435 0.48 1
272 10.6331182685 7.61969142545 0.0 0.435 0.48 1
362 11.5444321932 2.20712582775 0.0 0.435 0.48 1
363 4.10322777726 11.4511358501 0.0 0.435 0.48 1
364 4.33095102587 11.7368116303 0.0 0.435 0.48 1
365 8.75955786261 6.62519604005 0.0 0.435 0.48 1
366 8.09911834861 6.65646047381 0.0 0.435 0.48 1
399 5.58890098611 10.5225105694 0.0 0.435 0.48 1
403 9.68476248453 7.95620174305 0.0 0.435 0.48 1
404 6.72562304319 10.5186920126 0.0 0.435 0.48 1
405 7.67355789695 13.0341663016 0.0 0.435 0.48 1
