123 13.0823007492 7.60537183747 0.0 0.435 0.48 1
128 10.6495345471 5.48917539341 0.0 0.435 0.48 1
129 11.2544112721 4.93238208068 0.0 0.435 0.48 1
134 2.24461039416 1.0866180681 0.0 0.435 0.48 1
135 2.25555457986 1.88135520114 0.0 0.435 0.48 1
168 7.10572303118 8.91609145749 0.0 0.435 0.48 1
177 6.56545909477 8.86907547695 0.0 0.435 0.48 1
178 7.34333813994 9.12754404004 0.0 0.435 0.48 1
190 7.44983348541 9.37837548954 0.0 0.435 0.48 1
200 5.31424401804 8.61561876966 0.0 0.435 0.48 1
201 5.44725796733 9.10415537967 0.0 0.435 0.48 1
203 4.71315566495 8.42158835249 0.0 0.435 0.48 1
204 11.8799135779 6.90084810871 0.0 0.435 0.48 1
207 12.9156123824 3.06272120972 0.0 0.435 0.48 1
208 13.6381391037 2.37872222374 0.0 0.435 0.48 1
209 8.0267183509 2.03314283376 0.0 0.435 0.48 1
269 3.98852429251 9.23494094991 0.0 0.435 0.48 1
276 12.6784182038 4.44885732646 0.0 0.435 0.48 1
286 7.59779045748 4.54050268955 0.0 0.435 0.48 1
287 7.46793348484 4.89801506952 0.0 0.435 0.48 1
291 -0.0865011600561 3.60782019227 0.0 0.435 0.48 1
292 3.1923347828 11.9995760698 0.0 0.435 0.48 1
293 13.4207286455 8.61872134705 0.0 0.435 0.48 1
294 13.9003786303 8.86788217795 0.0 0.435 0.48 1
297 10.6794205926 8.98363218081 0.0 0.435 0.48 1
298 4.52731497315 1.32384590901 0.0 0.435 0.48 1
299 6.4612788655 2.42287428669 0.0 0.435 0.48 1
300 5.17807309212 0.762995379684 0.0 0.435 0.48 1
301 10.7410868697 9.2423394037 0.0 0.435 0.48 1
302 4.49300916029 6.0827223153 0.0 0.435 0.48 1
303 10.1244240985 2.70998202575 0.0 0.435 0.48 1
304 11.7018600952 2.02860829756 0.0 0.435 0.48 1
305 5.60363354378 1.60952168927 0.0 0.435 0.48 1
306 13.387054228 5.36268569956 0.0 0.435 0.48 1
307 13.9673065352 5.25719806809 0.0 0.435 0.48 1
310 14.6593158156 4.52021660657 0.0 0.435 0.48 1
311 13.2858205102 8.39199453732 0.0 0.435 0.48 1
312 13.531222828 5.9977594266 0.0 0.435 0.48 1
313 14.1853483888 6.20706407095 0.0 0.435 0.48 1
314 13.9597297912 8.1640744286 0.0 0.435 0.48 1
315 15.0522541753 7.54737750614 0.0 0.435 0.48 1
375 7.414475347 10.9363466621 0.0 0.435 0.48 1
378 14.3063658268 7.12399502145 0.0 0.435 0.48 1
379 6.84937652765 11.2456497625 0.0 0.435 0.48 1
382 0.49459300762 2.24435675651 0.0 0.435 0.48 1
399 3.23674292093 13.7298596177 0.0 0.435 0.48 1
408 8.09343579065 9.28959404405 0.0 0.435 0.48 1
409 7.62388813108 12.0384776171 0.0 0.435 0.48 1
411 4.05271615095 10.7895708852 0.0 0.435 0.48 1
413 4.74009519899 12.131554939 0.0 0.435 0.48 1
414 8.37945787463 9.72562549812 0.0 0.435 0.48 1
