108 7.98378346853 5.84000529899 0.0 0.435 0.48 1
116 6.14558120107 12.2671137053 0.0 0.435 0.48 1
120 9.01464157548 9.87765179054 0.0 0.435 0.48 1
123 7.89370440162 9.78887034505 0.0 0.435 0.48 1
124 14.1038983913 6.97793522402 0.0 0.435 0.48 1
125 8.03345323441 4.17010268039 0.0 0.435 0.48 1
126 8.08522765137 3.72834339112 0.0 0.435 0.48 1
127 7.9151718428 2.75461140829 0.0 0.435 0.48 1
128 0.566782540222 1.37444178655 0.0 0.435 0.48 1
129 0.260976735936 0.591876303289 0.0 0.435 0.48 1
164 6.67532188199 9.90127911071 0.0 0.435 0.48 1
166 7.51044743699 5.832845505 0.0 0.435 0.48 1
168 8.48048112725 5.60755065407 0.0 0.435 0.48 1
177 8.17572764851 6.39274139512 0.0 0.435 0.48 1
178 8.84774274355 6.67054140199 0.0 0.435 0.48 1
180 15.2227309141 8.11443319026 0.0 0.435 0.48 1
190 8.69178809732 6.17651561658 0.0 0.435 0.48 1
198 10.9256647709 6.03141045836 0.0 0.435 0.48 1
199 7.7183869653 0.666099501 0.0 0.435 0.48 1
255 6.32910677666 5.93666251787 0.0 0.435 0.48 1
269 9.84766247938 6.61087645206 0.0 0.435 0.48 1
272 7.9896764916 10.3342079874 0.0 0.435 0.48 1
276 14.4753693098 6.55431407953 0.0 0.435 0.48 1
277 13.7719949135 4.06771762632 0.0 0.435 0.48 1
279 4.90678356581 8.23042185292 0.0 0.435 0.48 1
280 4.51573939213 10.6244183038 0.0 0.435 0.48 1
281 4.59908357554 10.161895612 0.0 0.435 0.48 1
282 14.1523053665 4.39921608812 0.0 0.435 0.48 1
284 11.4023682442 4.85768156337 0.0 0.435 0.48 1
285 11.6195682373 5.28893982145 0.0 0.435 0.48 1
286 14.3139425707 7.67362854019 0.0 0.435 0.48 1
287 14.2026065277 9.38076208754 0.0 0.435 0.48 1
369 2.19662434916 1.84889746838 0.0 0.435 0.48 1
370 1.71928948053 2.1682242804 0.0 0.435 0.48 1
371 6.22155910564 4.31974237481 0.0 0.435 0.48 1
372 6.51452653824 4.89849238912 0.0 0.435 0.48 1
375 3.97210801396 11.9394338003 0.0 0.435 0.48 1
376 3.61999988556 12.2193817453 0.0 0.435 0.48 1
377 4.41976730214 9.68958786837 0.0 0.435 0.48 1
378 6.6622730452 9.2435327027 0.0 0.435 0.48 1
379 1.26510577396 13.5133951794 0.0 0.435 0.48 1
380 0.983924387499 13.311250329 0.0 0.435 0.48 1
381 9.39537295879 8.84688011558 0.0 0.435 0.48 1
399 5.15744751137 12.0523198855 0.0 0.435 0.48 1
408 6.77697652994 13.4365467239 0.0 0.435 0.48 1
