108 7.98820323584 5.84024395879 0.0 0.435 0.48 1
116 6.33605212528 12.1535116406 0.0 0.435 0.48 1
120 9.01569390103 9.86237756336 0.0 0.435 0.48 1
123 8.05639393136 9.64257188782 0.0 0.435 0.48 1
124 13.7574728209 6.84953625178 0.0 0.435 0.48 1
125 7.63356952612 4.13836092703 0.0 0.435 0.48 1
126 7.66092999037 3.66939442059 0.0 0.435 0.48 1
127 7.58200557426 2.77442017167 0.0 0.435 0.48 1
128 0.324958129262 1.4185938495 0.0 0.435 0.48 1
129 0.064612788655 0.623618056651 0.0 0.435 0.48 1
164 6.67574281221 9.89817653332 0.0 0.435 0.48 1
166 7.51213115786 5.8335614844 0.0 0.435 0.48 1
168 8.47016833688 5.59967488068 0.0 0.435 0.48 1
177 8.18288346224 6.38510428153 0.0 0.435 0.48 1
178 8.8511101853 6.6640975874 0.0 0.435 0.48 1
180 15.1619064974 8.11443319026 0.0 0.435 0.48 1
190 8.69326135308 6.1672078844 0.0 0.435 0.48 1
198 11.0687810454 5.81184344262 0.0 0.435 0.48 1
199 8.49331949894 0.362285575965 0.0 0.435 0.48 1
255 6.33058003243 5.94191303347 0.0 0.435 0.48 1
269 9.91437991913 6.57102026551 0.0 0.435 0.48 1
272 7.96652532955 10.3196497396 0.0 0.435 0.48 1
276 14.4821041933 6.55693933733 0.0 0.435 0.48 1
277 13.7747309599 4.06891092531 0.0 0.435 0.48 1
279 5.13240216333 8.21323834734 0.0 0.435 0.48 1
280 4.58161497144 10.5845621173 0.0 0.435 0.48 1
281 4.64391264389 10.0392244749 0.0 0.435 0.48 1
282 14.1590402501 4.39635217052 0.0 0.435 0.48 1
284 11.6856542817 4.90350424491 0.0 0.435 0.48 1
285 11.9032752051 5.39275683433 0.0 0.435 0.48 1
286 14.0028751387 7.70083575735 0.0 0.435 0.48 1
287 14.2790053625 9.19269816536 0.0 0.435 0.48 1
369 2.20651620931 2.27466655107 0.0 0.435 0.48 1
370 1.67067204021 2.61785934306 0.0 0.435 0.48 1
371 5.92964399859 4.55840217453 0.0 0.435 0.48 1
372 6.27438584816 5.10731971387 0.0 0.435 0.48 1
374 15.1027658016 6.05575375793 0.0 0.435 0.48 1
375 3.89549871406 12.0263059674 0.0 0.435 0.48 1
376 3.53981267879 12.287638448 0.0 0.435 0.48 1
377 4.38461962883 9.9148827193 0.0 0.435 0.48 1
378 6.43160328505 9.28959404405 0.0 0.435 0.48 1
379 1.08389531457 13.5797426037 0.0 0.435 0.48 1
380 0.812816253374 13.4157833213 0.0 0.435 0.48 1
381 9.76410783086 8.87289403375 0.0 0.435 0.48 1
399 5.16586611576 12.0523198855 0.0 0.435 0.48 1
