128 7.37280325529 10.4499579903 0.0 0.435 0.48 1
129 7.43278581154 9.73803580771 0.0 0.435 0.48 1
134 10.0322403805 4.12881453504 0.0 0.435 0.48 1
135 9.78978457423 4.73453310672 0.0 0.435 0.48 1
136 7.10446024052 4.09898206008 0.0 0.435 0.48 1
137 3.01028246297 5.48106096022 0.0 0.435 0.48 1
138 2.20988365107 5.0834537339 0.0 0.435 0.48 1
139 1.52103134726 1.00881497339 0.0 0.435 0.48 1
140 0.691798815339 0.803090226036 0.0 0.435 0.48 1
168 5.46009633902 10.0471002483 0.0 0.435 0.48 1
177 5.05726611919 9.76357240628 0.0 0.435 0.48 1
178 5.10735681528 10.4373090209 0.0 0.435 0.48 1
190 7.40311023108 11.9091240057 0.0 0.435 0.48 1
200 2.58872084839 12.0905054535 0.0 0.435 0.48 1
201 2.91052200101 12.2821492727 0.0 0.435 0.48 1
203 3.36744175401 11.5795348223 0.0 0.435 0.48 1
207 11.304081038 5.44693260886 0.0 0.435 0.48 1
208 11.6622926546 5.30325940943 0.0 0.435 0.48 1
209 9.13018692067 8.84091362059 0.0 0.435 0.48 1
210 12.9353961027 1.4973515834 0.0 0.435 0.48 1
211 6.57387769915 1.58756498769 0.0 0.435 0.48 1
269 3.57916965429 9.17384404119 0.0 0.435 0.48 1
276 12.5205693716 4.39468155192 0.0 0.435 0.48 1
293 13.5857332914 8.65619093561 0.0 0.435 0.48 1
297 8.36661950294 9.94757911186 0.0 0.435 0.48 1
301 7.90128114556 10.0957868475 0.0 0.435 0.48 1
306 10.3814019974 5.87890684634 0.0 0.435 0.48 1
307 12.9646507529 5.63237127324 0.0 0.435 0.48 1
311 12.2696949609 9.06668579111 0.0 0.435 0.48 1
314 10.7652903573 8.9974744492 0.0 0.435 0.48 1
315 13.6088844535 9.12539610184 0.0 0.435 0.48 1
316 12.6489530885 3.2457732761 0.0 0.435 0.48 1
317 14.3200460589 6.80275893103 0.0 0.435 0.48 1
375 7.07331140429 11.0205935714 0.0 0.435 0.48 1
389 4.1040696377 12.1239178254 0.0 0.435 0.48 1
390 3.77995336887 12.1737977236 0.0 0.435 0.48 1
391 4.60308241262 9.94232859626 0.0 0.435 0.48 1
392 4.40777079089 10.122516745 0.0 0.435 0.48 1
393 3.89570917917 11.2528095565 0.0 0.435 0.48 1
399 3.01154525363 13.2525400183 0.0 0.435 0.48 1
408 8.60212996061 8.70249093675 0.0 0.435 0.48 1
409 8.32705206233 9.10558733847 0.0 0.435 0.48 1
414 9.71064969301 7.93352906207 0.0 0.435 0.48 1
