148 7.39574395224 11.9169997791 0.0 0.435 0.48 1
209 2.56136038414 12.3220054592 0.0 0.435 0.48 1
225 4.30169637564 10.6017456229 0.0 0.435 0.48 1
229 8.06207648932 13.5616044589 0.0 0.435 0.48 1
232 14.0851669966 2.53814696995 0.0 0.435 0.48 1
233 9.00180320379 4.38632845893 0.0 0.435 0.48 1
234 14.6645774434 1.87467272675 0.0 0.435 0.48 1
235 14.8619937162 3.17202739799 0.0 0.435 0.48 1
237 14.7820169745 0.962992291844 0.0 0.435 0.48 1
301 6.30637654482 11.1730971834 0.0 0.435 0.48 1
306 7.91601370324 6.9986986266 0.0 0.435 0.48 1
307 8.35230787549 7.09392388668 0.0 0.435 0.48 1
314 3.31166849996 13.6119616767 0.0 0.435 0.48 1
320 8.6084439139 12.7114982523 0.0 0.435 0.48 1
332 5.56154052185 11.2585373917 0.0 0.435 0.48 1
333 5.41400448001 11.3160544034 0.0 0.435 0.48 1
335 9.60310202199 10.3282414924 0.0 0.435 0.48 1
336 6.44844049382 10.671911604 0.0 0.435 0.48 1
341 8.76103111838 8.88458836393 0.0 0.435 0.48 1
342 7.86844858846 4.4118650575 0.0 0.435 0.48 1
343 14.3741355921 2.77847738826 0.0 0.435 0.48 1
344 14.0801158339 6.56314449212 0.0 0.435 0.48 1
345 15.1008716156 2.15987118741 0.0 0.435 0.48 1
346 15.2119971935 7.72207647953 0.0 0.435 0.48 1
389 8.58613461228 6.1662532452 0.0 0.435 0.48 1
390 9.45724970102 6.18486870957 0.0 0.435 0.48 1
414 3.44510337946 10.8520997528 0.0 0.435 0.48 1
