101 6.6012381634 1.34317735279 0.0 0.435 0.48 1
103 4.87542426448 0.970152085835 0.0 0.435 0.48 1
104 4.91646496085 1.76130932189 0.0 0.435 0.48 1
107 13.490813527 8.69413784376 0.0 0.435 0.48 1
108 7.86697533269 6.10563365607 0.0 0.435 0.48 1
109 5.62362772919 4.43048052188 0.0 0.435 0.48 1
110 4.34063242092 9.21346156794 0.0 0.435 0.48 1
111 3.70755337116 8.56502289212 0.0 0.435 0.48 1
112 5.1143021639 3.54815524234 0.0 0.435 0.48 1
113 4.60329287773 3.05412945693 0.0 0.435 0.48 1
114 3.60674058365 4.82188259341 0.0 0.435 0.48 1
115 3.24116268823 5.40397384491 0.0 0.435 0.48 1
164 6.70920676464 9.65283425921 0.0 0.435 0.48 1
165 11.6174635862 9.16644558739 0.0 0.435 0.48 1
166 7.64661836291 5.88893055793 0.0 0.435 0.48 1
167 6.49874165502 11.15328842 0.0 0.435 0.48 1
168 8.23044857702 3.332884103 0.0 0.435 0.48 1
169 8.94245204288 5.42020271129 0.0 0.435 0.48 1
173 14.6864658148 8.82969661 0.0 0.435 0.48 1
177 8.75429623487 2.59375470329 0.0 0.435 0.48 1
178 9.16912296595 2.5803897545 0.0 0.435 0.48 1
179 12.1211065936 7.18843316737 0.0 0.435 0.48 1
180 10.1837752595 6.34214551759 0.0 0.435 0.48 1
181 12.225707753 5.80205839083 0.0 0.435 0.48 1
182 12.7331391323 5.39371147352 0.0 0.435 0.48 1
183 13.5434298044 3.63359545064 0.0 0.435 0.48 1
184 13.4624007372 4.60088361888 0.0 0.435 0.48 1
185 13.9218460715 4.72641867353 0.0 0.435 0.48 1
186 14.0809576944 3.45006606466 0.0 0.435 0.48 1
187 13.1860600483 2.02526706037 0.0 0.435 0.48 1
188 9.33770551876 0.817171154219 0.0 0.435 0.48 1
189 5.64046493796 0.71597939914 0.0 0.435 0.48 1
255 6.60081723319 6.81493058082 0.0 0.435 0.48 1
257 6.81591257522 5.34597951358 0.0 0.435 0.48 1
261 14.7651797658 4.95410012245 0.0 0.435 0.48 1
262 14.7536041847 4.38083928354 0.0 0.435 0.48 1
264 8.64506484298 3.92953360228 0.0 0.435 0.48 1
266 10.2210275839 7.4118187399 0.0 0.435 0.48 1
267 9.5965776036 7.37124657395 0.0 0.435 0.48 1
269 11.6683961427 6.30109603203 0.0 0.435 0.48 1
270 12.5064682093 6.28033262946 0.0 0.435 0.48 1
272 10.6798415228 7.68460689097 0.0 0.435 0.48 1
363 4.57403822749 10.9108100635 0.0 0.435 0.48 1
364 4.54604636791 11.2551961545 0.0 0.435 0.48 1
365 10.0688613096 5.3318985854 0.0 0.435 0.48 1
366 9.34065203029 5.54287384834 0.0 0.435 0.48 1
367 0.453552311243 13.2086266151 0.0 0.435 0.48 1
368 0.926888342791 13.2914415656 0.0 0.435 0.48 1
399 5.86776725636 10.5869487153 0.0 0.435 0.48 1
403 10.599443851 8.13495793303 0.0 0.435 0.48 1
404 6.79086722718 10.5112935588 0.0 0.435 0.48 1
405 7.8322485896 13.6200761098 0.0 0.435 0.48 1
