108 7.88865323898 5.8309362266 0.0 0.435 0.48 1
116 7.03227070792 12.1112688561 0.0 0.435 0.48 1
123 6.87905210811 11.1656987296 0.0 0.435 0.48 1
125 9.3059252872 6.8280568698 0.0 0.435 0.48 1
126 9.7234880647 7.14547440342 0.0 0.435 0.48 1
127 10.4188647869 6.64858470042 0.0 0.435 0.48 1
128 6.20640561775 1.64054746323 0.0 0.435 0.48 1
129 7.97662765481 -0.0238659799713 0.0 0.435 0.48 1
130 3.63157546659 1.64365004063 0.0 0.435 0.48 1
131 3.99189173427 0.951536621458 0.0 0.435 0.48 1
132 2.21893365078 4.1612722678 0.0 0.435 0.48 1
133 1.61132087929 4.75458052989 0.0 0.435 0.48 1
166 7.47256371725 5.81709395822 0.0 0.435 0.48 1
168 8.50699973106 6.23570324691 0.0 0.435 0.48 1
177 7.96947184108 6.70395377395 0.0 0.435 0.48 1
178 8.63601484326 6.9165996555 0.0 0.435 0.48 1
190 8.34872996863 6.79416717824 0.0 0.435 0.48 1
198 7.47003813594 10.1084358169 0.0 0.435 0.48 1
200 11.9441054364 3.13861502603 0.0 0.435 0.48 1
201 12.4774240241 3.13956966523 0.0 0.435 0.48 1
202 5.59142656742 3.12023822145 0.0 0.435 0.48 1
203 12.5561379751 2.30616964463 0.0 0.435 0.48 1
255 6.29816840554 5.81971921601 0.0 0.435 0.48 1
269 5.19006960337 9.07050434791 0.0 0.435 0.48 1
276 12.6836798316 4.81806403662 0.0 0.435 0.48 1
277 13.7124332874 4.03883979055 0.0 0.435 0.48 1
280 0.639603468152 13.0076750638 0.0 0.435 0.48 1
281 0.298860455668 12.6816657774 0.0 0.435 0.48 1
282 14.0007704876 4.46604083204 0.0 0.435 0.48 1
284 1.62289646032 3.20854234735 0.0 0.435 0.48 1
285 2.19978132581 3.70304545235 0.0 0.435 0.48 1
286 14.0607530439 7.51324915478 0.0 0.435 0.48 1
287 13.4135728318 7.82016565721 0.0 0.435 0.48 1
288 10.6806833833 4.37415680915 0.0 0.435 0.48 1
289 10.3233136271 4.79706197424 0.0 0.435 0.48 1
291 11.071727557 7.47768884462 0.0 0.435 0.48 1
292 13.4146251573 8.3251697934 0.0 0.435 0.48 1
293 14.4863134955 7.56670894991 0.0 0.435 0.48 1
294 14.393077452 7.94212081486 0.0 0.435 0.48 1
295 14.1222088559 6.79583779684 0.0 0.435 0.48 1
296 14.3718204759 6.53927851215 0.0 0.435 0.48 1
297 15.0185797578 8.41824711529 0.0 0.435 0.48 1
371 11.5467473094 1.51978560458 0.0 0.435 0.48 1
372 12.0291333406 2.33815005779 0.0 0.435 0.48 1
375 6.51010677094 10.4735853104 0.0 0.435 0.48 1
376 5.26162774064 10.2743043777 0.0 0.435 0.48 1
377 10.893253144 9.26883064147 0.0 0.435 0.48 1
378 10.336572929 8.83948166179 0.0 0.435 0.48 1
379 4.23034870347 11.0881342947 0.0 0.435 0.48 1
380 3.84456615753 11.2647425465 0.0 0.435 0.48 1
381 4.44944288259 10.1241873636 0.0 0.435 0.48 1
382 3.20685687536 12.1893106106 0.0 0.435 0.48 1
383 3.45162779786 12.7444333047 0.0 0.435 0.48 1
384 3.76669406697 12.7344095931 0.0 0.435 0.48 1
385 3.60905569986 10.0573626197 0.0 0.435 0.48 1
386 2.97955455697 5.43261302088 0.0 0.435 0.48 1
387 3.44005221683 5.59848158168 0.0 0.435 0.48 1
388 4.04408708145 5.5786728183 0.0 0.435 0.48 1
399 4.97350100556 12.0523198855 0.0 0.435 0.48 1
408 7.04679280048 10.85544099 0.0 0.435 0.48 1
409 7.09141140372 12.972830733 0.0 0.435 0.48 1
410 7.25767884033 11.5241657488 0.0 0.435 0.48 1
