108 7.89728230848 5.831652206 0.0 0.435 0.48 1
116 6.70057769515 12.1064956601 0.0 0.435 0.48 1
123 6.86158350401 11.1458899662 0.0 0.435 0.48 1
125 9.70412527461 6.4163687153 0.0 0.435 0.48 1
126 10.161886888 6.67173470099 0.0 0.435 0.48 1
127 10.9063019808 6.27842335106 0.0 0.435 0.48 1
128 6.13842538734 1.54365158455 0.0 0.435 0.48 1
129 7.34523232593 0.190927839771 0.0 0.435 0.48 1
130 2.83917432885 1.79686963204 0.0 0.435 0.48 1
131 3.00965106765 0.891871671529 0.0 0.435 0.48 1
132 1.4671522792 3.53049441716 0.0 0.435 0.48 1
133 0.955932527919 4.17368257739 0.0 0.435 0.48 1
166 7.47593115901 5.81852591701 0.0 0.435 0.48 1
168 8.53436019532 6.16935582259 0.0 0.435 0.48 1
177 7.99472765424 6.65622181401 0.0 0.435 0.48 1
178 8.77976251314 6.79559913704 0.0 0.435 0.48 1
190 8.4247078732 6.67793985578 0.0 0.435 0.48 1
198 7.79457533498 9.83373838739 0.0 0.435 0.48 1
200 12.1697240339 2.76010058369 0.0 0.435 0.48 1
201 12.8347937803 2.90926295851 0.0 0.435 0.48 1
202 4.91330798421 2.46511707124 0.0 0.435 0.48 1
203 12.5921275089 1.67992633018 0.0 0.435 0.48 1
255 6.30111491708 5.8302202472 0.0 0.435 0.48 1
269 5.48451029173 8.92539918968 0.0 0.435 0.48 1
276 12.6904147151 4.84240733619 0.0 0.435 0.48 1
277 13.7176949152 4.04146504835 0.0 0.435 0.48 1
280 1.11483368569 12.853739493 0.0 0.435 0.48 1
281 0.822287183307 12.5418111347 0.0 0.435 0.48 1
282 14.0144507197 4.46007433704 0.0 0.435 0.48 1
284 2.50011503724 3.42977998168 0.0 0.435 0.48 1
285 2.97429292923 4.04671556394 0.0 0.435 0.48 1
286 14.1253658325 7.54594554734 0.0 0.435 0.48 1
287 13.6179344532 8.08650999369 0.0 0.435 0.48 1
288 11.3455426646 4.55482227753 0.0 0.435 0.48 1
289 10.9782810483 5.00278672159 0.0 0.435 0.48 1
291 11.8203519519 7.36981461515 0.0 0.435 0.48 1
292 13.7606297975 8.56573887152 0.0 0.435 0.48 1
293 14.5401925636 7.59439348668 0.0 0.435 0.48 1
294 14.4387483807 7.98889813561 0.0 0.435 0.48 1
295 14.9640692944 7.07435378311 0.0 0.435 0.48 1
296 15.1233913824 6.77793831186 0.0 0.435 0.48 1
371 11.2842973177 1.76226396108 0.0 0.435 0.48 1
372 11.7229066061 2.56965006351 0.0 0.435 0.48 1
375 6.46359398171 10.4769265476 0.0 0.435 0.48 1
376 5.10041146667 10.2657126249 0.0 0.435 0.48 1
377 10.5274647835 9.164536309 0.0 0.435 0.48 1
378 10.2488089783 8.70010433875 0.0 0.435 0.48 1
379 4.11017312588 11.3337152286 0.0 0.435 0.48 1
380 3.65746267507 11.4635461596 0.0 0.435 0.48 1
381 4.77692659317 9.77097086007 0.0 0.435 0.48 1
382 3.27631036154 12.5764168057 0.0 0.435 0.48 1
383 3.73217778899 12.4659173184 0.0 0.435 0.48 1
384 4.17668010052 12.5334580418 0.0 0.435 0.48 1
385 4.15479172912 10.2871920068 0.0 0.435 0.48 1
386 2.66575107852 5.88129344434 0.0 0.435 0.48 1
387 3.16308013256 5.95026612646 0.0 0.435 0.48 1
388 3.77048243894 5.93666251787 0.0 0.435 0.48 1
399 4.99012774922 12.0523198855 0.0 0.435 0.48 1
408 7.13308349543 11.0757239851 0.0 0.435 0.48 1
409 7.08678117131 13.0033791874 0.0 0.435 0.48 1
410 7.46140906644 11.7088884337 0.0 0.435 0.48 1
