26 2.55188945421 4.17678515479 0.0 0.435 0.48 1
27 2.95787665068 3.83932019799 0.0 0.435 0.48 1
28 2.25366039387 3.54839390214 0.0 0.435 0.48 1
29 13.8283995628 7.96980535163 0.0 0.435 0.48 1
30 13.6728658468 8.23925226551 0.0 0.435 0.48 1
56 3.00838827699 5.34454755478 0.0 0.435 0.48 1
75 7.81520091572 12.0437281327 0.0 0.435 0.48 1
76 7.31282069905 11.8136600858 0.0 0.435 0.48 1
77 4.20930219251 8.01896927037 0.0 0.435 0.48 1
80 5.15218588363 9.04997960513 0.0 0.435 0.48 1
81 4.69610799107 8.53686103575 0.0 0.435 0.48 1
82 3.6427301174 12.1866853528 0.0 0.435 0.48 1
90 12.2097124047 10.9783507868 0.0 0.435 0.48 1
93 2.63081387032 2.331944903 0.0 0.435 0.48 1
94 1.57596274088 4.22714237252 0.0 0.435 0.48 1
95 0.568255795989 4.03573721315 0.0 0.435 0.48 1
153 5.87260795388 0.625765994849 0.0 0.435 0.48 1
155 14.4909437279 5.93379860028 0.0 0.435 0.48 1
156 14.1516739712 5.08822692989 0.0 0.435 0.48 1
244 12.34462054 11.0702348097 0.0 0.435 0.48 1
247 8.76713460656 7.55143472273 0.0 0.435 0.48 1
248 8.26833229675 7.92255071129 0.0 0.435 0.48 1
249 8.68610553936 8.02231050757 0.0 0.435 0.48 1
250 9.22089738291 6.90084810871 0.0 0.435 0.48 1
252 2.65628014858 1.5851783897 0.0 0.435 0.48 1
253 5.52891842986 2.98157687782 0.0 0.435 0.48 1
254 15.0402576641 5.70062797596 0.0 0.435 0.48 1
348 0.712003465863 4.89252589413 0.0 0.435 0.48 1
349 8.27191020361 11.1418327496 0.0 0.435 0.48 1
350 11.5193868451 6.73808212531 0.0 0.435 0.48 1
351 3.60442546745 8.80869454762 0.0 0.435 0.48 1
352 2.93177897708 9.30940280742 0.0 0.435 0.48 1
355 2.37825573877 13.341082804 0.0 0.435 0.48 1
397 11.2775624342 7.3309130678 0.0 0.435 0.48 1
398 1.94869645002 13.4952570346 0.0 0.435 0.48 1
399 3.44699756545 13.008629703 0.0 0.435 0.48 1
