26 2.56304410502 4.22714237252 0.0 0.435 0.48 1
27 2.98565804515 3.80256658883 0.0 0.435 0.48 1
28 2.42434759778 3.59159132589 0.0 0.435 0.48 1
29 13.8475518878 8.03877803375 0.0 0.435 0.48 1
30 13.9538367682 8.29342804004 0.0 0.435 0.48 1
56 2.98986734734 5.32354549241 0.0 0.435 0.48 1
75 7.86444975138 12.323437418 0.0 0.435 0.48 1
76 7.72575324413 11.8866899845 0.0 0.435 0.48 1
77 4.44502311529 9.47479404862 0.0 0.435 0.48 1
80 4.9328812394 10.3783600503 0.0 0.435 0.48 1
81 4.72494171109 9.97072911243 0.0 0.435 0.48 1
82 3.25505338547 12.5718822695 0.0 0.435 0.48 1
93 4.4408138131 0.17493763319 0.0 0.435 0.48 1
94 3.36449524247 5.69704807896 0.0 0.435 0.48 1
95 1.95585226375 5.0004001236 0.0 0.435 0.48 1
96 0.0991290666336 3.04076450815 0.0 0.435 0.48 1
153 5.7505381903 0.712399502145 0.0 0.435 0.48 1
155 14.9562820853 6.71827336193 0.0 0.435 0.48 1
156 14.3530890811 6.4958424286 0.0 0.435 0.48 1
157 1.68035343525 0.59927475708 0.0 0.435 0.48 1
247 6.98070675606 8.01586669298 0.0 0.435 0.48 1
248 7.02385210353 8.53853165435 0.0 0.435 0.48 1
249 7.28945907188 8.81418372302 0.0 0.435 0.48 1
250 7.86781719313 7.61253163146 0.0 0.435 0.48 1
253 2.6567010788 2.21213768354 0.0 0.435 0.48 1
254 14.0674879274 4.499453204 0.0 0.435 0.48 1
255 14.3419344303 5.90253416651 0.0 0.435 0.48 1
349 8.80122995432 10.0411337533 0.0 0.435 0.48 1
350 11.6079926563 6.10778159427 0.0 0.435 0.48 1
351 5.19006960337 7.89009297853 0.0 0.435 0.48 1
352 4.71441845561 8.54402082974 0.0 0.435 0.48 1
353 5.07599751395 7.48532595821 0.0 0.435 0.48 1
354 3.52529058623 9.13470383403 0.0 0.435 0.48 1
355 2.62029061484 12.0334657614 0.0 0.435 0.48 1
356 3.0020743237 12.1611487542 0.0 0.435 0.48 1
357 2.70552898424 12.7451492841 0.0 0.435 0.48 1
397 11.2409415051 7.2421316223 0.0 0.435 0.48 1
398 0.968139504277 13.8184024034 0.0 0.435 0.48 1
399 3.51224174943 12.9840477436 0.0 0.435 0.48 1
