29 15.0284716179 8.05262030213 0.0 0.435 0.48 1
94 6.37056840326 9.97884354562 0.0 0.435 0.48 1
95 5.93785213787 9.64495848582 0.0 0.435 0.48 1
99 13.6154088719 4.86770527496 0.0 0.435 0.48 1
100 10.897041516 5.02665270156 0.0 0.435 0.48 1
101 2.59419294124 1.7465124143 0.0 0.435 0.48 1
102 1.39601507215 1.73959128011 0.0 0.435 0.48 1
103 0.803134858331 1.65200313362 0.0 0.435 0.48 1
104 0.574990679497 2.52478202117 0.0 0.435 0.48 1
105 2.25576504497 4.94145115307 0.0 0.435 0.48 1
106 5.11682774522 3.50543513819 0.0 0.435 0.48 1
107 0.70232207082 3.56223617052 0.0 0.435 0.48 1
158 9.2358404057 7.97123731043 0.0 0.435 0.48 1
159 8.5974997282 8.32445381401 0.0 0.435 0.48 1
160 8.94476715908 7.7445105007 0.0 0.435 0.48 1
164 6.27417538305 9.38052342774 0.0 0.435 0.48 1
165 7.96021137626 8.80750124863 0.0 0.435 0.48 1
166 9.26193807929 2.03266551416 0.0 0.435 0.48 1
167 12.7173542491 2.38922325493 0.0 0.435 0.48 1
255 8.75113925823 5.64979343862 0.0 0.435 0.48 1
257 9.9726787545 2.19041964177 0.0 0.435 0.48 1
258 6.76245443738 9.95998942144 0.0 0.435 0.48 1
259 5.85219283825 6.37818314734 0.0 0.435 0.48 1
260 5.83346144349 6.83593264319 0.0 0.435 0.48 1
261 14.187663505 3.28634544205 0.0 0.435 0.48 1
262 14.7578134869 3.05603873533 0.0 0.435 0.48 1
263 4.17710103074 4.23549546551 0.0 0.435 0.48 1
264 14.4244367533 6.73450222831 0.0 0.435 0.48 1
358 5.41947657286 8.93780949927 0.0 0.435 0.48 1
359 4.6354940395 8.96167547924 0.0 0.435 0.48 1
360 5.03621960823 9.05499146093 0.0 0.435 0.48 1
361 2.53399991989 3.89254133333 0.0 0.435 0.48 1
365 7.83119626406 12.8735482563 0.0 0.435 0.48 1
366 7.42415674204 13.5200776538 0.0 0.435 0.48 1
397 12.588549602 5.63475787123 0.0 0.435 0.48 1
399 4.73967426877 11.0881342947 0.0 0.435 0.48 1
403 5.50892424445 10.3910090197 0.0 0.435 0.48 1
404 2.86527200244 10.6031775817 0.0 0.435 0.48 1
