108 7.84108812421 5.8264016904 0.0 0.435 0.48 1
123 7.04994977713 11.149708523 0.0 0.435 0.48 1
125 5.82841028086 8.20035071815 0.0 0.435 0.48 1
126 7.80825556711 9.06907238911 0.0 0.435 0.48 1
127 7.63588464232 8.70869609154 0.0 0.435 0.48 1
128 6.37793468209 1.80259746724 0.0 0.435 0.48 1
129 8.52594159093 0.0873494866951 0.0 0.435 0.48 1
130 8.30474276071 1.26943147468 0.0 0.435 0.48 1
131 9.21458342962 0.950343322459 0.0 0.435 0.48 1
132 4.4321847436 7.35143781057 0.0 0.435 0.48 1
133 4.344631258 7.18055739398 0.0 0.435 0.48 1
166 7.45362185739 5.80945684462 0.0 0.435 0.48 1
168 8.03639974594 7.2433249213 0.0 0.435 0.48 1
177 7.62430906129 7.4108641007 0.0 0.435 0.48 1
178 8.23928811162 7.75071565549 0.0 0.435 0.48 1
190 7.90275440133 7.59797338368 0.0 0.435 0.48 1
198 7.11540442622 10.9874198592 0.0 0.435 0.48 1
200 10.6752112904 4.77844650986 0.0 0.435 0.48 1
201 10.8684182611 5.16865528239 0.0 0.435 0.48 1
202 9.90238340788 4.20041247496 0.0 0.435 0.48 1
203 10.2123985144 4.26556660028 0.0 0.435 0.48 1
204 13.5434298044 2.07634025751 0.0 0.435 0.48 1
205 14.2249158294 2.17323613619 0.0 0.435 0.48 1
206 -0.0244139527166 0.967288168239 0.0 0.435 0.48 1
269 4.16952428679 9.39794559312 0.0 0.435 0.48 1
276 12.6474798327 4.68417588898 0.0 0.435 0.48 1
286 13.3424356247 7.28031719026 0.0 0.435 0.48 1
287 13.2386763257 7.51897698997 0.0 0.435 0.48 1
288 6.78160676235 3.40042482632 0.0 0.435 0.48 1
289 6.77192536731 3.86390215736 0.0 0.435 0.48 1
291 8.72925088683 6.88915377853 0.0 0.435 0.48 1
292 9.98320200998 8.15070947981 0.0 0.435 0.48 1
293 14.1445181575 7.4972589482 0.0 0.435 0.48 1
294 13.9753042094 7.95811102144 0.0 0.435 0.48 1
295 9.57826713906 5.37390271015 0.0 0.435 0.48 1
296 9.78157643496 5.06292899112 0.0 0.435 0.48 1
297 12.6750507621 8.86477960056 0.0 0.435 0.48 1
298 11.9687298542 6.19513108096 0.0 0.435 0.48 1
299 12.0596507815 5.70396921315 0.0 0.435 0.48 1
300 12.2608554263 5.96816561143 0.0 0.435 0.48 1
301 13.2868728358 8.71108268954 0.0 0.435 0.48 1
302 13.6095158488 6.71063624834 0.0 0.435 0.48 1
303 14.1790344355 6.01852282917 0.0 0.435 0.48 1
304 14.6447937231 5.71303828554 0.0 0.435 0.48 1
305 14.683098373 6.40539036451 0.0 0.435 0.48 1
371 12.0905891527 1.29329745465 0.0 0.435 0.48 1
372 12.3858717015 1.98732015221 0.0 0.435 0.48 1
375 6.76540094891 10.4542538666 0.0 0.435 0.48 1
376 6.20072305979 10.4623682998 0.0 0.435 0.48 1
378 10.3161578134 8.88840692073 0.0 0.435 0.48 1
379 5.38559169021 10.5497177865 0.0 0.435 0.48 1
380 5.07452425818 10.4074765459 0.0 0.435 0.48 1
381 3.16813129519 11.7244013207 0.0 0.435 0.48 1
382 4.2549731213 10.5547296423 0.0 0.435 0.48 1
386 6.07886376131 2.64602119942 0.0 0.435 0.48 1
387 5.67161377419 3.34362379399 0.0 0.435 0.48 1
388 6.98744163957 4.10494855507 0.0 0.435 0.48 1
399 4.4102963722 12.2260642197 0.0 0.435 0.48 1
408 8.14626253317 9.34615641658 0.0 0.435 0.48 1
409 7.11729861221 12.8050528938 0.0 0.435 0.48 1
411 7.13118930944 10.823221917 0.0 0.435 0.48 1
412 7.0448986145 11.5160513156 0.0 0.435 0.48 1
413 7.49592534442 11.4179621379 0.0 0.435 0.48 1
