144 15.1524355675 4.93190476108 0.0 0.435 0.48 1
147 14.6220634912 5.39967796852 0.0 0.435 0.48 1
148 6.27186026684 5.62783673704 0.0 0.435 0.48 1
207 8.11090439475 12.458041545 0.0 0.435 0.48 1
208 8.50615787063 12.4644853596 0.0 0.435 0.48 1
209 4.40293009337 12.0084064824 0.0 0.435 0.48 1
214 5.29824866971 10.3511528332 0.0 0.435 0.48 1
215 4.64601729498 10.5153507754 0.0 0.435 0.48 1
216 4.78387194179 10.7690461425 0.0 0.435 0.48 1
225 4.71294519984 10.0015162266 0.0 0.435 0.48 1
228 10.3696159512 12.9169843399 0.0 0.435 0.48 1
229 8.72293693354 10.9919543954 0.0 0.435 0.48 1
231 11.3440694088 -0.0238659799713 0.0 0.435 0.48 1
301 6.29185445226 11.2726183199 0.0 0.435 0.48 1
306 7.92464277273 6.94046563547 0.0 0.435 0.48 1
307 8.3832462466 7.18509193017 0.0 0.435 0.48 1
314 3.55664988756 11.0754853253 0.0 0.435 0.48 1
320 8.83869274383 11.4000626529 0.0 0.435 0.48 1
332 6.60860444224 10.4936327336 0.0 0.435 0.48 1
333 6.66753467294 10.2432786037 0.0 0.435 0.48 1
335 12.0794345018 8.94353733446 0.0 0.435 0.48 1
336 8.52383693983 9.50271724519 0.0 0.435 0.48 1
339 0.902053459855 1.74221653791 0.0 0.435 0.48 1
340 0.676434862336 0.763711359083 0.0 0.435 0.48 1
341 12.1775112429 7.93877957767 0.0 0.435 0.48 1
345 14.9198716214 3.12238615965 0.0 0.435 0.48 1
389 8.46953694155 6.19035788497 0.0 0.435 0.48 1
390 9.00706483153 6.06291355192 0.0 0.435 0.48 1
414 4.05903010424 10.3112966466 0.0 0.435 0.48 1
