101 6.61344513976 1.31215157882 0.0 0.435 0.48 1
103 5.273834717 1.22504075193 0.0 0.435 0.48 1
104 5.39843006189 2.02383510157 0.0 0.435 0.48 1
107 13.8134565401 9.02921620256 0.0 0.435 0.48 1
108 7.83245905471 6.11160015106 0.0 0.435 0.48 1
109 6.42928816884 4.5841774329 0.0 0.435 0.48 1
110 4.64517543455 9.89077807952 0.0 0.435 0.48 1
111 4.26423358612 9.31393734362 0.0 0.435 0.48 1
112 5.94353469582 3.71736504034 0.0 0.435 0.48 1
113 5.4161091311 3.16916348039 0.0 0.435 0.48 1
114 4.32800451434 5.58726457109 0.0 0.435 0.48 1
115 3.93275103846 6.03475169555 0.0 0.435 0.48 1
164 6.70815443909 9.6592780738 0.0 0.435 0.48 1
165 11.6277763766 9.18028785578 0.0 0.435 0.48 1
166 7.64325092116 5.88749859913 0.0 0.435 0.48 1
167 6.6077625818 11.2065095553 0.0 0.435 0.48 1
168 8.1974055548 3.39827688812 0.0 0.435 0.48 1
169 8.96349855384 6.02210272617 0.0 0.435 0.48 1
173 14.6997251167 8.84759609498 0.0 0.435 0.48 1
177 8.72272646843 2.71905109814 0.0 0.435 0.48 1
178 9.19543110465 2.65867016881 0.0 0.435 0.48 1
179 11.7079635834 7.81014194562 0.0 0.435 0.48 1
180 9.54564504707 6.80419088983 0.0 0.435 0.48 1
181 12.0386042706 6.49154655221 0.0 0.435 0.48 1
182 12.6784182038 5.828072309 0.0 0.435 0.48 1
183 13.4676623649 4.5846547525 0.0 0.435 0.48 1
184 13.7370577053 5.45170580485 0.0 0.435 0.48 1
185 14.2575379214 5.46530941344 0.0 0.435 0.48 1
186 14.1899786212 4.35148412818 0.0 0.435 0.48 1
187 11.9906182256 2.46965160743 0.0 0.435 0.48 1
188 10.1835647943 1.06704796452 0.0 0.435 0.48 1
189 6.02772073968 1.15392013161 0.0 0.435 0.48 1
255 6.56945793185 6.78891666265 0.0 0.435 0.48 1
257 6.57303583871 5.58463931329 0.0 0.435 0.48 1
261 15.1236018475 5.35003673018 0.0 0.435 0.48 1
262 15.0215262693 4.64264908383 0.0 0.435 0.48 1
264 8.17467532297 4.0839464927 0.0 0.435 0.48 1
266 9.78831131846 7.83591720399 0.0 0.435 0.48 1
267 9.31223924049 7.66813936479 0.0 0.435 0.48 1
269 11.6446135854 6.30897180543 0.0 0.435 0.48 1
270 12.4243868165 6.30061871244 0.0 0.435 0.48 1
272 10.7034136151 7.71706462373 0.0 0.435 0.48 1
363 4.65822427134 10.8497131548 0.0 0.435 0.48 1
364 4.54604636791 11.1597322346 0.0 0.435 0.48 1
365 10.7154101264 4.76913877767 0.0 0.435 0.48 1
366 10.0337136363 4.92713156508 0.0 0.435 0.48 1
367 1.02391275833 13.0391781573 0.0 0.435 0.48 1
368 1.49577553411 13.0427580543 0.0 0.435 0.48 1
399 5.84566841985 10.6556827376 0.0 0.435 0.48 1
403 10.9248229104 8.12851411844 0.0 0.435 0.48 1
404 6.82348931917 10.5077136618 0.0 0.435 0.48 1
406 4.22024637821 10.1592703542 0.0 0.435 0.48 1
