4 3.20517315449 13.2348791931 0.0 0.435 0.48 1
18 14.5806018646 7.56265173332 0.0 0.435 0.48 1
19 14.6841506986 7.18365997137 0.0 0.435 0.48 1
26 3.54991500405 4.44312949127 0.0 0.435 0.48 1
27 3.5837998867 4.00280216079 0.0 0.435 0.48 1
28 3.12098711064 3.63550472903 0.0 0.435 0.48 1
29 13.7486332863 7.68031101458 0.0 0.435 0.48 1
30 13.9024832814 7.92064143289 0.0 0.435 0.48 1
33 10.263541536 6.27317283547 0.0 0.435 0.48 1
34 10.7114112893 6.44381459226 0.0 0.435 0.48 1
35 12.5687658817 2.19757943576 0.0 0.435 0.48 1
46 0.562362772919 12.8776054729 0.0 0.435 0.48 1
47 0.45544649723 13.0410874357 0.0 0.435 0.48 1
51 0.737469744128 13.1546895004 0.0 0.435 0.48 1
55 6.95145210582 11.3003028566 0.0 0.435 0.48 1
56 4.9459300762 5.48917539341 0.0 0.435 0.48 1
60 9.73127527376 5.92568416709 0.0 0.435 0.48 1
61 9.36569737834 6.51541253218 0.0 0.435 0.48 1
70 6.31542654453 7.66980998339 0.0 0.435 0.48 1
74 1.19775693888 0.752017028897 0.0 0.435 0.48 1
75 6.58124397799 10.5046110844 0.0 0.435 0.48 1
76 5.93743120765 10.5566389207 0.0 0.435 0.48 1
77 6.16178701451 6.53522129555 0.0 0.435 0.48 1
78 1.23711391438 4.63000011444 0.0 0.435 0.48 1
79 3.0153336256 5.47509446523 0.0 0.435 0.48 1
80 5.5581730801 7.83973576079 0.0 0.435 0.48 1
81 6.01361957733 7.47649554562 0.0 0.435 0.48 1
82 5.59879284626 9.69913426035 0.0 0.435 0.48 1
83 6.88052536388 10.9499502707 0.0 0.435 0.48 1
84 2.86969176974 12.3267786552 0.0 0.435 0.48 1
86 3.18854641083 11.7272652383 0.0 0.435 0.48 1
87 7.8977032387 3.20472379055 0.0 0.435 0.48 1
88 8.11995439446 2.37394902775 0.0 0.435 0.48 1
89 2.00783714583 2.63003099284 0.0 0.435 0.48 1
90 10.6554275701 11.1680853276 0.0 0.435 0.48 1
91 5.42999982834 8.52015484977 0.0 0.435 0.48 1
92 2.90568130349 4.85314702717 0.0 0.435 0.48 1
153 5.44031261871 0.37493454535 0.0 0.435 0.48 1
154 4.88047542711 0.469443826036 0.0 0.435 0.48 1
242 9.96320782456 10.4671414958 0.0 0.435 0.48 1
243 11.3223915025 10.8163007828 0.0 0.435 0.48 1
244 10.2195543281 9.88218632673 0.0 0.435 0.48 1
245 7.13476721631 4.94025785407 0.0 0.435 0.48 1
246 7.1718090756 4.35196144777 0.0 0.435 0.48 1
247 12.8339519199 6.44739448926 0.0 0.435 0.48 1
248 12.9924321474 6.75645892989 0.0 0.435 0.48 1
249 13.3843181815 6.44381459226 0.0 0.435 0.48 1
250 13.2992902772 5.84716509298 0.0 0.435 0.48 1
252 13.7467391003 5.29061044005 0.0 0.435 0.48 1
253 14.8333704613 6.08677953189 0.0 0.435 0.48 1
348 4.46186032406 10.7396909871 0.0 0.435 0.48 1
350 10.1088496804 8.40750742431 0.0 0.435 0.48 1
397 10.528517109 7.9115723605 0.0 0.435 0.48 1
398 4.9240417048 11.0754853253 0.0 0.435 0.48 1
399 3.41605919433 13.3909627021 0.0 0.435 0.48 1
