101 13.5705798035 4.59300784549 0.0 0.435 0.48 1
103 13.0658844707 3.76772225808 0.0 0.435 0.48 1
104 12.730613551 4.39611351072 0.0 0.435 0.48 1
108 7.93874393507 6.15145633761 0.0 0.435 0.48 1
109 12.0051403181 5.10731971387 0.0 0.435 0.48 1
112 11.3204973165 5.15075579742 0.0 0.435 0.48 1
113 11.4459345219 4.78298104606 0.0 0.435 0.48 1
116 5.82546376932 11.9432523571 0.0 0.435 0.48 1
117 5.1580789067 7.81563112102 0.0 0.435 0.48 1
118 3.96684638622 4.97128362803 0.0 0.435 0.48 1
119 2.99597083552 3.35818204177 0.0 0.435 0.48 1
120 2.38057085497 5.36912951415 0.0 0.435 0.48 1
121 1.0102325262 4.69587021916 0.0 0.435 0.48 1
164 6.69236955587 9.77550539626 0.0 0.435 0.48 1
165 12.6329577402 9.17503734018 0.0 0.435 0.48 1
166 7.57947999294 5.86124602116 0.0 0.435 0.48 1
168 7.414475347 5.07343002231 0.0 0.435 0.48 1
173 14.9708041779 9.34496311758 0.0 0.435 0.48 1
177 7.81309626463 4.9109026987 0.0 0.435 0.48 1
178 8.87131483583 5.71351560514 0.0 0.435 0.48 1
180 11.0127973263 8.59390072788 0.0 0.435 0.48 1
189 13.1174484225 5.37438002975 0.0 0.435 0.48 1
190 8.77639507138 4.9937176492 0.0 0.435 0.48 1
195 11.3783752217 2.09137582489 0.0 0.435 0.48 1
196 3.83235918117 2.04698510214 0.0 0.435 0.48 1
197 3.83256964628 1.45081292246 0.0 0.435 0.48 1
255 6.38551142604 6.14906973962 0.0 0.435 0.48 1
264 0.0456709287887 2.61117686866 0.0 0.435 0.48 1
267 9.78978457423 9.22372393933 0.0 0.435 0.48 1
269 11.0790938358 6.53927851215 0.0 0.435 0.48 1
270 11.8864379963 6.51230995478 0.0 0.435 0.48 1
272 14.1828228074 7.29726203604 0.0 0.435 0.48 1
273 7.06489279991 7.29893265464 0.0 0.435 0.48 1
274 7.14423814624 6.84738831358 0.0 0.435 0.48 1
276 14.7428704642 6.6612336698 0.0 0.435 0.48 1
277 14.256906526 5.27557487267 0.0 0.435 0.48 1
279 9.854607828 7.35072183117 0.0 0.435 0.48 1
280 11.305975224 7.37601976994 0.0 0.435 0.48 1
281 11.0473136042 7.61563420886 0.0 0.435 0.48 1
282 14.938392551 4.93620063747 0.0 0.435 0.48 1
367 9.12408343249 8.72420897853 0.0 0.435 0.48 1
368 9.28866714821 8.17720071758 0.0 0.435 0.48 1
369 6.69805211383 11.3692755387 0.0 0.435 0.48 1
370 6.97207768656 11.6005368847 0.0 0.435 0.48 1
399 6.09654283052 11.6950461654 0.0 0.435 0.48 1
403 13.7223251476 8.60869763546 0.0 0.435 0.48 1
404 14.2579588516 8.16717700599 0.0 0.435 0.48 1
407 2.56283363991 4.44885732646 0.0 0.435 0.48 1
