108 7.99683230533 5.84119859799 0.0 0.435 0.48 1
116 6.7761346695 12.0377616377 0.0 0.435 0.48 1
120 9.01758808702 9.83230642859 0.0 0.435 0.48 1
123 8.3613578752 9.34639507638 0.0 0.435 0.48 1
124 13.0488367968 6.52328830557 0.0 0.435 0.48 1
125 6.71173234596 4.05888721373 0.0 0.435 0.48 1
126 6.81906955187 3.53502895336 0.0 0.435 0.48 1
127 6.8045474593 2.80043408984 0.0 0.435 0.48 1
164 6.67679513776 9.89173271872 0.0 0.435 0.48 1
166 7.51570906473 5.83499344319 0.0 0.435 0.48 1
168 8.44975322125 5.5841619937 0.0 0.435 0.48 1
177 8.1971950897 6.37006871415 0.0 0.435 0.48 1
178 8.85784506881 6.65168727781 0.0 0.435 0.48 1
180 15.0404681292 8.11443319026 0.0 0.435 0.48 1
190 8.69620786462 6.14883107982 0.0 0.435 0.48 1
198 11.5966275404 5.20684085035 0.0 0.435 0.48 1
255 6.33331607885 5.95241406465 0.0 0.435 0.48 1
269 10.0476043335 6.49154655221 0.0 0.435 0.48 1
270 10.7796019848 7.06337543232 0.0 0.435 0.48 1
272 7.92043347054 10.290533244 0.0 0.435 0.48 1
276 14.4953634952 6.56218985292 0.0 0.435 0.48 1
277 13.7799925876 4.07153618311 0.0 0.435 0.48 1
279 5.51250215131 8.2428321625 0.0 0.435 0.48 1
280 4.71315566495 10.505088404 0.0 0.435 0.48 1
281 4.61907776095 9.77240281887 0.0 0.435 0.48 1
282 14.1729309473 4.39014701573 0.0 0.435 0.48 1
284 12.1859298473 5.10731971387 0.0 0.435 0.48 1
285 12.375348446 5.60015220028 0.0 0.435 0.48 1
286 13.6907553811 7.63711359083 0.0 0.435 0.48 1
287 14.4067576841 8.79843217624 0.0 0.435 0.48 1
369 2.24608364992 3.13980832503 0.0 0.435 0.48 1
370 1.72707668959 3.49135421001 0.0 0.435 0.48 1
371 5.34581378449 5.03572177395 0.0 0.435 0.48 1
372 5.86376841928 5.58463931329 0.0 0.435 0.48 1
374 14.7443437199 6.14405788382 0.0 0.435 0.48 1
375 3.7477522071 12.2788080355 0.0 0.435 0.48 1
376 3.37943826526 12.4239131937 0.0 0.435 0.48 1
377 4.31453474732 10.365711081 0.0 0.435 0.48 1
378 5.98162888067 9.38839920113 0.0 0.435 0.48 1
379 0.721474395796 13.7124374523 0.0 0.435 0.48 1
380 0.470810450232 13.624610646 0.0 0.435 0.48 1
381 10.4811624594 8.92587650928 0.0 0.435 0.48 1
399 5.18249285942 12.0523198855 0.0 0.435 0.48 1
