128 7.14360675091 12.6033853631 0.0 0.435 0.48 1
129 7.63735789809 12.2475436017 0.0 0.435 0.48 1
134 12.4896310005 4.86531867696 0.0 0.435 0.48 1
135 11.9131670652 4.81949599541 0.0 0.435 0.48 1
136 11.8582356716 6.02448932417 0.0 0.435 0.48 1
137 6.58903118705 8.51657495277 0.0 0.435 0.48 1
138 6.61912769772 8.08460071529 0.0 0.435 0.48 1
139 4.69905450261 5.84931303118 0.0 0.435 0.48 1
140 4.20446149499 5.62616611844 0.0 0.435 0.48 1
141 5.43294633987 1.48780519141 0.0 0.435 0.48 1
168 4.36715102473 10.7384976881 0.0 0.435 0.48 1
177 3.98978708317 10.8726244955 0.0 0.435 0.48 1
178 3.50529640081 11.4826389436 0.0 0.435 0.48 1
200 0.238036038986 13.1950230066 0.0 0.435 0.48 1
201 0.734733697703 13.4406039405 0.0 0.435 0.48 1
203 0.753675557569 12.8315441316 0.0 0.435 0.48 1
207 11.3491205714 5.56626250872 0.0 0.435 0.48 1
208 11.743742652 5.46960528983 0.0 0.435 0.48 1
209 10.6284880361 10.1270512812 0.0 0.435 0.48 1
210 7.73711836005 2.80640058483 0.0 0.435 0.48 1
211 3.85151150615 8.33877340199 0.0 0.435 0.48 1
212 12.7680763405 2.19567015736 0.0 0.435 0.48 1
213 13.0846158654 2.64912377682 0.0 0.435 0.48 1
214 14.7182460463 0.455362897853 0.0 0.435 0.48 1
269 3.49982430796 9.14592084462 0.0 0.435 0.48 1
276 12.5811833232 4.29181917825 0.0 0.435 0.48 1
297 6.90262420039 10.9881358386 0.0 0.435 0.48 1
301 7.01459163871 10.7012667594 0.0 0.435 0.48 1
306 7.60073696902 6.88127800514 0.0 0.435 0.48 1
307 8.79112762906 7.05406770013 0.0 0.435 0.48 1
311 12.1705658943 9.16692290699 0.0 0.435 0.48 1
314 9.17396366347 9.29484455964 0.0 0.435 0.48 1
316 6.73488350802 4.18179701058 0.0 0.435 0.48 1
317 15.0166855718 1.18733250357 0.0 0.435 0.48 1
318 11.6652391661 6.53164139856 0.0 0.435 0.48 1
319 13.1022949346 6.51732181057 0.0 0.435 0.48 1
320 14.9617541782 6.69297542316 0.0 0.435 0.48 1
389 4.48332776524 11.0449368709 0.0 0.435 0.48 1
390 4.20130451834 11.2485136801 0.0 0.435 0.48 1
391 6.70710211355 10.4447074747 0.0 0.435 0.48 1
392 6.84074745816 10.4647548978 0.0 0.435 0.48 1
393 2.50200922323 13.2716328023 0.0 0.435 0.48 1
394 5.86524167504 8.10440947867 0.0 0.435 0.48 1
395 7.53233580839 13.1580307376 0.0 0.435 0.48 1
396 3.27168012913 9.64615178482 0.0 0.435 0.48 1
399 3.57748593341 12.4776116486 0.0 0.435 0.48 1
408 10.8997775624 7.93400638167 0.0 0.435 0.48 1
409 9.95121131331 8.28316566865 0.0 0.435 0.48 1
414 9.68791946117 8.14164040742 0.0 0.435 0.48 1
