1 8.1119567203 3.30710884463 0.0 0.435 0.48 1
2 8.22708113526 2.73742790271 0.0 0.435 0.48 1
3 8.17993695071 2.14579025922 0.0 0.435 0.48 1
4 12.1368914768 4.92426764749 0.0 0.435 0.48 1
5 9.24446947519 1.62288663805 0.0 0.435 0.48 1
6 9.26614738148 0.743902595707 0.0 0.435 0.48 1
7 5.38559169021 2.11357118626 0.0 0.435 0.48 1
8 5.0640010027 1.63338766924 0.0 0.435 0.48 1
9 5.66803586733 3.37417224835 0.0 0.435 0.48 1
10 2.79623944648 4.47940578082 0.0 0.435 0.48 1
11 9.66392643868 5.69203622317 0.0 0.435 0.48 1
12 5.2805696005 5.2459810575 0.0 0.435 0.48 1
13 3.55854407355 5.10922899227 0.0 0.435 0.48 1
14 3.65178011711 4.55768619513 0.0 0.435 0.48 1
15 3.90202313246 4.18131969098 0.0 0.435 0.48 1
16 3.56359523618 3.58562483089 0.0 0.435 0.48 1
17 4.71441845561 4.84956713018 0.0 0.435 0.48 1
18 3.63052314104 3.05078821974 0.0 0.435 0.48 1
19 3.53434058594 2.25939232389 0.0 0.435 0.48 1
20 3.73575569585 1.06203610872 0.0 0.435 0.48 1
21 0.900369738978 0.586387127896 0.0 0.435 0.48 1
22 11.1441275547 4.35959856137 0.0 0.435 0.48 1
23 11.4263612667 4.64957021802 0.0 0.435 0.48 1
25 6.02624748391 9.35546414877 0.0 0.435 0.48 1
26 5.81136260698 10.2399373665 0.0 0.435 0.48 1
27 5.57164284712 10.7351564509 0.0 0.435 0.48 1
28 5.49313936123 10.5010311874 0.0 0.435 0.48 1
29 4.58813938984 11.2074641945 0.0 0.435 0.48 1
30 4.83017426591 10.9026956303 0.0 0.435 0.48 1
31 5.31908471557 8.73232341172 0.0 0.435 0.48 1
32 4.61507892387 9.04520640914 0.0 0.435 0.48 1
33 7.58916138799 11.1193987284 0.0 0.435 0.48 1
34 7.52854743641 11.5365760583 0.0 0.435 0.48 1
35 7.75942766167 12.3601910272 0.0 0.435 0.48 1
36 7.33828697731 10.8177327416 0.0 0.435 0.48 1
37 13.8166135167 6.43021098368 0.0 0.435 0.48 1
38 12.7825984331 6.75765222889 0.0 0.435 0.48 1
39 13.8789111891 6.57364552331 0.0 0.435 0.48 1
40 8.67116251657 4.5822681545 0.0 0.435 0.48 1
41 8.31484508598 4.23764340371 0.0 0.435 0.48 1
42 6.32973817199 6.0798583977 0.0 0.435 0.48 1
43 13.2580391158 6.13331819284 0.0 0.435 0.48 1
44 13.94773328 6.07150530471 0.0 0.435 0.48 1
45 14.2973158271 7.19272904376 0.0 0.435 0.48 1
46 6.90620210725 8.76597444348 0.0 0.435 0.48 1
47 7.22547767855 8.97909764462 0.0 0.435 0.48 1
48 14.8070623226 7.36909863575 0.0 0.435 0.48 1
49 4.81207426648 9.75116209669 0.0 0.435 0.48 1
50 4.51763357811 9.81011106722 0.0 0.435 0.48 1
51 5.64719982147 9.30104971443 0.0 0.435 0.48 1
52 7.81583231105 9.61989920685 0.0 0.435 0.48 1
53 6.57135211784 10.0981734455 0.0 0.435 0.48 1
54 6.25207654654 10.0277688046 0.0 0.435 0.48 1
55 13.3224414393 7.71730328353 0.0 0.435 0.48 1
56 11.4804507999 7.38270224434 0.0 0.435 0.48 1
57 0.294651153476 3.9173619525 0.0 0.435 0.48 1
58 1.27205112258 5.0004001236 0.0 0.435 0.48 1
59 0.996762759187 4.2459964967 0.0 0.435 0.48 1
60 8.09511951153 11.628698741 0.0 0.435 0.48 1
61 7.80299393937 11.8413446226 0.0 0.435 0.48 1
62 2.59461387146 12.3518379342 0.0 0.435 0.48 1
63 3.75048825353 11.0945781093 0.0 0.435 0.48 1
64 4.08302312674 11.0499487267 0.0 0.435 0.48 1
65 4.53152427535 10.651625521 0.0 0.435 0.48 1
66 5.11282890813 10.3554487096 0.0 0.435 0.48 1
67 7.95957998093 13.1768848618 0.0 0.435 0.48 1
68 3.02248943933 12.7146008297 0.0 0.435 0.48 1
69 3.44699756545 13.1756915628 0.0 0.435 0.48 1
71 13.9736204885 7.63854554963 0.0 0.435 0.48 1
72 14.2257576898 8.09438576708 0.0 0.435 0.48 1
82 9.73822062237 8.9958038306 0.0 0.435 0.48 1
83 13.6427693361 8.48411722001 0.0 0.435 0.48 1
400 7.46225092688 12.5611425785 0.0 0.435 0.48 1
401 7.40037418465 12.2112673121 0.0 0.435 0.48 1
402 7.39174511516 11.8919405001 0.0 0.435 0.48 1
