4 6.61449746531 10.500315208 0.0 0.435 0.48 1
18 10.7126740799 6.76099346608 0.0 0.435 0.48 1
19 9.81777643381 6.36911407495 0.0 0.435 0.48 1
25 10.6038636183 3.15818512961 0.0 0.435 0.48 1
26 3.46825454152 4.31043464262 0.0 0.435 0.48 1
27 4.00893940815 4.34360835478 0.0 0.435 0.48 1
28 2.42034876069 4.70159805435 0.0 0.435 0.48 1
29 8.33147182964 7.80584606923 0.0 0.435 0.48 1
30 8.30369043517 7.28318110786 0.0 0.435 0.48 1
31 0.453552311243 12.7640034083 0.0 0.435 0.48 1
33 8.13047764994 9.56524611272 0.0 0.435 0.48 1
34 8.48384856901 9.42849404748 0.0 0.435 0.48 1
35 7.0667869859 7.89963937052 0.0 0.435 0.48 1
36 11.818668231 9.48505642001 0.0 0.435 0.48 1
40 0.458603473874 3.2507851319 0.0 0.435 0.48 1
41 0.491436030976 2.36631191416 0.0 0.435 0.48 1
42 1.3840185609 4.46293825464 0.0 0.435 0.48 1
43 3.19570222455 1.30499178483 0.0 0.435 0.48 1
46 4.95666379679 10.4427981963 0.0 0.435 0.48 1
47 5.29930099526 10.7544878947 0.0 0.435 0.48 1
49 7.89075789008 10.9363466621 0.0 0.435 0.48 1
50 7.66640208322 11.1129549139 0.0 0.435 0.48 1
51 4.62560217935 10.5936311897 0.0 0.435 0.48 1
52 5.06821030489 12.1234405058 0.0 0.435 0.48 1
53 4.16363126372 11.1203533676 0.0 0.435 0.48 1
54 4.06197661577 10.8719085161 0.0 0.435 0.48 1
55 8.91277646242 9.08458527609 0.0 0.435 0.48 1
56 6.17336259554 5.08751095049 0.0 0.435 0.48 1
60 8.00777649103 9.11775898825 0.0 0.435 0.48 1
61 7.68387068732 9.37407961314 0.0 0.435 0.48 1
64 0.497539519155 13.808140032 0.0 0.435 0.48 1
65 1.36760228235 13.339889505 0.0 0.435 0.48 1
66 3.43710570529 13.8919096217 0.0 0.435 0.48 1
67 5.70360447085 8.78411258825 0.0 0.435 0.48 1
68 5.24899983406 11.8496977156 0.0 0.435 0.48 1
69 6.48232537647 7.23926770471 0.0 0.435 0.48 1
70 4.7600893844 11.2165332669 0.0 0.435 0.48 1
71 7.87013230934 8.73781258711 0.0 0.435 0.48 1
72 8.25317880886 8.80320537223 0.0 0.435 0.48 1
73 8.46364391848 3.50686709699 0.0 0.435 0.48 1
74 10.6194380364 4.19182072217 0.0 0.435 0.48 1
75 9.84282178186 7.70083575735 0.0 0.435 0.48 1
76 10.8256938438 7.2464274987 0.0 0.435 0.48 1
77 12.2452810082 7.27625997366 0.0 0.435 0.48 1
78 12.3122089131 6.39608263232 0.0 0.435 0.48 1
79 12.7699705265 5.72783519312 0.0 0.435 0.48 1
80 11.6065194005 8.55810175792 0.0 0.435 0.48 1
81 12.1444682207 8.13543525263 0.0 0.435 0.48 1
82 8.81280553535 8.76215588668 0.0 0.435 0.48 1
83 9.57237411599 8.68936464777 0.0 0.435 0.48 1
84 4.83901380051 4.29587639484 0.0 0.435 0.48 1
85 2.92778014 3.78967895965 0.0 0.435 0.48 1
86 13.2694042317 7.42852492588 0.0 0.435 0.48 1
87 14.4318030321 6.1657759256 0.0 0.435 0.48 1
88 14.800116974 5.84477849498 0.0 0.435 0.48 1
89 14.6045948871 7.00371048239 0.0 0.435 0.48 1
90 13.7623135184 8.02302648697 0.0 0.435 0.48 1
151 8.3765113631 0.350591245779 0.0 0.435 0.48 1
241 14.6799413964 1.89734540772 0.0 0.435 0.48 1
242 14.6492134904 8.27385793647 0.0 0.435 0.48 1
243 15.0482553382 8.35309298997 0.0 0.435 0.48 1
399 3.37438710263 13.3093410506 0.0 0.435 0.48 1
