29 15.1903192872 8.08937391129 0.0 0.435 0.48 1
94 7.00322652279 11.9807219456 0.0 0.435 0.48 1
101 4.86448007877 1.54484488355 0.0 0.435 0.48 1
103 3.71449871978 0.653689191415 0.0 0.435 0.48 1
104 3.62778709462 2.0858866495 0.0 0.435 0.48 1
105 12.2991600763 7.62613524004 0.0 0.435 0.48 1
107 9.43115202743 6.73283160972 0.0 0.435 0.48 1
108 8.12795206863 6.0767558203 0.0 0.435 0.48 1
158 7.70786370982 10.5282384046 0.0 0.435 0.48 1
160 7.38269511544 10.5308636624 0.0 0.435 0.48 1
164 6.65764281278 9.61273941286 0.0 0.435 0.48 1
165 11.5400124259 9.06262857452 0.0 0.435 0.48 1
166 7.95558114384 5.27438157367 0.0 0.435 0.48 1
167 8.06902183793 9.50725178138 0.0 0.435 0.48 1
168 7.34354860505 2.22025211673 0.0 0.435 0.48 1
169 7.58747766711 1.42026446809 0.0 0.435 0.48 1
171 9.90112061722 0.698795893561 0.0 0.435 0.48 1
172 14.846208833 7.28222646866 0.0 0.435 0.48 1
173 13.8608111897 5.25242487209 0.0 0.435 0.48 1
174 12.3364124007 2.19471551816 0.0 0.435 0.48 1
175 10.4622205995 0.553452075535 0.0 0.435 0.48 1
176 7.52623232021 0.431496917882 0.0 0.435 0.48 1
177 8.09048927911 0.501185579398 0.0 0.435 0.48 1
178 8.531834614 1.3336309608 0.0 0.435 0.48 1
179 14.0096100222 1.98374025522 0.0 0.435 0.48 1
180 13.9348949083 1.30666240343 0.0 0.435 0.48 1
181 14.9181879005 1.1651371422 0.0 0.435 0.48 1
255 8.21108578693 5.57485426151 0.0 0.435 0.48 1
257 8.73766949121 4.95266816365 0.0 0.435 0.48 1
258 3.92559522474 11.0456528503 0.0 0.435 0.48 1
261 14.0986367636 3.45030472446 0.0 0.435 0.48 1
262 14.6317448863 3.22644183233 0.0 0.435 0.48 1
264 10.1985078171 3.78776968125 0.0 0.435 0.48 1
265 6.15315794501 5.69967333676 0.0 0.435 0.48 1
266 11.774470558 6.30205067123 0.0 0.435 0.48 1
267 11.8113019522 6.7426166615 0.0 0.435 0.48 1
269 12.9753844735 6.15217231701 0.0 0.435 0.48 1
270 13.6326670109 5.93761715707 0.0 0.435 0.48 1
271 13.1203949341 2.50401861859 0.0 0.435 0.48 1
272 13.6122518953 7.60966771386 0.0 0.435 0.48 1
358 9.82872061951 2.9116495565 0.0 0.435 0.48 1
359 8.82290786061 2.40640676051 0.0 0.435 0.48 1
360 9.14134157148 2.76153254248 0.0 0.435 0.48 1
362 7.58579394623 6.82256769441 0.0 0.435 0.48 1
363 3.30766966287 13.1107760973 0.0 0.435 0.48 1
364 3.39901152045 13.4014637333 0.0 0.435 0.48 1
365 6.09296492366 9.34687239598 0.0 0.435 0.48 1
366 5.74296144635 9.77144817967 0.0 0.435 0.48 1
399 5.27130913568 10.7239394403 0.0 0.435 0.48 1
403 6.26133701136 7.52900070156 0.0 0.435 0.48 1
404 6.54609630468 10.5392167553 0.0 0.435 0.48 1
405 6.37435677523 11.4616368812 0.0 0.435 0.48 1
