29 15.0932948717 8.06741720971 0.0 0.435 0.48 1
94 6.78686839009 10.9299028475 0.0 0.435 0.48 1
95 5.90017888324 9.76261776708 0.0 0.435 0.48 1
100 15.3708983513 5.80993416422 0.0 0.435 0.48 1
101 3.6164219787 1.92216602689 0.0 0.435 0.48 1
103 2.69184875211 1.5849397299 0.0 0.435 0.48 1
104 2.63775921894 2.36535727496 0.0 0.435 0.48 1
105 6.2162974779 5.25481147009 0.0 0.435 0.48 1
106 10.2191333979 4.72379341573 0.0 0.435 0.48 1
107 4.41008590709 4.97701146322 0.0 0.435 0.48 1
108 4.10512196325 5.24025322231 0.0 0.435 0.48 1
158 8.72735670084 9.07050434791 0.0 0.435 0.48 1
159 8.18772415976 9.77264147867 0.0 0.435 0.48 1
160 8.32957764365 9.03422805835 0.0 0.435 0.48 1
164 6.44086374987 9.56763271071 0.0 0.435 0.48 1
165 10.3054240928 9.21155228954 0.0 0.435 0.48 1
166 8.52888810246 4.53525217395 0.0 0.435 0.48 1
167 10.4413845536 5.75432643089 0.0 0.435 0.48 1
168 5.22963704398 1.37348714735 0.0 0.435 0.48 1
169 5.05726611919 0.427201041487 0.0 0.435 0.48 1
170 9.99709270721 1.34842786838 0.0 0.435 0.48 1
171 13.4085216691 0.687817542774 0.0 0.435 0.48 1
172 14.2508030379 2.02741499857 0.0 0.435 0.48 1
255 8.6981020506 5.50516559999 0.0 0.435 0.48 1
257 9.41221016756 4.09373154448 0.0 0.435 0.48 1
258 4.77419054675 10.4638002586 0.0 0.435 0.48 1
259 1.87734877786 5.06603156852 0.0 0.435 0.48 1
260 2.08360458529 5.51590529098 0.0 0.435 0.48 1
261 14.1520949014 3.35197688698 0.0 0.435 0.48 1
262 14.7009879073 3.09708822088 0.0 0.435 0.48 1
264 12.1684612432 6.19059654477 0.0 0.435 0.48 1
265 11.6269345162 6.58390789469 0.0 0.435 0.48 1
266 14.2249158294 6.15742283261 0.0 0.435 0.48 1
267 14.145570483 6.50515016079 0.0 0.435 0.48 1
268 13.7328484031 4.28394340486 0.0 0.435 0.48 1
358 6.74709048438 6.56600840972 0.0 0.435 0.48 1
359 5.8315672575 6.46410067524 0.0 0.435 0.48 1
360 6.08538817971 6.59035170929 0.0 0.435 0.48 1
362 4.14111149699 11.3602064664 0.0 0.435 0.48 1
365 6.82117420296 11.7494605997 0.0 0.435 0.48 1
366 7.02637768485 12.138714733 0.0 0.435 0.48 1
397 12.4610077456 2.93623151587 0.0 0.435 0.48 1
399 5.32687192462 10.8246538758 0.0 0.435 0.48 1
403 3.72396964971 9.23661156851 0.0 0.435 0.48 1
404 4.96760798249 10.7093811925 0.0 0.435 0.48 1
405 5.34265680784 12.1826281362 0.0 0.435 0.48 1
