137 10.1534682837 12.4785662878 0.0 0.435 0.48 1
138 9.70181015841 12.3322678306 0.0 0.435 0.48 1
139 4.41976730214 11.4556703862 0.0 0.435 0.48 1
140 4.1040696377 11.0852703771 0.0 0.435 0.48 1
142 8.9298241363 2.82310677081 0.0 0.435 0.48 1
143 9.21226831342 2.43361397768 0.0 0.435 0.48 1
144 5.78379167762 2.11380984606 0.0 0.435 0.48 1
145 4.59971497087 2.08707994849 0.0 0.435 0.48 1
146 4.25139521444 2.51499696938 0.0 0.435 0.48 1
147 2.99323478909 2.03266551416 0.0 0.435 0.48 1
168 3.31019524419 13.3632781654 0.0 0.435 0.48 1
177 2.59271968548 13.3348776492 0.0 0.435 0.48 1
207 11.52864731 7.03306563776 0.0 0.435 0.48 1
208 12.2118170558 6.85168418997 0.0 0.435 0.48 1
209 10.2530182805 10.7081878935 0.0 0.435 0.48 1
210 0.339690686936 4.00280216079 0.0 0.435 0.48 1
212 3.20643594514 2.23910624091 0.0 0.435 0.48 1
213 2.42518945821 3.01117069298 0.0 0.435 0.48 1
214 6.66858699848 4.90350424491 0.0 0.435 0.48 1
215 6.93861373413 5.06340631072 0.0 0.435 0.48 1
216 6.44549398228 4.4987372246 0.0 0.435 0.48 1
217 15.2728216102 5.78559086465 0.0 0.435 0.48 1
218 9.61067876594 7.08724141229 0.0 0.435 0.48 1
220 11.7557391632 3.84504803318 0.0 0.435 0.48 1
221 10.0941171227 2.19567015736 0.0 0.435 0.48 1
222 7.96042184137 0.290926295851 0.0 0.435 0.48 1
223 14.3958134984 1.80904128183 0.0 0.435 0.48 1
224 14.4785262865 2.3309902638 0.0 0.435 0.48 1
225 13.1193426085 1.01716806638 0.0 0.435 0.48 1
226 15.1507518466 0.121000518455 0.0 0.435 0.48 1
269 3.34723710348 9.09174507008 0.0 0.435 0.48 1
276 12.8539461053 4.2481444349 0.0 0.435 0.48 1
301 6.29816840554 10.796969339 0.0 0.435 0.48 1
306 7.63946254919 7.29797801544 0.0 0.435 0.48 1
307 8.21108578693 7.20132079655 0.0 0.435 0.48 1
311 10.9763868623 9.51966209097 0.0 0.435 0.48 1
314 7.2265300041 10.8657033614 0.0 0.435 0.48 1
319 1.00181392182 3.73263926752 0.0 0.435 0.48 1
320 11.7037542812 8.20058937795 0.0 0.435 0.48 1
321 9.93395317432 5.20278363375 0.0 0.435 0.48 1
322 10.1839857246 4.75601248869 0.0 0.435 0.48 1
323 7.04595094004 7.09225326808 0.0 0.435 0.48 1
324 11.8079345104 5.9170924143 0.0 0.435 0.48 1
325 11.1117159278 4.98273929842 0.0 0.435 0.48 1
326 11.9948275278 5.52497436337 0.0 0.435 0.48 1
327 12.8436333149 6.40539036451 0.0 0.435 0.48 1
328 14.1790344355 7.10585687667 0.0 0.435 0.48 1
389 5.07831263015 8.55213526293 0.0 0.435 0.48 1
390 4.51026729928 8.59175278968 0.0 0.435 0.48 1
391 13.5188053866 7.86885225635 0.0 0.435 0.48 1
392 13.6280367785 8.06956514791 0.0 0.435 0.48 1
395 4.21982544799 8.81847959941 0.0 0.435 0.48 1
396 5.33634285456 9.46071312044 0.0 0.435 0.48 1
399 2.84801386345 11.8506523548 0.0 0.435 0.48 1
414 10.8785205863 7.96383885664 0.0 0.435 0.48 1
415 11.5570600998 9.40319610871 0.0 0.435 0.48 1
