29 15.0998192901 8.06884916851 0.0 0.435 0.48 1
94 6.81633350544 11.0635523353 0.0 0.435 0.48 1
95 5.89639051127 9.77455075706 0.0 0.435 0.48 1
101 3.63136500148 1.90140262432 0.0 0.435 0.48 1
103 2.86590339777 1.51095519199 0.0 0.435 0.48 1
104 2.82486270139 2.38301810014 0.0 0.435 0.48 1
105 6.65638002213 5.38511972073 0.0 0.435 0.48 1
106 10.7271961725 4.830713006 0.0 0.435 0.48 1
107 4.83459403321 5.03572177395 0.0 0.435 0.48 1
108 4.5108986946 5.34263827639 0.0 0.435 0.48 1
158 8.65706135423 9.2428167233 0.0 0.435 0.48 1
159 8.05870904756 9.96523993704 0.0 0.435 0.48 1
160 8.28096020333 9.1626270306 0.0 0.435 0.48 1
164 6.45538584243 9.58648683489 0.0 0.435 0.48 1
165 10.5255705975 9.16620692759 0.0 0.435 0.48 1
166 8.45627763964 4.71186042574 0.0 0.435 0.48 1
167 10.2776426983 6.04596870614 0.0 0.435 0.48 1
168 5.44767889755 1.43959591187 0.0 0.435 0.48 1
169 5.33486959879 0.530779394563 0.0 0.435 0.48 1
170 10.4180229265 1.65128715422 0.0 0.435 0.48 1
171 13.2487786509 0.742231977109 0.0 0.435 0.48 1
172 13.8654414221 2.48444851502 0.0 0.435 0.48 1
255 8.69284042286 5.49060735221 0.0 0.435 0.48 1
257 9.35138575088 4.21926659913 0.0 0.435 0.48 1
258 4.54815101901 10.5034177854 0.0 0.435 0.48 1
259 1.43958134984 4.87820630614 0.0 0.435 0.48 1
260 1.66267436604 5.37438002975 0.0 0.435 0.48 1
261 14.1485169946 3.35842070157 0.0 0.435 0.48 1
262 14.6955158145 3.10114543748 0.0 0.435 0.48 1
264 11.9032752051 6.16983314219 0.0 0.435 0.48 1
265 11.2668287136 6.44023469527 0.0 0.435 0.48 1
266 14.0826414153 6.15742283261 0.0 0.435 0.48 1
267 13.9843542091 6.52042438797 0.0 0.435 0.48 1
268 13.4937600385 4.03454391416 0.0 0.435 0.48 1
358 6.86768699219 6.33426974419 0.0 0.435 0.48 1
359 5.92859167304 6.2438176801 0.0 0.435 0.48 1
360 6.19819747847 6.36028366236 0.0 0.435 0.48 1
362 4.250553354 11.1215466666 0.0 0.435 0.48 1
365 6.769399786 11.6828745156 0.0 0.435 0.48 1
366 6.98849396512 12.0711740097 0.0 0.435 0.48 1
397 12.4538519319 2.59494800228 0.0 0.435 0.48 1
399 5.32329401776 10.8179714014 0.0 0.435 0.48 1
403 3.67914058136 9.09437032788 0.0 0.435 0.48 1
404 5.07557658373 10.6771621196 0.0 0.435 0.48 1
405 5.39106378306 12.1878786518 0.0 0.435 0.48 1
