29 15.1774809155 8.08650999369 0.0 0.435 0.48 1
94 6.92809047865 11.8444472 0.0 0.435 0.48 1
101 4.45259985924 1.53792374935 0.0 0.435 0.48 1
103 3.67850918603 0.644858778826 0.0 0.435 0.48 1
104 3.25505338547 2.18135056938 0.0 0.435 0.48 1
105 11.6031519588 7.3323450266 0.0 0.435 0.48 1
107 8.7591369324 6.46123675764 0.0 0.435 0.48 1
108 8.17867416005 6.34357747638 0.0 0.435 0.48 1
158 7.68597533841 10.4602203616 0.0 0.435 0.48 1
160 7.41026604481 10.4115337625 0.0 0.435 0.48 1
164 6.62859862766 9.60987549526 0.0 0.435 0.48 1
165 11.5296996355 9.04878630614 0.0 0.435 0.48 1
166 8.01472183965 5.23500270671 0.0 0.435 0.48 1
167 8.36241020075 9.11680434905 0.0 0.435 0.48 1
168 7.14381721602 2.13672118683 0.0 0.435 0.48 1
169 7.5260218551 1.35057580658 0.0 0.435 0.48 1
170 13.8126146796 -0.144627838626 0.0 0.435 0.48 1
171 10.5209403651 0.875404145349 0.0 0.435 0.48 1
172 13.9706739769 7.00227852359 0.0 0.435 0.48 1
173 13.335279811 4.72236145693 0.0 0.435 0.48 1
174 12.0392356659 2.38993923433 0.0 0.435 0.48 1
175 11.1578077868 0.69951187296 0.0 0.435 0.48 1
176 7.32671139628 0.584000529899 0.0 0.435 0.48 1
177 7.81730556682 0.501185579398 0.0 0.435 0.48 1
178 8.4137636875 0.991631467809 0.0 0.435 0.48 1
179 14.4057053585 1.43625467468 0.0 0.435 0.48 1
180 14.5599762839 0.523858260371 0.0 0.435 0.48 1
255 8.44975322125 5.51208673418 0.0 0.435 0.48 1
257 8.80712297739 4.92044909069 0.0 0.435 0.48 1
258 3.9335928989 11.0776332635 0.0 0.435 0.48 1
261 14.1057925773 3.43717843547 0.0 0.435 0.48 1
262 14.627325119 3.15030935622 0.0 0.435 0.48 1
264 10.2467043272 3.95149030386 0.0 0.435 0.48 1
265 7.08320326445 5.79131869985 0.0 0.435 0.48 1
266 12.0878531062 6.35288520857 0.0 0.435 0.48 1
267 12.1059531057 6.75216305349 0.0 0.435 0.48 1
269 13.283505394 6.07078932531 0.0 0.435 0.48 1
270 13.782728634 5.89179447553 0.0 0.435 0.48 1
271 13.3645344612 3.27703770987 0.0 0.435 0.48 1
272 14.3863425685 7.60895173446 0.0 0.435 0.48 1
358 9.12808226957 3.39326503233 0.0 0.435 0.48 1
359 8.09701369751 2.93312893848 0.0 0.435 0.48 1
360 8.43901950065 3.29589183404 0.0 0.435 0.48 1
362 6.87315908504 7.46193729784 0.0 0.435 0.48 1
363 3.06226734505 13.3212740406 0.0 0.435 0.48 1
365 5.85093004759 9.76715230327 0.0 0.435 0.48 1
366 5.83388237371 10.2848054089 0.0 0.435 0.48 1
399 5.27867541452 10.7373043891 0.0 0.435 0.48 1
403 5.62994168248 7.62947647724 0.0 0.435 0.48 1
404 6.51347421269 10.5427966523 0.0 0.435 0.48 1
405 6.01719748419 11.3960054363 0.0 0.435 0.48 1
