108 7.94926719056 5.83666406179 0.0 0.435 0.48 1
116 6.13000678295 12.2141312297 0.0 0.435 0.48 1
123 6.89799396798 10.8213126386 0.0 0.435 0.48 1
125 10.5779764098 4.4963506266 0.0 0.435 0.48 1
126 11.0407891858 4.40780784091 0.0 0.435 0.48 1
127 10.8357961691 3.65889338941 0.0 0.435 0.48 1
128 2.67732665955 1.56608560572 0.0 0.435 0.48 1
129 2.61839642885 0.88304125894 0.0 0.435 0.48 1
164 6.67195444024 9.92633838968 0.0 0.435 0.48 1
166 7.49655673975 5.8271176698 0.0 0.435 0.48 1
168 8.55772182248 5.72473261573 0.0 0.435 0.48 1
177 8.1184811387 6.45312232445 0.0 0.435 0.48 1
178 8.82059274441 6.72042130013 0.0 0.435 0.48 1
190 8.67958112096 6.2500228349 0.0 0.435 0.48 1
198 9.24741598673 7.7435558615 0.0 0.435 0.48 1
199 1.87987435918 2.76368048068 0.0 0.435 0.48 1
255 6.31795212585 5.89394241372 0.0 0.435 0.48 1
269 8.08375439561 7.62303266265 0.0 0.435 0.48 1
272 8.17446485786 10.4506739697 0.0 0.435 0.48 1
276 14.1586193198 6.14262592502 0.0 0.435 0.48 1
277 13.7503170072 4.05721659513 0.0 0.435 0.48 1
279 2.90968014057 8.38722134133 0.0 0.435 0.48 1
280 3.66966965143 11.5664085333 0.0 0.435 0.48 1
281 3.45499523961 11.2029296583 0.0 0.435 0.48 1
282 14.0971635078 4.42355938769 0.0 0.435 0.48 1
284 8.28053927311 4.59563310328 0.0 0.435 0.48 1
285 8.59834158864 4.9109026987 0.0 0.435 0.48 1
286 14.7956972067 7.63424967323 0.0 0.435 0.48 1
287 14.1137902515 9.25689765149 0.0 0.435 0.48 1
288 14.0969530427 5.1653140452 0.0 0.435 0.48 1
289 14.0906390894 5.48320889842 0.0 0.435 0.48 1
290 14.8441041819 5.73738158511 0.0 0.435 0.48 1
371 8.70925670141 3.11665832446 0.0 0.435 0.48 1
372 8.85531948749 3.69636297796 0.0 0.435 0.48 1
375 4.32148009594 10.953052848 0.0 0.435 0.48 1
376 4.19709521615 11.5599647187 0.0 0.435 0.48 1
377 6.7980230409 8.9974744492 0.0 0.435 0.48 1
378 8.50489507997 8.88649764233 0.0 0.435 0.48 1
379 2.64175805602 12.698849283 0.0 0.435 0.48 1
380 2.35910341379 12.5893044349 0.0 0.435 0.48 1
381 7.10235558942 8.67146516279 0.0 0.435 0.48 1
383 6.28259398743 11.4153368801 0.0 0.435 0.48 1
384 6.49579514348 11.6010142043 0.0 0.435 0.48 1
385 7.42668232336 11.4382482209 0.0 0.435 0.48 1
399 5.09051960651 12.0523198855 0.0 0.435 0.48 1
408 7.09835675234 12.5513575267 0.0 0.435 0.48 1
409 7.33049976826 13.2060013573 0.0 0.435 0.48 1
