26 4.70515799079 4.58847330929 0.0 0.435 0.48 1
27 4.71757543226 3.82595524921 0.0 0.435 0.48 1
28 3.92664755028 3.80829442403 0.0 0.435 0.48 1
29 14.5387193078 8.20751051215 0.0 0.435 0.48 1
30 14.9943762702 8.13042339684 0.0 0.435 0.48 1
56 2.95661386002 5.28583724405 0.0 0.435 0.48 1
76 7.67839859447 13.1045709425 0.0 0.435 0.48 1
77 4.24381847049 10.9141513007 0.0 0.435 0.48 1
80 3.8614033663 12.1492157642 0.0 0.435 0.48 1
81 4.42881730185 11.3396817236 0.0 0.435 0.48 1
82 3.12688013371 13.0997977465 0.0 0.435 0.48 1
94 5.35149634245 7.78030947066 0.0 0.435 0.48 1
95 3.48193477364 4.6607872286 0.0 0.435 0.48 1
96 4.59298008736 2.85389388497 0.0 0.435 0.48 1
97 4.19393823951 2.35724284177 0.0 0.435 0.48 1
153 4.10175452149 0.469443826036 0.0 0.435 0.48 1
156 15.2351483556 7.04475996794 0.0 0.435 0.48 1
158 12.8663635467 3.52428926237 0.0 0.435 0.48 1
159 12.0794345018 2.68038821058 0.0 0.435 0.48 1
160 12.6436914608 2.88706759713 0.0 0.435 0.48 1
161 14.5347204707 3.44815678626 0.0 0.435 0.48 1
162 14.358561174 1.55128869814 0.0 0.435 0.48 1
163 14.9009297615 1.65868560801 0.0 0.435 0.48 1
247 4.77355915142 9.7435249831 0.0 0.435 0.48 1
248 5.273834717 10.0158358146 0.0 0.435 0.48 1
249 5.39485215503 10.2385054077 0.0 0.435 0.48 1
250 5.75159051585 9.21346156794 0.0 0.435 0.48 1
254 10.4811624594 3.52118668497 0.0 0.435 0.48 1
255 11.895487996 5.58941250929 0.0 0.435 0.48 1
256 13.8100890983 3.55913359313 0.0 0.435 0.48 1
257 13.9843542091 5.17748569498 0.0 0.435 0.48 1
258 14.5326158196 6.46768057223 0.0 0.435 0.48 1
349 9.12408343249 7.67506049898 0.0 0.435 0.48 1
350 11.5743182387 6.40539036451 0.0 0.435 0.48 1
351 7.9195916101 6.829011509 0.0 0.435 0.48 1
352 8.29232531925 7.20752595135 0.0 0.435 0.48 1
353 8.02545556024 6.50467284119 0.0 0.435 0.48 1
354 6.71383699705 7.44618575106 0.0 0.435 0.48 1
355 3.55791267822 10.8079476898 0.0 0.435 0.48 1
356 3.85151150615 10.6919590272 0.0 0.435 0.48 1
357 3.63852081521 11.3783446111 0.0 0.435 0.48 1
358 2.85074990988 13.3155462054 0.0 0.435 0.48 1
397 11.2222101103 7.13592801143 0.0 0.435 0.48 1
399 3.60463593256 12.6098291777 0.0 0.435 0.48 1
