123 11.3486996412 8.05071102373 0.0 0.435 0.48 1
126 2.22293248786 9.37169301515 0.0 0.435 0.48 1
127 2.30101504354 9.16644558739 0.0 0.435 0.48 1
128 10.6270147803 4.45219856365 0.0 0.435 0.48 1
129 10.7673950084 3.52261864377 0.0 0.435 0.48 1
134 0.66296509532 0.871108268954 0.0 0.435 0.48 1
135 0.645706956331 1.70379231015 0.0 0.435 0.48 1
168 7.22084744614 8.77050897967 0.0 0.435 0.48 1
177 6.68626606769 8.77719145406 0.0 0.435 0.48 1
178 7.4647765082 9.04496774934 0.0 0.435 0.48 1
190 7.53023115729 9.25379507409 0.0 0.435 0.48 1
198 9.30529389187 13.5997900269 0.0 0.435 0.48 1
200 6.16052422385 7.82112029641 0.0 0.435 0.48 1
201 6.17883468839 8.27147133847 0.0 0.435 0.48 1
203 5.36412424903 7.5819831771 0.0 0.435 0.48 1
204 11.4930787064 5.96100581744 0.0 0.435 0.48 1
207 13.7349530542 2.05724747353 0.0 0.435 0.48 1
208 14.0323402541 1.37348714735 0.0 0.435 0.48 1
209 7.13161023966 0.346534029184 0.0 0.435 0.48 1
269 4.0167266172 9.26453476508 0.0 0.435 0.48 1
276 12.7423995972 4.44432279026 0.0 0.435 0.48 1
286 9.0499997139 5.05696249613 0.0 0.435 0.48 1
287 8.85005785975 5.48440219742 0.0 0.435 0.48 1
291 1.66477901714 4.40589856251 0.0 0.435 0.48 1
292 3.7847940664 11.0976806867 0.0 0.435 0.48 1
293 13.2460426045 8.62635846064 0.0 0.435 0.48 1
294 13.8707030499 8.93041104548 0.0 0.435 0.48 1
295 0.270658130978 2.64220264263 0.0 0.435 0.48 1
296 0.364315104762 2.13314128984 0.0 0.435 0.48 1
297 10.8366380295 9.22300795993 0.0 0.435 0.48 1
298 6.01572422843 2.88611295793 0.0 0.435 0.48 1
299 7.47971953098 3.22500987353 0.0 0.435 0.48 1
300 6.45959514463 2.46869696824 0.0 0.435 0.48 1
301 11.2727217367 8.9137048595 0.0 0.435 0.48 1
302 6.43602305235 6.62829861744 0.0 0.435 0.48 1
303 9.59636713849 4.00948463519 0.0 0.435 0.48 1
304 11.4234147551 3.12859131444 0.0 0.435 0.48 1
305 7.38732534786 2.23552634392 0.0 0.435 0.48 1
306 13.4299891103 5.34049033819 0.0 0.435 0.48 1
307 13.9704635118 5.21495528354 0.0 0.435 0.48 1
308 12.9684391249 10.522987889 0.0 0.435 0.48 1
309 14.9880623169 5.59442436508 0.0 0.435 0.48 1
310 14.5572402375 5.53690735335 0.0 0.435 0.48 1
311 13.9557309542 8.39223319712 0.0 0.435 0.48 1
312 15.038153013 6.5817599565 0.0 0.435 0.48 1
372 15.2406204484 4.69921145636 0.0 0.435 0.48 1
375 7.47950906587 10.9203564555 0.0 0.435 0.48 1
376 7.25410093346 11.2408765665 0.0 0.435 0.48 1
378 13.166276328 7.31921873761 0.0 0.435 0.48 1
379 6.73046374071 11.1189214088 0.0 0.435 0.48 1
380 6.9137788512 10.9170152183 0.0 0.435 0.48 1
382 2.56956852342 3.93645473647 0.0 0.435 0.48 1
388 13.7541053791 0.0088304125894 0.0 0.435 0.48 1
399 3.34639524305 13.7468044635 0.0 0.435 0.48 1
408 8.65222065671 8.72301567953 0.0 0.435 0.48 1
409 7.35301953499 12.3298812326 0.0 0.435 0.48 1
411 4.38356730328 10.493155414 0.0 0.435 0.48 1
413 4.45533590566 12.1036317425 0.0 0.435 0.48 1
414 8.01430090943 10.1053332395 0.0 0.435 0.48 1
