108 7.85413696101 5.8275949894 0.0 0.435 0.48 1
116 9.13418575775 13.1740209442 0.0 0.435 0.48 1
123 6.957555594 11.2301368755 0.0 0.435 0.48 1
125 7.07015442765 8.11276257166 0.0 0.435 0.48 1
126 8.63138461085 8.75618939169 0.0 0.435 0.48 1
127 8.43207415204 8.32135123661 0.0 0.435 0.48 1
128 6.33100096265 1.75844540429 0.0 0.435 0.48 1
129 8.37609043288 0.0570396921315 0.0 0.435 0.48 1
130 6.92893233909 0.671350016594 0.0 0.435 0.48 1
131 7.90086021534 0.482092795421 0.0 0.435 0.48 1
132 4.50395334599 6.62519604005 0.0 0.435 0.48 1
133 4.36799288517 6.26577438168 0.0 0.435 0.48 1
166 7.45867302002 5.81160478282 0.0 0.435 0.48 1
168 8.16562532325 6.88533522173 0.0 0.435 0.48 1
177 7.7884718468 7.06719398911 0.0 0.435 0.48 1
178 8.24770671601 7.62661255964 0.0 0.435 0.48 1
190 7.9743125386 7.38174760514 0.0 0.435 0.48 1
198 6.92493350201 10.8215512984 0.0 0.435 0.48 1
200 10.9652322115 4.36747433476 0.0 0.435 0.48 1
201 11.363642664 4.74145424091 0.0 0.435 0.48 1
202 8.8816276262 4.64813825922 0.0 0.435 0.48 1
203 10.6362752451 3.57583977911 0.0 0.435 0.48 1
204 13.6549763125 1.45582477825 0.0 0.435 0.48 1
205 14.2139716437 1.48470261402 0.0 0.435 0.48 1
269 4.30990451491 9.38648992273 0.0 0.435 0.48 1
276 12.6573716929 4.72069083833 0.0 0.435 0.48 1
286 13.8016704939 7.38270224434 0.0 0.435 0.48 1
287 13.2635112086 7.5753007027 0.0 0.435 0.48 1
288 7.79815324185 3.48849029241 0.0 0.435 0.48 1
289 7.77121370781 3.94743308726 0.0 0.435 0.48 1
291 9.29519156661 7.31134296422 0.0 0.435 0.48 1
292 11.3019763869 7.93543834047 0.0 0.435 0.48 1
293 14.2402797824 7.51181719598 0.0 0.435 0.48 1
294 13.9950879297 7.88484246293 0.0 0.435 0.48 1
295 10.8810461676 5.7485985957 0.0 0.435 0.48 1
296 11.0704647663 5.45098982546 0.0 0.435 0.48 1
297 13.2117367916 8.88578166293 0.0 0.435 0.48 1
298 13.0193716814 6.18128881258 0.0 0.435 0.48 1
299 12.8594181981 5.63237127324 0.0 0.435 0.48 1
300 13.3590623684 5.97484808583 0.0 0.435 0.48 1
301 13.7433716585 8.62158526465 0.0 0.435 0.48 1
302 14.5925983759 6.87411821115 0.0 0.435 0.48 1
303 14.8990355755 6.32305273361 0.0 0.435 0.48 1
371 11.9805159003 1.32623250701 0.0 0.435 0.48 1
372 12.3018961227 1.96178355364 0.0 0.435 0.48 1
375 6.69573699763 10.4595043822 0.0 0.435 0.48 1
376 5.94816492824 10.4175002575 0.0 0.435 0.48 1
377 12.4725833266 9.34257651958 0.0 0.435 0.48 1
378 10.3340473477 8.89246413732 0.0 0.435 0.48 1
379 4.92740914655 10.494348713 0.0 0.435 0.48 1
380 4.4561777661 10.5621280961 0.0 0.435 0.48 1
381 3.55454523647 11.2659358455 0.0 0.435 0.48 1
382 4.04303475591 11.1074657385 0.0 0.435 0.48 1
386 4.98107774951 3.31116606122 0.0 0.435 0.48 1
387 5.13534867486 4.00948463519 0.0 0.435 0.48 1
388 6.03129864654 4.3333459834 0.0 0.435 0.48 1
399 4.70705217677 12.124395145 0.0 0.435 0.48 1
408 7.45930441535 9.70653271415 0.0 0.435 0.48 1
409 7.11014279848 12.8508755754 0.0 0.435 0.48 1
410 6.3867742167 11.2709477013 0.0 0.435 0.48 1
412 7.38774627808 11.4518518295 0.0 0.435 0.48 1
413 7.74637882488 11.2575827525 0.0 0.435 0.48 1
