137 8.82227646528 10.4807451044 0.0 0.435 0.48 1
138 8.41207996662 10.1998425202 0.0 0.435 0.48 1
139 5.5670126147 9.1595244532 0.0 0.435 0.48 1
140 5.28162192605 8.9986677482 0.0 0.435 0.48 1
142 3.85508941301 1.32074333161 0.0 0.435 0.48 1
143 3.88308127259 0.811443319026 0.0 0.435 0.48 1
144 2.22882551093 2.11404850586 0.0 0.435 0.48 1
145 1.49430227834 3.12644337625 0.0 0.435 0.48 1
146 0.329377896564 2.60353975507 0.0 0.435 0.48 1
147 0.165846506385 1.65820828841 0.0 0.435 0.48 1
168 3.65346383799 12.2315533951 0.0 0.435 0.48 1
177 3.21548594486 12.2317920549 0.0 0.435 0.48 1
178 2.87453246727 12.7045771181 0.0 0.435 0.48 1
207 11.3440694088 6.54834758454 0.0 0.435 0.48 1
208 11.8150903242 6.3318831462 0.0 0.435 0.48 1
209 10.559245015 10.4320585053 0.0 0.435 0.48 1
210 2.76845805201 3.45507792045 0.0 0.435 0.48 1
211 2.88147781588 11.8482657568 0.0 0.435 0.48 1
212 6.93840326902 3.02310368297 0.0 0.435 0.48 1
213 6.86810792241 3.54457534534 0.0 0.435 0.48 1
214 11.0087984892 3.02405832217 0.0 0.435 0.48 1
215 11.3272322 3.30018771044 0.0 0.435 0.48 1
216 10.812645007 2.499961402 0.0 0.435 0.48 1
217 11.4158380112 4.64957021802 0.0 0.435 0.48 1
218 12.4180728632 3.79469081544 0.0 0.435 0.48 1
219 9.5879485341 1.36298611616 0.0 0.435 0.48 1
269 3.42047896163 9.11775898825 0.0 0.435 0.48 1
276 12.701779831 4.2481444349 0.0 0.435 0.48 1
301 6.68395095149 10.9201177957 0.0 0.435 0.48 1
306 7.62094161954 7.09798110328 0.0 0.435 0.48 1
307 8.17278113698 7.20490069355 0.0 0.435 0.48 1
311 11.728378699 9.53207240056 0.0 0.435 0.48 1
314 7.72049161639 9.8253852944 0.0 0.435 0.48 1
316 0.774511603422 4.26723721888 0.0 0.435 0.48 1
318 5.73706842328 4.76341094248 0.0 0.435 0.48 1
319 7.26546604938 4.79467537624 0.0 0.435 0.48 1
320 12.4384879789 7.92350535049 0.0 0.435 0.48 1
321 13.7585251464 6.31684757882 0.0 0.435 0.48 1
322 13.9868797904 6.03809293275 0.0 0.435 0.48 1
323 13.0117949375 5.9104099399 0.0 0.435 0.48 1
324 14.8826192969 6.64285686522 0.0 0.435 0.48 1
325 14.940286737 7.38413420313 0.0 0.435 0.48 1
389 4.71273473473 9.35808940656 0.0 0.435 0.48 1
390 4.35052428107 9.495796111 0.0 0.435 0.48 1
391 10.3247868829 8.92587650928 0.0 0.435 0.48 1
392 10.4439101349 9.11680434905 0.0 0.435 0.48 1
394 11.3388077811 7.97601050642 0.0 0.435 0.48 1
395 6.93335210639 10.5633213951 0.0 0.435 0.48 1
396 3.7237591846 9.9924471542 0.0 0.435 0.48 1
399 4.20635568098 11.5769095645 0.0 0.435 0.48 1
408 14.291422804 6.93258986208 0.0 0.435 0.48 1
409 14.3863425685 7.20752595135 0.0 0.435 0.48 1
414 11.052575232 7.85381668897 0.0 0.435 0.48 1
415 11.0447880229 9.75140075649 0.0 0.435 0.48 1
