4 3.52886849309 12.6835750558 0.0 0.435 0.48 1
18 14.5347204707 7.55143472273 0.0 0.435 0.48 1
19 14.1432553668 7.1605099708 0.0 0.435 0.48 1
25 1.46673134898 0.00954639198854 0.0 0.435 0.48 1
26 3.59200802598 4.44790268726 0.0 0.435 0.48 1
27 3.6164219787 3.96580989184 0.0 0.435 0.48 1
28 3.20433129405 3.67536091559 0.0 0.435 0.48 1
29 13.6145670115 7.6609795708 0.0 0.435 0.48 1
30 13.8105100285 7.65214915821 0.0 0.435 0.48 1
33 9.67823806613 7.21635636394 0.0 0.435 0.48 1
34 9.99940782342 7.48055276222 0.0 0.435 0.48 1
35 11.5650577739 2.13528922804 0.0 0.435 0.48 1
46 1.52818716099 12.4539843284 0.0 0.435 0.48 1
47 1.2221708916 12.6659142306 0.0 0.435 0.48 1
51 1.46483716299 12.9067219685 0.0 0.435 0.48 1
54 2.54810108224 13.6725812658 0.0 0.435 0.48 1
55 7.07162768342 11.1215466666 0.0 0.435 0.48 1
56 4.99349519098 5.43523827867 0.0 0.435 0.48 1
60 9.23247296394 6.90514398511 0.0 0.435 0.48 1
61 8.97296948377 7.56479967152 0.0 0.435 0.48 1
70 6.06623585474 8.35022907237 0.0 0.435 0.48 1
74 2.14043016489 1.0825608515 0.0 0.435 0.48 1
75 6.36299165931 10.2225152011 0.0 0.435 0.48 1
76 5.42094982862 10.1377909722 0.0 0.435 0.48 1
77 7.15391954128 6.8297274884 0.0 0.435 0.48 1
78 2.56157084925 5.12426455965 0.0 0.435 0.48 1
79 4.14889870605 5.6662609648 0.0 0.435 0.48 1
80 6.18157073481 7.98126102202 0.0 0.435 0.48 1
81 6.77508234396 7.64642132302 0.0 0.435 0.48 1
82 6.00583236827 9.4127425007 0.0 0.435 0.48 1
83 6.98470559314 10.7852750089 0.0 0.435 0.48 1
84 3.29588361674 11.7897941058 0.0 0.435 0.48 1
86 4.00536150128 11.0289466644 0.0 0.435 0.48 1
87 8.98622878568 3.52047070557 0.0 0.435 0.48 1
88 9.18743343048 2.90329646351 0.0 0.435 0.48 1
89 3.83888359957 3.0834846123 0.0 0.435 0.48 1
90 10.9385031426 11.0594951187 0.0 0.435 0.48 1
91 5.20585448659 7.75787544949 0.0 0.435 0.48 1
92 2.60450573162 4.54050268955 0.0 0.435 0.48 1
153 5.05642425875 0.206440726752 0.0 0.435 0.48 1
242 10.0029857303 10.1067651983 0.0 0.435 0.48 1
243 11.4084717324 10.4024646901 0.0 0.435 0.48 1
244 10.4270729262 9.21226826894 0.0 0.435 0.48 1
245 8.4335474078 5.3290346678 0.0 0.435 0.48 1
246 8.4247078732 4.87629702775 0.0 0.435 0.48 1
247 13.266247255 6.42400582889 0.0 0.435 0.48 1
248 13.3937891115 6.67531459799 0.0 0.435 0.48 1
249 13.7656809602 6.42567644748 0.0 0.435 0.48 1
250 13.7650495648 5.85432488697 0.0 0.435 0.48 1
251 14.8967204593 4.02380422317 0.0 0.435 0.48 1
252 14.6934111634 5.9118418987 0.0 0.435 0.48 1
348 4.33558125829 11.4318044063 0.0 0.435 0.48 1
350 9.44988342219 8.9127502203 0.0 0.435 0.48 1
397 10.1825124688 8.36454866036 0.0 0.435 0.48 1
398 5.72633470269 11.0146270764 0.0 0.435 0.48 1
399 3.39038245096 13.4367853837 0.0 0.435 0.48 1
