4 5.73875214416 11.0482781081 0.0 0.435 0.48 1
18 14.114842577 7.39511255392 0.0 0.435 0.48 1
19 12.1032170592 6.45145170585 0.0 0.435 0.48 1
25 6.34047189258 1.46513251044 0.0 0.435 0.48 1
26 3.68924290663 4.47988310042 0.0 0.435 0.48 1
27 3.73638709118 3.829773806 0.0 0.435 0.48 1
28 1.80768482657 4.03072535736 0.0 0.435 0.48 1
29 11.4867647531 7.44737905006 0.0 0.435 0.48 1
30 11.6961775372 6.95812646065 0.0 0.435 0.48 1
33 8.10606369723 9.46357703804 0.0 0.435 0.48 1
34 8.53330786977 9.34997497337 0.0 0.435 0.48 1
35 8.41544740838 4.85028310958 0.0 0.435 0.48 1
36 14.1333635067 8.22994453332 0.0 0.435 0.48 1
46 3.59705918861 11.4026879107 0.0 0.435 0.48 1
47 3.80941848422 11.6387224526 0.0 0.435 0.48 1
51 3.82499290233 11.9609131822 0.0 0.435 0.48 1
53 3.69218941816 12.3387116452 0.0 0.435 0.48 1
54 3.25715803656 12.1169966913 0.0 0.435 0.48 1
55 6.86116257379 9.6633352904 0.0 0.435 0.48 1
56 5.25468239202 5.20588621115 0.0 0.435 0.48 1
60 8.05218462916 9.01680589297 0.0 0.435 0.48 1
61 7.73185673231 9.2471125997 0.0 0.435 0.48 1
67 0.0715581372727 5.26793775907 0.0 0.435 0.48 1
68 5.88334167447 12.3181869024 0.0 0.435 0.48 1
69 11.0433147672 2.85628048297 0.0 0.435 0.48 1
70 5.5996347067 10.489575517 0.0 0.435 0.48 1
71 7.04363582384 10.9012636715 0.0 0.435 0.48 1
72 7.34586372126 10.7556811937 0.0 0.435 0.48 1
73 3.8548789479 1.50976189299 0.0 0.435 0.48 1
74 6.51999863109 2.51642892818 0.0 0.435 0.48 1
75 6.61365560487 8.72349299913 0.0 0.435 0.48 1
76 7.06931256721 8.20035071815 0.0 0.435 0.48 1
77 10.5163101327 8.31538474162 0.0 0.435 0.48 1
78 7.05268582355 6.0800970575 0.0 0.435 0.48 1
79 8.28138113355 5.42378260829 0.0 0.435 0.48 1
80 9.11461250255 8.32015793761 0.0 0.435 0.48 1
81 9.71864736718 7.88675174133 0.0 0.435 0.48 1
82 7.66240324614 8.54903268554 0.0 0.435 0.48 1
83 7.28503930458 9.08506259569 0.0 0.435 0.48 1
84 4.00557196639 9.02492032616 0.0 0.435 0.48 1
85 10.4763217618 4.94383775106 0.0 0.435 0.48 1
86 6.90746489791 7.87100019455 0.0 0.435 0.48 1
87 11.9493670641 4.48179237882 0.0 0.435 0.48 1
88 12.3221007732 3.93096556108 0.0 0.435 0.48 1
89 9.51954737347 5.47103724863 0.0 0.435 0.48 1
90 11.661240329 9.39293373732 0.0 0.435 0.48 1
91 2.46686154992 4.73238516852 0.0 0.435 0.48 1
92 0.463023241176 2.56559284692 0.0 0.435 0.48 1
152 14.7763344166 3.21283822374 0.0 0.435 0.48 1
242 11.4913949856 8.56788680971 0.0 0.435 0.48 1
243 12.3949217012 8.43829453847 0.0 0.435 0.48 1
244 12.4805810008 7.87577339054 0.0 0.435 0.48 1
245 13.1422833055 6.28415118625 0.0 0.435 0.48 1
246 13.3232832997 5.93236664148 0.0 0.435 0.48 1
247 14.6904646519 6.62352542145 0.0 0.435 0.48 1
248 14.9219762724 6.69321408296 0.0 0.435 0.48 1
348 3.10436036698 13.3573116704 0.0 0.435 0.48 1
397 8.40050438559 10.1444734466 0.0 0.435 0.48 1
398 7.73354045319 12.0110317402 0.0 0.435 0.48 1
399 3.29609408185 13.6045632229 0.0 0.435 0.48 1
