128 8.74103693297 7.79916359484 0.0 0.435 0.48 1
129 9.48713574659 7.17124966179 0.0 0.435 0.48 1
134 5.40053471299 2.25294850929 0.0 0.435 0.48 1
135 5.22774285799 2.93408357768 0.0 0.435 0.48 1
168 6.94324396655 9.16620692759 0.0 0.435 0.48 1
177 6.375830031 9.00821414018 0.0 0.435 0.48 1
178 6.63575444138 9.4955574512 0.0 0.435 0.48 1
190 7.16865209896 10.1365976732 0.0 0.435 0.48 1
200 4.23771498231 10.1521105602 0.0 0.435 0.48 1
201 4.40187776782 10.5115322186 0.0 0.435 0.48 1
203 4.15121382225 9.65498219741 0.0 0.435 0.48 1
204 13.2134205125 7.25096203489 0.0 0.435 0.48 1
207 11.8866484614 3.70328411215 0.0 0.435 0.48 1
208 12.4519577459 3.70781864835 0.0 0.435 0.48 1
209 8.5448834508 5.28989446065 0.0 0.435 0.48 1
269 3.78226848508 9.20892703174 0.0 0.435 0.48 1
276 12.5508763474 4.45792639885 0.0 0.435 0.48 1
286 3.97379173484 3.7450495771 0.0 0.435 0.48 1
287 4.09207312645 4.32308361201 0.0 0.435 0.48 1
292 1.65467669188 13.1413245516 0.0 0.435 0.48 1
293 13.4836577133 8.63304093503 0.0 0.435 0.48 1
294 13.9599402564 8.7423471233 0.0 0.435 0.48 1
297 10.8040159375 8.67647701858 0.0 0.435 0.48 1
299 4.54520450747 -0.154651550214 0.0 0.435 0.48 1
301 8.83511483697 9.5805203399 0.0 0.435 0.48 1
302 0.736627883689 4.96054393704 0.0 0.435 0.48 1
305 0.712213930973 0.437224753075 0.0 0.435 0.48 1
306 13.300763533 5.40707642231 0.0 0.435 0.48 1
307 13.961203047 5.34144497739 0.0 0.435 0.48 1
310 14.5311425639 1.95175984206 0.0 0.435 0.48 1
311 12.419546119 8.94115073646 0.0 0.435 0.48 1
312 11.3861624307 4.15268051501 0.0 0.435 0.48 1
313 11.9544182267 4.59109856709 0.0 0.435 0.48 1
314 12.2501217058 8.18030329498 0.0 0.435 0.48 1
315 13.337173997 8.4079847439 0.0 0.435 0.48 1
375 7.28440790925 10.9683270752 0.0 0.435 0.48 1
389 3.25063361817 12.958511145 0.0 0.435 0.48 1
390 2.96755804572 13.5558766237 0.0 0.435 0.48 1
399 3.01764874181 13.6959699262 0.0 0.435 0.48 1
408 7.69818231477 9.95092034905 0.0 0.435 0.48 1
409 7.73480324385 11.2900404852 0.0 0.435 0.48 1
414 9.2467845914 8.42469092988 0.0 0.435 0.48 1
