26 2.54304991961 4.13669030843 0.0 0.435 0.48 1
27 2.93556734906 3.86867535336 0.0 0.435 0.48 1
28 2.2542917892 3.50734441659 0.0 0.435 0.48 1
29 13.8132460749 7.9146749379 0.0 0.435 0.48 1
30 13.7189577058 8.18268989298 0.0 0.435 0.48 1
33 13.3906321348 0.193314437768 0.0 0.435 0.48 1
34 14.2436472241 0.19999691216 0.0 0.435 0.48 1
56 3.02312083466 5.36125374076 0.0 0.435 0.48 1
60 12.6222240196 -0.155128869814 0.0 0.435 0.48 1
70 1.20154531085 4.50852227639 0.0 0.435 0.48 1
75 7.37175092974 11.8695064789 0.0 0.435 0.48 1
76 7.01185559228 11.6353812154 0.0 0.435 0.48 1
77 4.26191846992 7.28699966465 0.0 0.435 0.48 1
80 4.93540682072 8.06073473532 0.0 0.435 0.48 1
81 4.57151264618 7.60513317767 0.0 0.435 0.48 1
82 4.01062312902 11.791942044 0.0 0.435 0.48 1
87 1.26342205308 2.03075623576 0.0 0.435 0.48 1
88 1.38486042134 0.978505178825 0.0 0.435 0.48 1
90 12.0674379906 10.9783507868 0.0 0.435 0.48 1
91 7.95600207406 10.6058028395 0.0 0.435 0.48 1
92 2.37488829701 7.98746617681 0.0 0.435 0.48 1
93 0.619609282738 2.69232120057 0.0 0.435 0.48 1
94 -0.0915523226871 3.45030472446 0.0 0.435 0.48 1
153 5.93322190545 0.539609807152 0.0 0.435 0.48 1
155 14.5058867507 4.66937898139 0.0 0.435 0.48 1
156 14.0807472293 3.79540679484 0.0 0.435 0.48 1
244 11.613254284 11.0146270764 0.0 0.435 0.48 1
247 9.87607526918 7.11206203146 0.0 0.435 0.48 1
248 9.28677296223 7.26432698368 0.0 0.435 0.48 1
249 9.74200899435 7.4103867811 0.0 0.435 0.48 1
250 10.3161578134 6.38629758053 0.0 0.435 0.48 1
252 5.30519401833 1.71667993934 0.0 0.435 0.48 1
253 7.73017301144 3.46748823004 0.0 0.435 0.48 1
348 2.03540807519 6.03809293275 0.0 0.435 0.48 1
349 8.06270788464 11.8740410151 0.0 0.435 0.48 1
350 11.0873019751 7.25788316909 0.0 0.435 0.48 1
397 11.3070275495 7.40179502831 0.0 0.435 0.48 1
398 2.58872084839 13.0904900143 0.0 0.435 0.48 1
399 3.39501268337 13.0284384664 0.0 0.435 0.48 1
