108 7.95789626005 5.83738004119 0.0 0.435 0.48 1
116 6.13379515493 12.2272575187 0.0 0.435 0.48 1
120 9.00832762219 9.96834251443 0.0 0.435 0.48 1
123 7.02848233594 10.5995976847 0.0 0.435 0.48 1
125 10.1227403777 4.28871660085 0.0 0.435 0.48 1
126 10.568715945 4.12642793705 0.0 0.435 0.48 1
127 10.1181101452 3.13837636623 0.0 0.435 0.48 1
128 2.01520342466 1.52002426437 0.0 0.435 0.48 1
129 1.82178598892 0.869676310156 0.0 0.435 0.48 1
164 6.67279630068 9.92013323489 0.0 0.435 0.48 1
166 7.50013464662 5.8285496286 0.0 0.435 0.48 1
168 8.54172647415 5.65385065521 0.0 0.435 0.48 1
177 8.13279276615 6.43784809727 0.0 0.435 0.48 1
178 8.82732762791 6.70801099055 0.0 0.435 0.48 1
190 8.68252763249 6.23164603032 0.0 0.435 0.48 1
198 9.60373341732 7.32136667581 0.0 0.435 0.48 1
199 3.39206617183 2.46440109184 0.0 0.435 0.48 1
255 6.32068817227 5.90468210471 0.0 0.435 0.48 1
269 8.5777160079 7.35740430557 0.0 0.435 0.48 1
272 8.12837299885 10.4215574741 0.0 0.435 0.48 1
276 14.3903414055 6.47293108783 0.0 0.435 0.48 1
277 13.7557891 4.05984185293 0.0 0.435 0.48 1
279 3.42994989157 8.39796103232 0.0 0.435 0.48 1
280 3.89297313274 11.298632238 0.0 0.435 0.48 1
281 3.70481732474 10.8895693413 0.0 0.435 0.48 1
282 14.11084374 4.4175928927 0.0 0.435 0.48 1
284 9.11377064211 4.70541661115 0.0 0.435 0.48 1
285 9.40779040026 5.00230940199 0.0 0.435 0.48 1
286 14.9360774348 7.56121977452 0.0 0.435 0.48 1
287 14.1272600185 9.31489198282 0.0 0.435 0.48 1
288 14.8546274374 5.09705734248 0.0 0.435 0.48 1
289 14.9061913892 5.40850838111 0.0 0.435 0.48 1
290 15.0124762696 6.05957231472 0.0 0.435 0.48 1
371 8.04124044346 3.34863564978 0.0 0.435 0.48 1
372 8.27401485471 3.93550009727 0.0 0.435 0.48 1
375 4.2528684702 11.2585373917 0.0 0.435 0.48 1
376 4.06008242979 11.793135343 0.0 0.435 0.48 1
377 6.28596142919 9.03733063575 0.0 0.435 0.48 1
378 8.02966486243 8.97909764462 0.0 0.435 0.48 1
379 2.26670923067 12.9062446489 0.0 0.435 0.48 1
380 2.01478249445 12.7086343347 0.0 0.435 0.48 1
381 7.36627883689 8.71108268954 0.0 0.435 0.48 1
383 6.5530416533 11.3551946106 0.0 0.435 0.48 1
384 6.73951374043 11.5432585327 0.0 0.435 0.48 1
385 7.81941021792 11.5017317276 0.0 0.435 0.48 1
399 5.10735681528 12.0523198855 0.0 0.435 0.48 1
408 7.01795908046 12.7725951611 0.0 0.435 0.48 1
409 7.42478813737 13.2437096057 0.0 0.435 0.48 1
