26 3.01049292808 4.4101944389 0.0 0.435 0.48 1
27 3.00796734677 3.77297277367 0.0 0.435 0.48 1
28 2.56093945392 3.62595833705 0.0 0.435 0.48 1
29 14.1363100182 8.27552855506 0.0 0.435 0.48 1
30 14.5079914018 8.24975329669 0.0 0.435 0.48 1
56 2.97513478967 5.30683930643 0.0 0.435 0.48 1
75 7.56769394681 13.0103003216 0.0 0.435 0.48 1
76 7.88949509942 12.2334626735 0.0 0.435 0.48 1
77 4.28422777154 10.328718812 0.0 0.435 0.48 1
80 4.44376032463 11.2408765665 0.0 0.435 0.48 1
81 4.6091859008 10.7447028429 0.0 0.435 0.48 1
82 3.16013362103 12.8184178426 0.0 0.435 0.48 1
94 4.6354940395 6.56314449212 0.0 0.435 0.48 1
95 2.71268479796 4.90589084291 0.0 0.435 0.48 1
96 2.08360458529 2.88778357653 0.0 0.435 0.48 1
97 1.64394297128 2.50330263919 0.0 0.435 0.48 1
153 5.45904401347 0.694022697567 0.0 0.435 0.48 1
156 14.6814146521 6.83593264319 0.0 0.435 0.48 1
158 14.3537204765 1.83768045779 0.0 0.435 0.48 1
159 13.6998053809 0.831252082402 0.0 0.435 0.48 1
160 14.1306274603 1.11120002747 0.0 0.435 0.48 1
161 15.1183402197 1.20117477196 0.0 0.435 0.48 1
247 5.68318935522 8.6612027914 0.0 0.435 0.48 1
248 6.12600794587 9.22372393933 0.0 0.435 0.48 1
249 6.35920328734 9.46620229583 0.0 0.435 0.48 1
250 6.86495094577 8.31108886522 0.0 0.435 0.48 1
253 0.580252307238 2.04412118455 0.0 0.435 0.48 1
254 12.6037030899 3.88036968354 0.0 0.435 0.48 1
255 13.1001902835 5.80229705063 0.0 0.435 0.48 1
256 15.0272088273 4.72546403433 0.0 0.435 0.48 1
349 9.15354854783 9.13398785463 0.0 0.435 0.48 1
350 11.6888112584 6.10611097567 0.0 0.435 0.48 1
351 6.41602886693 7.41683059569 0.0 0.435 0.48 1
352 6.22450561717 7.84403163718 0.0 0.435 0.48 1
353 5.97720911336 7.1597939914 0.0 0.435 0.48 1
354 4.85984984636 8.29820123604 0.0 0.435 0.48 1
355 3.2819929195 11.480968325 0.0 0.435 0.48 1
356 3.60589872321 11.4477946129 0.0 0.435 0.48 1
357 3.09636269281 12.0635368961 0.0 0.435 0.48 1
397 11.2114763898 7.17124966179 0.0 0.435 0.48 1
399 3.65325337288 12.7040997985 0.0 0.435 0.48 1
