29 15.0867704533 8.06598525092 0.0 0.435 0.48 1
94 6.74077653109 10.7583064515 0.0 0.435 0.48 1
95 5.90396725522 9.75092343689 0.0 0.435 0.48 1
100 14.9150309238 5.75695168869 0.0 0.435 0.48 1
101 3.60168942102 1.94269076967 0.0 0.435 0.48 1
103 2.51758364134 1.65916292761 0.0 0.435 0.48 1
104 2.45065573648 2.34769644978 0.0 0.435 0.48 1
105 5.77137423615 5.14669858082 0.0 0.435 0.48 1
106 9.71107062323 4.61687382546 0.0 0.435 0.48 1
107 3.94537894504 4.92737022488 0.0 0.435 0.48 1
108 3.64399290806 5.17199651959 0.0 0.435 0.48 1
158 8.78439274555 8.92229661229 0.0 0.435 0.48 1
159 8.31673927196 9.5802816801 0.0 0.435 0.48 1
160 8.33441834117 8.89508939512 0.0 0.435 0.48 1
164 6.42634165731 9.54877858654 0.0 0.435 0.48 1
165 10.1221089823 9.25761363088 0.0 0.435 0.48 1
166 8.57982065899 4.30494546723 0.0 0.435 0.48 1
167 10.639853152 5.45504704205 0.0 0.435 0.48 1
168 4.99202193521 1.22718869013 0.0 0.435 0.48 1
169 4.75167078002 0.304052584835 0.0 0.435 0.48 1
170 9.57616248796 1.04556858254 0.0 0.435 0.48 1
171 13.5743681755 0.629823211444 0.0 0.435 0.48 1
172 14.6938320936 1.53744642975 0.0 0.435 0.48 1
255 8.70336367834 5.51948518797 0.0 0.435 0.48 1
257 9.47324504935 3.96795783004 0.0 0.435 0.48 1
258 5.00991146953 10.4447074747 0.0 0.435 0.48 1
259 2.31932550807 5.21710322174 0.0 0.435 0.48 1
260 2.50453480454 5.65766921201 0.0 0.435 0.48 1
261 14.1556728083 3.34529441258 0.0 0.435 0.48 1
262 14.7066704653 3.09303100429 0.0 0.435 0.48 1
264 12.4277542583 6.21088262774 0.0 0.435 0.48 1
265 12.0082972948 6.73307026952 0.0 0.435 0.48 1
266 14.3674007086 6.15742283261 0.0 0.435 0.48 1
267 14.3072076872 6.48939861401 0.0 0.435 0.48 1
268 13.9719367676 4.53334289556 0.0 0.435 0.48 1
358 6.61954862794 6.81182800342 0.0 0.435 0.48 1
359 5.73433237686 6.68438367037 0.0 0.435 0.48 1
360 5.97173702051 6.84619501458 0.0 0.435 0.48 1
362 4.03166963999 11.5988662661 0.0 0.435 0.48 1
365 6.87294861993 11.8160466838 0.0 0.435 0.48 1
366 7.06405093947 12.2060167965 0.0 0.435 0.48 1
397 12.4328054209 3.27846966866 0.0 0.435 0.48 1
399 5.3306602966 10.83157501 0.0 0.435 0.48 1
403 3.84351383198 9.34663373618 0.0 0.435 0.48 1
404 4.81438938268 10.7158250071 0.0 0.435 0.48 1
405 5.29403936752 12.1773776206 0.0 0.435 0.48 1
