108 7.89307300629 5.8314135462 0.0 0.435 0.48 1
116 6.79928583156 12.1210539078 0.0 0.435 0.48 1
123 6.87042303862 11.1559136778 0.0 0.435 0.48 1
125 9.50292062981 6.62782129784 0.0 0.435 0.48 1
126 9.93395317432 6.89893883032 0.0 0.435 0.48 1
127 10.7259333818 6.50944603718 0.0 0.435 0.48 1
128 6.19083119963 1.62575055565 0.0 0.435 0.48 1
129 7.66092999037 0.0835309298997 0.0 0.435 0.48 1
130 3.23779524648 1.72073715593 0.0 0.435 0.48 1
131 3.5006661684 0.921704146493 0.0 0.435 0.48 1
132 1.84304296499 3.84576401258 0.0 0.435 0.48 1
133 1.28383716872 4.46293825464 0.0 0.435 0.48 1
166 7.47424743813 5.81780993761 0.0 0.435 0.48 1
168 8.52067996319 6.20252953475 0.0 0.435 0.48 1
177 7.98209974766 6.68008779398 0.0 0.435 0.48 1
178 8.77639507138 6.80180429183 0.0 0.435 0.48 1
190 8.38682415347 6.73593418711 0.0 0.435 0.48 1
198 7.6245195264 9.97144509183 0.0 0.435 0.48 1
200 12.0564938049 2.95293770185 0.0 0.435 0.48 1
201 12.6563193673 3.03217275536 0.0 0.435 0.48 1
202 5.24058122968 2.81093512103 0.0 0.435 0.48 1
203 12.5717123933 1.9968665442 0.0 0.435 0.48 1
255 6.29964166131 5.82496973161 0.0 0.435 0.48 1
269 5.32013704111 9.01251001658 0.0 0.435 0.48 1
276 12.6870472733 4.8302356864 0.0 0.435 0.48 1
277 13.7151693339 4.04003308955 0.0 0.435 0.48 1
280 0.877218576919 12.9308266083 0.0 0.435 0.48 1
281 0.560468586933 12.6117384561 0.0 0.435 0.48 1
282 14.0075053711 4.46317691444 0.0 0.435 0.48 1
284 2.06718830674 3.31474595822 0.0 0.435 0.48 1
285 2.58703712752 3.87488050815 0.0 0.435 0.48 1
286 14.0931646707 7.52971668096 0.0 0.435 0.48 1
287 13.5150170146 7.94379143346 0.0 0.435 0.48 1
288 11.0580473248 4.44814134706 0.0 0.435 0.48 1
289 10.6564798957 4.90302692531 0.0 0.435 0.48 1
291 11.4065775464 7.41754657509 0.0 0.435 0.48 1
292 13.5743681755 8.48149196222 0.0 0.435 0.48 1
293 14.5132530296 7.5805512183 0.0 0.435 0.48 1
294 14.4160181489 7.96550947524 0.0 0.435 0.48 1
295 14.5431390751 6.93497646007 0.0 0.435 0.48 1
296 14.7475006966 6.65860841201 0.0 0.435 0.48 1
371 11.4581414982 1.57014282231 0.0 0.435 0.48 1
372 11.8759147408 2.45390006065 0.0 0.435 0.48 1
375 6.48674514377 10.475255929 0.0 0.435 0.48 1
376 5.1841765803 10.2680992229 0.0 0.435 0.48 1
377 10.7547671019 9.21226826894 0.0 0.435 0.48 1
378 10.2925857211 8.76979300027 0.0 0.435 0.48 1
379 4.17015568212 11.2108054317 0.0 0.435 0.48 1
380 3.75090918375 11.364263683 0.0 0.435 0.48 1
381 4.58624520385 9.95736416364 0.0 0.435 0.48 1
382 3.20601501493 12.3554178312 0.0 0.435 0.48 1
383 3.59200802598 12.6052946415 0.0 0.435 0.48 1
384 3.97168708374 12.6339338174 0.0 0.435 0.48 1
385 3.88181848193 10.1721579834 0.0 0.435 0.48 1
386 2.81812781789 5.6633970472 0.0 0.435 0.48 1
387 3.3015661747 5.77437385407 0.0 0.435 0.48 1
388 3.9072847602 5.75766766809 0.0 0.435 0.48 1
399 4.98170914484 12.0523198855 0.0 0.435 0.48 1
408 7.08993814796 10.9654631576 0.0 0.435 0.48 1
409 7.08909628752 12.9881049602 0.0 0.435 0.48 1
410 7.35954395339 11.6165270913 0.0 0.435 0.48 1
