26 10.8890438418 4.94765630786 0.0 0.435 0.48 1
27 11.4920263809 4.06819494592 0.0 0.435 0.48 1
28 11.3297577814 4.59587176308 0.0 0.435 0.48 1
29 14.7026716282 8.18006463518 0.0 0.435 0.48 1
30 15.1442274282 8.00297906379 0.0 0.435 0.48 1
56 0.0751360441363 3.89421195192 0.0 0.435 0.48 1
77 2.65186038128 13.2081492955 0.0 0.435 0.48 1
81 3.10393943676 13.646090028 0.0 0.435 0.48 1
94 6.30511375416 9.73350127151 0.0 0.435 0.48 1
95 5.99825562433 7.97123731043 0.0 0.435 0.48 1
96 11.1262380204 1.93624695508 0.0 0.435 0.48 1
97 10.9601810489 1.53887838855 0.0 0.435 0.48 1
98 3.6383103501 2.22955984892 0.0 0.435 0.48 1
99 4.59676845933 2.30306706723 0.0 0.435 0.48 1
100 1.56691274116 3.10687327267 0.0 0.435 0.48 1
101 0.495645333168 1.57539333791 0.0 0.435 0.48 1
158 10.6394322218 5.97532540543 0.0 0.435 0.48 1
159 9.40294970274 6.54787026494 0.0 0.435 0.48 1
160 10.3687740908 5.65289601601 0.0 0.435 0.48 1
164 5.19006960337 6.78748470385 0.0 0.435 0.48 1
165 6.06139515722 4.98417125722 0.0 0.435 0.48 1
247 2.90757548948 12.1203379284 0.0 0.435 0.48 1
248 2.87642665325 12.3704533985 0.0 0.435 0.48 1
249 3.07678943762 12.5668704137 0.0 0.435 0.48 1
250 3.54928360872 11.9348992641 0.0 0.435 0.48 1
254 3.28115105906 3.78991761945 0.0 0.435 0.48 1
255 9.23247296394 5.8285496286 0.0 0.435 0.48 1
257 11.1283426714 0.793543834047 0.0 0.435 0.48 1
258 8.93887413602 7.85524864777 0.0 0.435 0.48 1
259 10.6495345471 6.49154655221 0.0 0.435 0.48 1
260 11.1041391838 6.65383521601 0.0 0.435 0.48 1
261 14.2444890846 3.18133513018 0.0 0.435 0.48 1
262 14.8485239492 2.99064595021 0.0 0.435 0.48 1
263 12.9465507535 6.74046872331 0.0 0.435 0.48 1
349 12.6693682041 1.09926703748 0.0 0.435 0.48 1
350 11.745636838 3.38896915593 0.0 0.435 0.48 1
351 14.0801158339 5.70396921315 0.0 0.435 0.48 1
352 13.0978751673 6.03021715936 0.0 0.435 0.48 1
353 14.1695635055 5.31614703862 0.0 0.435 0.48 1
354 13.0469426108 5.50444962059 0.0 0.435 0.48 1
355 1.55112785794 5.89489705292 0.0 0.435 0.48 1
356 1.83567668615 5.5793887977 0.0 0.435 0.48 1
357 2.1953615585 6.90776924291 0.0 0.435 0.48 1
358 3.68629639509 11.2184425453 0.0 0.435 0.48 1
359 3.13635106364 11.6136631737 0.0 0.435 0.48 1
360 3.22116850282 11.7594843113 0.0 0.435 0.48 1
361 10.8389531457 8.16884762459 0.0 0.435 0.48 1
397 11.3579601061 7.13592801143 0.0 0.435 0.48 1
399 3.81257546087 12.4671106174 0.0 0.435 0.48 1
