108 7.91454044747 5.8333228246 0.0 0.435 0.48 1
116 6.3234242187 12.0601956589 0.0 0.435 0.48 1
123 6.82664629581 11.1062724395 0.0 0.435 0.48 1
125 10.518835714 5.52282642517 0.0 0.435 0.48 1
126 11.0319496512 5.77150993647 0.0 0.435 0.48 1
127 11.2491496444 5.35934446237 0.0 0.435 0.48 1
128 5.74317191146 1.26776085608 0.0 0.435 0.48 1
129 5.62404865941 0.584716509298 0.0 0.435 0.48 1
130 0.984976713047 1.94746396566 0.0 0.435 0.48 1
131 0.843754624489 1.0811288927 0.0 0.435 0.48 1
166 7.48287650763 5.82138983461 0.0 0.435 0.48 1
168 8.58887065871 6.03666097395 0.0 0.435 0.48 1
177 8.04523928055 6.56075789412 0.0 0.435 0.48 1
178 8.79344274526 6.77053985807 0.0 0.435 0.48 1
190 8.57645321724 6.44572387066 0.0 0.435 0.48 1
198 8.42281368721 8.98792805721 0.0 0.435 0.48 1
200 13.0482054015 1.48637323262 0.0 0.435 0.48 1
201 13.6867565441 1.81309849842 0.0 0.435 0.48 1
202 3.88308127259 0.811443319026 0.0 0.435 0.48 1
203 13.1450193519 0.368252070958 0.0 0.435 0.48 1
255 6.30658700993 5.85146096937 0.0 0.435 0.48 1
269 6.17525678152 8.53709969555 0.0 0.435 0.48 1
276 13.081879819 5.10899033247 0.0 0.435 0.48 1
277 13.7286391009 4.04671556394 0.0 0.435 0.48 1
280 2.10528249158 12.495033814 0.0 0.435 0.48 1
281 1.78095575765 12.1239178254 0.0 0.435 0.48 1
282 14.0420216491 4.44790268726 0.0 0.435 0.48 1
284 4.30990451491 3.79731607324 0.0 0.435 0.48 1
285 4.77334868631 4.37988464434 0.0 0.435 0.48 1
286 14.3170995474 7.62327132245 0.0 0.435 0.48 1
287 14.0597007183 9.02420434676 0.0 0.435 0.48 1
288 12.1880344984 5.07390734191 0.0 0.435 0.48 1
289 11.8889635776 5.32473879141 0.0 0.435 0.48 1
290 13.5895216634 4.99252435021 0.0 0.435 0.48 1
291 13.3483286478 7.18222801258 0.0 0.435 0.48 1
292 14.6340600025 8.58578629469 0.0 0.435 0.48 1
293 14.6479506997 7.64976256022 0.0 0.435 0.48 1
294 14.5303007034 8.0822141173 0.0 0.435 0.48 1
371 10.4822147849 2.37776758455 0.0 0.435 0.48 1
372 10.8147496581 3.09541760228 0.0 0.435 0.48 1
375 5.67645447171 10.3587899468 0.0 0.435 0.48 1
376 4.53846962396 10.459743042 0.0 0.435 0.48 1
377 9.2183718016 9.11417909126 0.0 0.435 0.48 1
378 9.98341247509 8.62683578024 0.0 0.435 0.48 1
379 3.81173360043 11.86831318 0.0 0.435 0.48 1
380 3.34807896392 12.0320338026 0.0 0.435 0.48 1
381 5.76990098038 9.12730538024 0.0 0.435 0.48 1
382 3.22137896793 13.3425147628 0.0 0.435 0.48 1
383 4.55741148383 11.9955188532 0.0 0.435 0.48 1
384 5.05053123568 12.2215296835 0.0 0.435 0.48 1
385 5.40053471299 10.6251342832 0.0 0.435 0.48 1
386 2.37867666899 6.29345891844 0.0 0.435 0.48 1
387 2.89999874553 6.63163985464 0.0 0.435 0.48 1
388 3.4482603561 6.69583934076 0.0 0.435 0.48 1
399 5.02359170165 12.0523198855 0.0 0.435 0.48 1
408 7.29493116473 11.5549528629 0.0 0.435 0.48 1
409 7.07752070649 13.0642374363 0.0 0.435 0.48 1
410 7.3073486062 12.4363235033 0.0 0.435 0.48 1
