29 15.0543588264 8.05858679712 0.0 0.435 0.48 1
94 6.44780909849 10.0576012795 0.0 0.435 0.48 1
95 5.92290911508 9.69197446636 0.0 0.435 0.48 1
100 12.5287775109 5.80086509184 0.0 0.435 0.48 1
101 3.29567315163 1.84006705579 0.0 0.435 0.48 1
102 1.75527901428 0.878268062945 0.0 0.435 0.48 1
103 1.5020894874 1.74150055851 0.0 0.435 0.48 1
104 1.4147464669 2.4192943897 0.0 0.435 0.48 1
105 3.91991266678 4.93166610128 0.0 0.435 0.48 1
106 7.22905558542 3.94051195307 0.0 0.435 0.48 1
107 1.72370924783 4.39468155192 0.0 0.435 0.48 1
108 1.4059069323 4.5774949585 0.0 0.435 0.48 1
158 8.94161018244 8.45046618825 0.0 0.435 0.48 1
159 8.52383693983 8.80511465063 0.0 0.435 0.48 1
160 8.547198567 8.29008680285 0.0 0.435 0.48 1
164 6.35331026427 9.45426930585 0.0 0.435 0.48 1
165 8.79386367548 9.15475125721 0.0 0.435 0.48 1
166 8.90414739293 3.13050059284 0.0 0.435 0.48 1
167 11.828139161 3.81855679542 0.0 0.435 0.48 1
168 4.0167266172 0.395220628325 0.0 0.435 0.48 1
255 8.72988228216 5.59179910729 0.0 0.435 0.48 1
257 9.81440899206 3.21808873934 0.0 0.435 0.48 1
258 6.07402306379 10.2910105636 0.0 0.435 0.48 1
259 4.38356730328 5.86768983575 0.0 0.435 0.48 1
260 4.50332195066 6.29083366065 0.0 0.435 0.48 1
261 14.1733518775 3.31259802002 0.0 0.435 0.48 1
262 14.7350832551 3.07250626151 0.0 0.435 0.48 1
263 1.88618831246 3.54696194334 0.0 0.435 0.48 1
264 13.6314042202 6.34071355879 0.0 0.435 0.48 1
265 13.9588879308 7.15120223861 0.0 0.435 0.48 1
358 5.93153818458 8.03710741515 0.0 0.435 0.48 1
359 5.10714635017 8.00560432159 0.0 0.435 0.48 1
360 5.42515913082 8.15118679941 0.0 0.435 0.48 1
361 0.0841860438502 2.52239542317 0.0 0.435 0.48 1
362 3.37291384686 12.9243827937 0.0 0.435 0.48 1
365 7.53822883146 12.2950369018 0.0 0.435 0.48 1
366 6.88452420096 13.0468152709 0.0 0.435 0.48 1
397 12.6832589014 4.76890011787 0.0 0.435 0.48 1
399 5.23531960194 10.9007863519 0.0 0.435 0.48 1
403 4.80744403407 9.8251466346 0.0 0.435 0.48 1
404 3.7631161601 10.6626038718 0.0 0.435 0.48 1
405 4.70242194436 12.293604943 0.0 0.435 0.48 1
