29 15.1840053339 8.08794195249 0.0 0.435 0.48 1
94 6.96555326817 11.9124652429 0.0 0.435 0.48 1
101 4.65654055046 1.54532220314 0.0 0.435 0.48 1
103 3.69639872035 0.64939331502 0.0 0.435 0.48 1
104 3.44131500749 2.13361860944 0.0 0.435 0.48 1
105 11.9512612501 7.47912080342 0.0 0.435 0.48 1
107 9.08767296852 6.5819986163 0.0 0.435 0.48 1
108 8.16730904413 6.22591819512 0.0 0.435 0.48 1
158 7.69691952412 10.4941100532 0.0 0.435 0.48 1
160 7.39637534757 10.4711987124 0.0 0.435 0.48 1
164 6.64312072022 9.61130745406 0.0 0.435 0.48 1
165 11.5347507981 9.05570744033 0.0 0.435 0.48 1
166 7.98504625919 5.25457281029 0.0 0.435 0.48 1
167 8.21571601934 9.31202806522 0.0 0.435 0.48 1
168 7.24378814309 2.17848665178 0.0 0.435 0.48 1
169 7.5567497611 1.38542013734 0.0 0.435 0.48 1
171 10.2128194446 0.781610844062 0.0 0.435 0.48 1
172 14.4477983805 7.19320636336 0.0 0.435 0.48 1
173 13.5627925945 5.03381249556 0.0 0.435 0.48 1
174 12.1907705448 2.29566861344 0.0 0.435 0.48 1
175 10.8429519828 0.701182491558 0.0 0.435 0.48 1
176 7.43931022993 0.617174242059 0.0 0.435 0.48 1
177 7.95389742297 0.501185579398 0.0 0.435 0.48 1
178 8.48342763879 1.15940930701 0.0 0.435 0.48 1
179 14.2076576904 1.70999746495 0.0 0.435 0.48 1
180 14.1811390866 0.893780949927 0.0 0.435 0.48 1
255 8.3634625263 5.53356611616 0.0 0.435 0.48 1
257 8.7723962343 4.93643929727 0.0 0.435 0.48 1
258 3.92959406182 11.0616430569 0.0 0.435 0.48 1
261 14.1022146705 3.44386090987 0.0 0.435 0.48 1
262 14.6296402352 3.18849492417 0.0 0.435 0.48 1
264 10.2225008396 3.86962999255 0.0 0.435 0.48 1
265 6.63785909248 5.7431094203 0.0 0.435 0.48 1
266 11.9310565996 6.3275872698 0.0 0.435 0.48 1
267 11.9586275289 6.7473898575 0.0 0.435 0.48 1
269 13.1294449338 6.11136149126 0.0 0.435 0.48 1
270 13.7101181712 5.9125578781 0.0 0.435 0.48 1
271 13.2045809779 2.9145134741 0.0 0.435 0.48 1
272 13.976567 7.64618266322 0.0 0.435 0.48 1
358 9.46040667767 3.1651062638 0.0 0.435 0.48 1
359 8.46006601162 2.66964851959 0.0 0.435 0.48 1
360 8.76860786233 3.03432069356 0.0 0.435 0.48 1
362 7.19243465634 7.12351770185 0.0 0.435 0.48 1
363 3.22811385144 13.2334472343 0.0 0.435 0.48 1
364 3.29377896564 13.5520580669 0.0 0.435 0.48 1
365 5.9561626024 9.55832497852 0.0 0.435 0.48 1
366 5.77958237543 10.030871382 0.0 0.435 0.48 1
399 5.27509750765 10.7306219147 0.0 0.435 0.48 1
403 5.94563934692 7.5793579193 0.0 0.435 0.48 1
404 6.52989049124 10.5408873739 0.0 0.435 0.48 1
405 6.19019980431 11.4019719313 0.0 0.435 0.48 1
