29 15.1968437056 8.09080587009 0.0 0.435 0.48 1
94 7.04089977741 12.0489786483 0.0 0.435 0.48 1
101 5.08904635075 1.51310313018 0.0 0.435 0.48 1
103 3.7323882541 0.65798506781 0.0 0.435 0.48 1
104 3.81425918174 2.03815468955 0.0 0.435 0.48 1
105 12.6279065775 7.78937854305 0.0 0.435 0.48 1
107 9.72159387871 6.90705326351 0.0 0.435 0.48 1
108 8.10837881343 6.06458417052 0.0 0.435 0.48 1
158 7.71880789552 10.5623667559 0.0 0.435 0.48 1
160 7.36880441821 10.5905286123 0.0 0.435 0.48 1
164 6.67195444024 9.61393271186 0.0 0.435 0.48 1
165 11.5450635885 9.06954970871 0.0 0.435 0.48 1
166 7.74511603422 5.3340465236 0.0 0.435 0.48 1
167 7.86592300714 9.6573687954 0.0 0.435 0.48 1
168 7.44351953213 2.26201758168 0.0 0.435 0.48 1
169 7.61841603822 1.45534745865 0.0 0.435 0.48 1
171 9.58121365059 0.64151754163 0.0 0.435 0.48 1
172 15.2250460303 7.34594863518 0.0 0.435 0.48 1
173 14.1590402501 5.47127590843 0.0 0.435 0.48 1
174 12.4437496066 2.03743871015 0.0 0.435 0.48 1
175 10.0812787511 0.405721659513 0.0 0.435 0.48 1
176 7.61041836406 0.221476294134 0.0 0.435 0.48 1
177 8.19172299684 0.64963197482 0.0 0.435 0.48 1
178 8.58760786805 1.48947581001 0.0 0.435 0.48 1
179 13.7993553777 2.25700572589 0.0 0.435 0.48 1
180 13.7033832877 1.72431705293 0.0 0.435 0.48 1
181 14.7001460469 1.39520518912 0.0 0.435 0.48 1
182 15.0371006874 1.65796962861 0.0 0.435 0.48 1
255 8.05870904756 5.61590374706 0.0 0.435 0.48 1
257 8.6717939119 4.98393259742 0.0 0.435 0.48 1
258 3.92159638765 11.029423984 0.0 0.435 0.48 1
261 14.0950588567 3.45698719885 0.0 0.435 0.48 1
262 14.6340600025 3.26462740028 0.0 0.435 0.48 1
264 10.1629392136 3.7483908143 0.0 0.435 0.48 1
265 5.66845679754 5.65623725321 0.0 0.435 0.48 1
266 11.6176740513 6.27675273246 0.0 0.435 0.48 1
267 11.6639763754 6.73784346551 0.0 0.435 0.48 1
269 12.8215344784 6.19298314276 0.0 0.435 0.48 1
270 13.5550053854 5.96267643604 0.0 0.435 0.48 1
271 13.0362088902 2.09352376309 0.0 0.435 0.48 1
272 13.2479367905 7.57291410471 0.0 0.435 0.48 1
358 10.1970345614 2.65795418941 0.0 0.435 0.48 1
359 9.18722296537 2.13147067124 0.0 0.435 0.48 1
360 9.51428574573 2.48898305121 0.0 0.435 0.48 1
362 7.97936370123 6.52161768697 0.0 0.435 0.48 1
363 3.38743593942 12.98834362 0.0 0.435 0.48 1
364 3.50424407527 13.2506307399 0.0 0.435 0.48 1
365 6.25081375588 9.13374919483 0.0 0.435 0.48 1
366 5.79473586332 9.51799147237 0.0 0.435 0.48 1
399 5.26773122882 10.7172569659 0.0 0.435 0.48 1
403 6.59071490792 7.4994068864 0.0 0.435 0.48 1
404 6.56251258323 10.5373074769 0.0 0.435 0.48 1
405 6.55851374615 11.5213018312 0.0 0.435 0.48 1
