108 7.93621835376 5.83547076279 0.0 0.435 0.48 1
116 6.13211143405 12.1902652498 0.0 0.435 0.48 1
123 6.78308001812 11.0568698609 0.0 0.435 0.48 1
125 10.8732589586 4.89515115192 0.0 0.435 0.48 1
126 11.3253380141 4.85529496537 0.0 0.435 0.48 1
127 11.305975224 4.43596969727 0.0 0.435 0.48 1
128 3.97105568841 1.5851783897 0.0 0.435 0.48 1
129 3.71807662664 0.877552083546 0.0 0.435 0.48 1
166 7.49150557712 5.82496973161 0.0 0.435 0.48 1
168 8.58066251943 5.84549447438 0.0 0.435 0.48 1
177 8.09701369751 6.47579500542 0.0 0.435 0.48 1
178 8.81027995403 6.73927542431 0.0 0.435 0.48 1
190 8.67495088855 6.27770737166 0.0 0.435 0.48 1
198 8.87236716137 8.4946182512 0.0 0.435 0.48 1
255 6.31374282366 5.87819086694 0.0 0.435 0.48 1
269 7.33870790753 8.02111720857 0.0 0.435 0.48 1
272 8.24391834403 10.494348713 0.0 0.435 0.48 1
276 13.9298437457 5.71805014133 0.0 0.435 0.48 1
277 13.7421088679 4.05315937853 0.0 0.435 0.48 1
280 3.19065106192 11.9473095737 0.0 0.435 0.48 1
281 2.93030572132 11.6134245139 0.0 0.435 0.48 1
282 14.0765379271 4.43262846008 0.0 0.435 0.48 1
284 6.8963102471 4.24026866151 0.0 0.435 0.48 1
285 7.27935674662 4.80732434563 0.0 0.435 0.48 1
286 14.5898623295 7.72637235592 0.0 0.435 0.48 1
287 14.0933751359 9.16954816479 0.0 0.435 0.48 1
288 13.0660949358 5.29991817224 0.0 0.435 0.48 1
289 12.9463402884 5.61805168525 0.0 0.435 0.48 1
290 14.3583507089 5.36817487495 0.0 0.435 0.48 1
294 14.7797018583 8.12445690185 0.0 0.435 0.48 1
371 9.5113392342 3.02000110557 0.0 0.435 0.48 1
372 9.65992760159 3.40161812532 0.0 0.435 0.48 1
375 4.54667776324 10.4487646913 0.0 0.435 0.48 1
376 4.20572428565 11.1511404818 0.0 0.435 0.48 1
377 7.21895326016 8.9974744492 0.0 0.435 0.48 1
378 9.13902645527 8.70798011214 0.0 0.435 0.48 1
379 3.15697664438 12.4222425751 0.0 0.435 0.48 1
380 2.77119409844 12.458041545 0.0 0.435 0.48 1
381 6.94177071078 8.69580846236 0.0 0.435 0.48 1
383 5.68045330879 11.6029234827 0.0 0.435 0.48 1
384 6.10832887666 11.6661683296 0.0 0.435 0.48 1
385 6.69910443938 11.2108054317 0.0 0.435 0.48 1
399 5.06547425847 12.0523198855 0.0 0.435 0.48 1
408 7.21895326016 12.2193817453 0.0 0.435 0.48 1
409 7.1892776797 13.1494389848 0.0 0.435 0.48 1
