4 6.54357072337 10.9501889305 0.0 0.435 0.48 1
18 12.0032461322 6.75144707409 0.0 0.435 0.48 1
19 10.1160054942 6.48844397481 0.0 0.435 0.48 1
25 9.41978691151 2.87107739055 0.0 0.435 0.48 1
26 3.49666733132 4.57081248411 0.0 0.435 0.48 1
27 3.56170105019 3.77679133047 0.0 0.435 0.48 1
28 1.30488367968 4.22427845493 0.0 0.435 0.48 1
29 9.38506016842 7.39248729612 0.0 0.435 0.48 1
30 9.39095319149 6.94500017166 0.0 0.435 0.48 1
33 8.12226951067 9.53135642116 0.0 0.435 0.48 1
34 8.50026484756 9.40224146951 0.0 0.435 0.48 1
35 7.27156953756 6.95693316165 0.0 0.435 0.48 1
36 12.0798554321 9.03279609955 0.0 0.435 0.48 1
42 0.381362778641 4.59921300028 0.0 0.435 0.48 1
46 4.36357311787 10.6733435628 0.0 0.435 0.48 1
47 4.81186380137 10.9463703737 0.0 0.435 0.48 1
51 4.36778242006 11.0415956337 0.0 0.435 0.48 1
53 4.03903591882 11.3960054363 0.0 0.435 0.48 1
54 3.79384406611 11.1630734718 0.0 0.435 0.48 1
55 8.26264973879 8.77552083546 0.0 0.435 0.48 1
56 5.83198818772 5.10326249727 0.0 0.435 0.48 1
60 8.02271951382 9.08410795649 0.0 0.435 0.48 1
61 7.69986603565 9.3318368286 0.0 0.435 0.48 1
65 0.597931376446 13.5203163136 0.0 0.435 0.48 1
67 4.01988359385 7.78818524405 0.0 0.435 0.48 1
68 5.42010796819 11.826547715 0.0 0.435 0.48 1
69 8.04713346653 6.21088262774 0.0 0.435 0.48 1
70 4.94172077401 11.0929074907 0.0 0.435 0.48 1
71 6.96071257065 9.34472445778 0.0 0.435 0.48 1
72 7.16233814567 9.44901879025 0.0 0.435 0.48 1
73 7.14087070448 2.92238924749 0.0 0.435 0.48 1
74 9.41936598129 3.84647999198 0.0 0.435 0.48 1
75 8.85005785975 8.12302494305 0.0 0.435 0.48 1
76 9.5288078383 7.76240998568 0.0 0.435 0.48 1
77 11.9904077605 7.64140946723 0.0 0.435 0.48 1
78 10.5929194326 5.94406097166 0.0 0.435 0.48 1
79 11.2047415062 5.39967796852 0.0 0.435 0.48 1
80 10.6352229196 8.59175278968 0.0 0.435 0.48 1
81 11.305975224 8.46001258024 0.0 0.435 0.48 1
82 8.76039972305 8.77575949526 0.0 0.435 0.48 1
83 9.12366250227 9.06907238911 0.0 0.435 0.48 1
84 4.74241031519 6.1600480904 0.0 0.435 0.48 1
85 5.61268354349 4.09922071988 0.0 0.435 0.48 1
86 11.3129205726 7.30513780943 0.0 0.435 0.48 1
87 13.5684751524 5.59442436508 0.0 0.435 0.48 1
88 14.2213379225 5.05457589813 0.0 0.435 0.48 1
89 12.943604242 6.45264500485 0.0 0.435 0.48 1
90 12.7059891332 8.34306927838 0.0 0.435 0.48 1
151 10.8983043066 0.388776813733 0.0 0.435 0.48 1
242 13.6966484042 8.05309762173 0.0 0.435 0.48 1
243 14.2950007109 8.19008834677 0.0 0.435 0.48 1
244 14.876936739 7.74116926351 0.0 0.435 0.48 1
399 3.28325571016 13.530578685 0.0 0.435 0.48 1
