101 13.7027518924 5.48344755822 0.0 0.435 0.48 1
103 13.7658914253 4.75243259169 0.0 0.435 0.48 1
104 13.2803484174 5.17891765378 0.0 0.435 0.48 1
108 7.9787323059 6.15432025521 0.0 0.435 0.48 1
109 12.0404984566 5.12569651845 0.0 0.435 0.48 1
112 11.353961269 5.20779548955 0.0 0.435 0.48 1
113 11.5358031237 4.79443671644 0.0 0.435 0.48 1
116 5.949638184 12.1203379284 0.0 0.435 0.48 1
117 6.83022420268 9.22348527953 0.0 0.435 0.48 1
118 5.12166844274 6.80562284863 0.0 0.435 0.48 1
119 5.01096379507 2.9152294535 0.0 0.435 0.48 1
120 4.11859173026 6.00921509698 0.0 0.435 0.48 1
121 3.19464989901 5.65552127381 0.0 0.435 0.48 1
122 1.39875111857 3.85721968297 0.0 0.435 0.48 1
164 6.69026490478 9.79125694304 0.0 0.435 0.48 1
165 12.3936589105 9.11919094705 0.0 0.435 0.48 1
166 7.57085092345 5.85766612417 0.0 0.435 0.48 1
168 7.80762417178 5.03452847496 0.0 0.435 0.48 1
173 15.0181588275 9.47622600742 0.0 0.435 0.48 1
177 8.14205323097 5.47223054763 0.0 0.435 0.48 1
178 8.92898227586 5.92592282688 0.0 0.435 0.48 1
180 12.327362401 7.8280414306 0.0 0.435 0.48 1
189 13.469767016 5.91876303289 0.0 0.435 0.48 1
190 8.77639507138 5.27700683146 0.0 0.435 0.48 1
195 9.29456017128 0.869198990556 0.0 0.435 0.48 1
196 0.397147661863 2.07466963891 0.0 0.435 0.48 1
197 0.564046493796 1.36990725036 0.0 0.435 0.48 1
255 6.37835561231 6.12257850185 0.0 0.435 0.48 1
269 10.8738903539 6.53593727495 0.0 0.435 0.48 1
270 11.8477124161 6.55025686294 0.0 0.435 0.48 1
272 14.0767483922 7.39773781172 0.0 0.435 0.48 1
273 6.32700212556 7.04118007095 0.0 0.435 0.48 1
274 6.54462304892 6.73521820771 0.0 0.435 0.48 1
276 14.7094065117 6.64786872102 0.0 0.435 0.48 1
277 14.2522762936 4.96841971043 0.0 0.435 0.48 1
279 9.00054041314 7.72279245893 0.0 0.435 0.48 1
280 9.98425433553 7.40227234791 0.0 0.435 0.48 1
281 9.7344322504 7.63257905464 0.0 0.435 0.48 1
282 15.0392053385 4.88417280114 0.0 0.435 0.48 1
367 11.1723298794 8.19653216136 0.0 0.435 0.48 1
368 11.4072089417 7.68699348897 0.0 0.435 0.48 1
369 6.26133701136 10.6024616023 0.0 0.435 0.48 1
370 6.18641143233 11.0654616137 0.0 0.435 0.48 1
371 6.74014513576 11.4597276028 0.0 0.435 0.48 1
399 5.46788354807 11.8852580257 0.0 0.435 0.48 1
403 13.1227100503 8.63805279083 0.0 0.435 0.48 1
407 2.346054577 4.4975439256 0.0 0.435 0.48 1
