148 6.78097536702 9.61345539226 0.0 0.435 0.48 1
207 7.8322485896 13.5124405402 0.0 0.435 0.48 1
208 8.12100672001 13.5262828086 0.0 0.435 0.48 1
209 3.30661733733 12.6410936114 0.0 0.435 0.48 1
214 5.45441378106 10.2848054089 0.0 0.435 0.48 1
215 5.07220914198 10.344231699 0.0 0.435 0.48 1
216 4.64033473702 10.7380203685 0.0 0.435 0.48 1
225 4.51700218278 10.2237085001 0.0 0.435 0.48 1
229 8.29590322611 12.5654384549 0.0 0.435 0.48 1
232 13.6170925928 1.09377786209 0.0 0.435 0.48 1
233 11.1809589489 1.53338921316 0.0 0.435 0.48 1
234 14.7403448828 0.0813829917023 0.0 0.435 0.48 1
235 15.0131076649 2.03290417396 0.0 0.435 0.48 1
236 14.813586741 3.12095420085 0.0 0.435 0.48 1
301 6.30006259153 11.2165332669 0.0 0.435 0.48 1
306 7.91980207521 6.97316202803 0.0 0.435 0.48 1
307 8.37987880485 7.14857698082 0.0 0.435 0.48 1
314 3.57853825896 12.2916956646 0.0 0.435 0.48 1
320 8.7241997242 12.3215281396 0.0 0.435 0.48 1
332 5.58805912567 11.1079430581 0.0 0.435 0.48 1
333 5.38011959736 11.0322879016 0.0 0.435 0.48 1
335 10.7587659389 9.80796312902 0.0 0.435 0.48 1
336 6.800127692 10.3618925242 0.0 0.435 0.48 1
341 10.8263252391 8.02851566236 0.0 0.435 0.48 1
342 11.179275228 5.88463468153 0.0 0.435 0.48 1
343 14.4158076838 3.60256967667 0.0 0.435 0.48 1
345 13.9262658388 2.81928821401 0.0 0.435 0.48 1
389 8.53520205575 6.17675427638 0.0 0.435 0.48 1
390 9.31644854268 6.1610027296 0.0 0.435 0.48 1
414 3.88876383055 10.5781183027 0.0 0.435 0.48 1
