148 6.8110718777 13.1725889854 0.0 0.435 0.48 1
149 1.3905429793 3.85817432217 0.0 0.435 0.48 1
209 1.93859412476 11.6201069882 0.0 0.435 0.48 1
225 4.21014405295 10.8091409888 0.0 0.435 0.48 1
232 14.4726332634 3.31593925722 0.0 0.435 0.48 1
233 7.99662184022 6.14429654362 0.0 0.435 0.48 1
234 15.0394158036 3.11260110786 0.0 0.435 0.48 1
235 15.1781123109 4.27726093046 0.0 0.435 0.48 1
237 14.6953053494 1.95152118226 0.0 0.435 0.48 1
238 14.2143925739 0.980891776822 0.0 0.435 0.48 1
301 6.31100677723 11.1420714094 0.0 0.435 0.48 1
306 7.91643463345 7.00561976079 0.0 0.435 0.48 1
307 8.33273462029 7.05478367953 0.0 0.435 0.48 1
320 8.55056600876 12.8649565036 0.0 0.435 0.48 1
332 5.83451376904 11.6742827628 0.0 0.435 0.48 1
333 5.52007889526 11.4924239954 0.0 0.435 0.48 1
335 8.78397181533 10.0671476715 0.0 0.435 0.48 1
336 6.37393584501 10.7458961419 0.0 0.435 0.48 1
341 7.07162768342 9.28386620885 0.0 0.435 0.48 1
342 4.63023241176 3.5810902947 0.0 0.435 0.48 1
343 14.0809576944 1.94985056366 0.0 0.435 0.48 1
344 12.9177170335 6.15264963661 0.0 0.435 0.48 1
346 13.511860038 7.95405380485 0.0 0.435 0.48 1
347 13.4592437606 8.38889195993 0.0 0.435 0.48 1
389 8.62254507625 6.15885479141 0.0 0.435 0.48 1
390 9.55806248853 6.20205221515 0.0 0.435 0.48 1
414 3.61263360672 10.982885323 0.0 0.435 0.48 1
