101 6.77066257665 1.26728353648 0.0 0.435 0.48 1
103 5.86313702395 1.71620261974 0.0 0.435 0.48 1
104 6.05024050641 2.35127634678 0.0 0.435 0.48 1
108 7.71165208179 6.13212489384 0.0 0.435 0.48 1
109 9.00369738978 5.10254651787 0.0 0.435 0.48 1
110 3.94264289862 11.5988662661 0.0 0.435 0.48 1
111 4.03882545371 11.1346729556 0.0 0.435 0.48 1
112 7.82635556653 4.68274393018 0.0 0.435 0.48 1
113 7.02953466149 4.27201041487 0.0 0.435 0.48 1
114 5.60447540422 8.04283525034 0.0 0.435 0.48 1
115 4.90383705427 8.37051515535 0.0 0.435 0.48 1
164 6.70520792756 9.68123477538 0.0 0.435 0.48 1
165 11.6639763754 9.22873579512 0.0 0.435 0.48 1
166 7.6310439448 5.88248674334 0.0 0.435 0.48 1
167 6.67574281221 11.3215435788 0.0 0.435 0.48 1
168 8.08186020962 3.62762895564 0.0 0.435 0.48 1
169 9.93058573257 8.14593628382 0.0 0.435 0.48 1
173 14.7458169757 8.9103636223 0.0 0.435 0.48 1
177 8.61412647186 3.16057172761 0.0 0.435 0.48 1
178 9.18890668625 3.18372172818 0.0 0.435 0.48 1
179 10.8208531463 9.21226826894 0.0 0.435 0.48 1
180 8.01177532811 8.74019918511 0.0 0.435 0.48 1
181 11.3531194085 8.06455329212 0.0 0.435 0.48 1
182 12.354301935 7.54164967095 0.0 0.435 0.48 1
183 13.5244879445 7.04714656594 0.0 0.435 0.48 1
186 14.7281379065 6.22019035993 0.0 0.435 0.48 1
187 8.61328461142 4.06318309012 0.0 0.435 0.48 1
189 6.31921491651 1.44985828326 0.0 0.435 0.48 1
190 7.98567765452 1.28876291845 0.0 0.435 0.48 1
192 2.72762782075 0.286391759656 0.0 0.435 0.48 1
255 6.45917421441 6.69798727896 0.0 0.435 0.48 1
264 7.29829860648 3.48514905522 0.0 0.435 0.48 1
266 9.30487296165 9.37933012874 0.0 0.435 0.48 1
267 8.79239041972 8.94544661286 0.0 0.435 0.48 1
269 11.5606380066 6.33617902259 0.0 0.435 0.48 1
270 12.1762484523 6.30061871244 0.0 0.435 0.48 1
272 10.7850740777 7.8304280286 0.0 0.435 0.48 1
273 14.0561228115 6.80514552903 0.0 0.435 0.48 1
274 14.1796658308 6.52662954276 0.0 0.435 0.48 1
275 13.753894914 7.97601050642 0.0 0.435 0.48 1
363 4.69316147954 10.9232203731 0.0 0.435 0.48 1
364 4.65359403893 10.7821724315 0.0 0.435 0.48 1
365 13.1984774897 2.07204438111 0.0 0.435 0.48 1
366 12.5858135556 1.78493664206 0.0 0.435 0.48 1
367 2.4773848054 12.1847760744 0.0 0.435 0.48 1
368 3.06016269396 12.1430106094 0.0 0.435 0.48 1
399 5.94563934692 10.8709538769 0.0 0.435 0.48 1
403 12.3134717038 8.25142391529 0.0 0.435 0.48 1
404 7.40416255663 10.2385054077 0.0 0.435 0.48 1
406 4.15858010109 10.8060384114 0.0 0.435 0.48 1
407 3.94474754971 9.48505642001 0.0 0.435 0.48 1
