101 6.61954862794 1.29663869184 0.0 0.435 0.48 1
103 5.49313936123 1.38422683834 0.0 0.435 0.48 1
104 5.57374749821 2.08755726809 0.0 0.435 0.48 1
107 13.9149007229 9.17074146379 0.0 0.435 0.48 1
108 7.81520091572 6.11446406866 0.0 0.435 0.48 1
109 6.82748815625 4.65863929041 0.0 0.435 0.48 1
110 4.72136380423 10.1883868498 0.0 0.435 0.48 1
111 4.52036962454 9.67717755878 0.0 0.435 0.48 1
112 6.2381858493 3.89874648812 0.0 0.435 0.48 1
113 5.76674400374 3.2457732761 0.0 0.435 0.48 1
114 4.67379868945 5.97079086923 0.0 0.435 0.48 1
115 4.20319870433 6.34142953819 0.0 0.435 0.48 1
164 6.70773350888 9.6623806512 0.0 0.435 0.48 1
165 11.6330380043 9.18720898997 0.0 0.435 0.48 1
166 7.64135673517 5.88678261973 0.0 0.435 0.48 1
167 6.6338602554 11.2265569785 0.0 0.435 0.48 1
168 8.18098927625 3.43097328068 0.0 0.435 0.48 1
169 9.08030668968 6.34047489899 0.0 0.435 0.48 1
173 14.7062495351 8.85666516737 0.0 0.435 0.48 1
177 8.70694158521 2.78157996566 0.0 0.435 0.48 1
178 9.17669970989 2.75413408869 0.0 0.435 0.48 1
179 11.4537217309 8.10846669526 0.0 0.435 0.48 1
180 9.26046482352 7.06433007152 0.0 0.435 0.48 1
181 11.9422112504 6.77984759026 0.0 0.435 0.48 1
182 12.7120926214 6.04286612874 0.0 0.435 0.48 1
183 13.4451425982 5.04598414534 0.0 0.435 0.48 1
184 14.0028751387 5.68010323318 0.0 0.435 0.48 1
185 14.5180937271 5.70396921315 0.0 0.435 0.48 1
186 14.2594321073 4.7474207359 0.0 0.435 0.48 1
187 11.4349903362 2.76558975908 0.0 0.435 0.48 1
188 10.6855240808 0.842230433189 0.0 0.435 0.48 1
189 6.06918236627 1.19616291616 0.0 0.435 0.48 1
255 6.55367304863 6.77602903346 0.0 0.435 0.48 1
257 6.52736490993 5.68439910957 0.0 0.435 0.48 1
261 15.316598353 5.54884034334 0.0 0.435 0.48 1
262 15.1760076598 4.77009341687 0.0 0.435 0.48 1
264 7.93958579551 4.161033608 0.0 0.435 0.48 1
266 9.67929039168 8.06670123031 0.0 0.435 0.48 1
267 9.16996482638 7.81634710042 0.0 0.435 0.48 1
269 11.6326170741 6.31279036222 0.0 0.435 0.48 1
270 12.388818213 6.30061871244 0.0 0.435 0.48 1
272 10.7149891961 7.73305483032 0.0 0.435 0.48 1
363 4.66327543397 10.860214186 0.0 0.435 0.48 1
364 4.54604636791 11.1120002747 0.0 0.435 0.48 1
365 11.0382636045 4.49086145121 0.0 0.435 0.48 1
366 10.3731938581 4.61162330986 0.0 0.435 0.48 1
367 1.27562902944 12.9310652681 0.0 0.435 0.48 1
368 1.78137668787 12.9234281545 0.0 0.435 0.48 1
399 5.81599283939 10.6926750066 0.0 0.435 0.48 1
403 11.0557322086 8.10273886007 0.0 0.435 0.48 1
404 6.83969513261 10.5058043834 0.0 0.435 0.48 1
406 4.19499056506 10.2595074701 0.0 0.435 0.48 1
