128 7.34881023279 10.2454265419 0.0 0.435 0.48 1
129 7.49382069333 9.56095023632 0.0 0.435 0.48 1
134 9.77021131904 4.0016088618 0.0 0.435 0.48 1
135 9.49134504878 4.64479702202 0.0 0.435 0.48 1
136 6.53388932832 3.95101298426 0.0 0.435 0.48 1
137 2.60387433629 5.31638569842 0.0 0.435 0.48 1
138 1.75654180493 4.96412383404 0.0 0.435 0.48 1
139 1.28236391295 0.4995149608 0.0 0.435 0.48 1
140 0.39314882478 0.348681967381 0.0 0.435 0.48 1
168 5.54575563863 9.94519251386 0.0 0.435 0.48 1
177 5.14734518611 9.74901415849 0.0 0.435 0.48 1
178 5.18754402205 10.3463796372 0.0 0.435 0.48 1
190 7.36543697645 11.7387209087 0.0 0.435 0.48 1
200 2.79918595802 11.9687889556 0.0 0.435 0.48 1
201 3.03785339233 12.2067327759 0.0 0.435 0.48 1
203 3.57790686363 11.4332363651 0.0 0.435 0.48 1
207 11.3061856891 5.38893827753 0.0 0.435 0.48 1
208 11.6839705609 5.2495609545 0.0 0.435 0.48 1
209 9.02327064498 8.65762289441 0.0 0.435 0.48 1
210 13.175957723 1.32265261001 0.0 0.435 0.48 1
211 7.30587535043 1.1622732246 0.0 0.435 0.48 1
269 3.58527314247 9.17599197938 0.0 0.435 0.48 1
276 12.5159391392 4.40279598511 0.0 0.435 0.48 1
293 13.5777356173 8.65452031701 0.0 0.435 0.48 1
297 8.49163577806 9.81345230442 0.0 0.435 0.48 1
301 7.94632067902 10.0630904549 0.0 0.435 0.48 1
306 10.6636357094 5.85241560857 0.0 0.435 0.48 1
307 13.3119181838 5.53690735335 0.0 0.435 0.48 1
311 12.27748217 9.05904867752 0.0 0.435 0.48 1
314 10.8442147735 8.87814454934 0.0 0.435 0.48 1
315 13.5398518975 9.09293836908 0.0 0.435 0.48 1
316 13.0890356327 3.13718306723 0.0 0.435 0.48 1
317 14.3274123378 7.19869553876 0.0 0.435 0.48 1
375 7.08951721774 11.0165363548 0.0 0.435 0.48 1
389 4.05145336029 12.1835827754 0.0 0.435 0.48 1
390 3.73112546344 12.2570899937 0.0 0.435 0.48 1
391 4.34989288574 9.88552756393 0.0 0.435 0.48 1
392 4.12216963713 10.0544987021 0.0 0.435 0.48 1
393 3.8045777867 11.1334796566 0.0 0.435 0.48 1
399 2.98713130092 13.2986013596 0.0 0.435 0.48 1
408 8.47353577863 8.89461207552 0.0 0.435 0.48 1
409 8.18456718312 9.28816208525 0.0 0.435 0.48 1
414 9.67444969416 7.9156295771 0.0 0.435 0.48 1
