144 10.0084578231 1.40260364292 0.0 0.435 0.48 1
145 11.0765682545 2.10092221688 0.0 0.435 0.48 1
146 11.7481624193 2.51380367038 0.0 0.435 0.48 1
147 9.80767410855 2.14793819742 0.0 0.435 0.48 1
207 7.45046488074 10.0714435479 0.0 0.435 0.48 1
208 7.94821486501 9.90223374991 0.0 0.435 0.48 1
209 6.54546490935 11.8076935908 0.0 0.435 0.48 1
214 4.66706380595 10.4910074758 0.0 0.435 0.48 1
215 4.61739404007 9.90533632731 0.0 0.435 0.48 1
216 4.14174289232 10.4898141768 0.0 0.435 0.48 1
218 9.02895320294 12.7205673247 0.0 0.435 0.48 1
220 8.76082065327 11.9229662741 0.0 0.435 0.48 1
225 5.83304051327 8.10703473647 0.0 0.435 0.48 1
228 11.4221519645 8.45142082745 0.0 0.435 0.48 1
229 10.3912938575 6.6629042884 0.0 0.435 0.48 1
301 6.27249166217 11.4029265705 0.0 0.435 0.48 1
306 7.91853928455 6.89154037653 0.0 0.435 0.48 1
307 8.31631834174 7.19129708497 0.0 0.435 0.48 1
311 13.7644181695 6.2469202575 0.0 0.435 0.48 1
314 3.31103710463 10.7926734626 0.0 0.435 0.48 1
320 9.02769041228 9.22491723832 0.0 0.435 0.48 1
328 3.1464533889 2.94434594906 0.0 0.435 0.48 1
329 6.57282537361 3.78418978426 0.0 0.435 0.48 1
330 6.64859281307 4.52045526637 0.0 0.435 0.48 1
331 6.70289281135 2.92238924749 0.0 0.435 0.48 1
332 9.93247991856 8.45810330184 0.0 0.435 0.48 1
333 10.2763799077 8.57433062431 0.0 0.435 0.48 1
334 11.4493019636 10.2623713877 0.0 0.435 0.48 1
335 13.1437565612 8.0750543233 0.0 0.435 0.48 1
336 11.7349031174 6.91994089269 0.0 0.435 0.48 1
337 14.0618053694 3.19207482117 0.0 0.435 0.48 1
338 14.6521600019 2.78134130586 0.0 0.435 0.48 1
339 12.162357755 5.56268261172 0.0 0.435 0.48 1
340 12.2341263574 4.93524599827 0.0 0.435 0.48 1
389 7.66092999037 6.56075789412 0.0 0.435 0.48 1
390 6.28490910364 6.5772254203 0.0 0.435 0.48 1
396 14.7529727894 7.38031564634 0.0 0.435 0.48 1
414 4.97792077286 9.64519714562 0.0 0.435 0.48 1
