108 7.94484742325 5.83618674219 0.0 0.435 0.48 1
116 6.12811259697 12.2074487553 0.0 0.435 0.48 1
123 6.84537769057 10.9205951153 0.0 0.435 0.48 1
125 10.7322473351 4.63954650643 0.0 0.435 0.48 1
126 11.2148438315 4.55601557653 0.0 0.435 0.48 1
127 11.0300554653 3.93430679828 0.0 0.435 0.48 1
128 3.10541269252 1.59090622489 0.0 0.435 0.48 1
129 2.98355339405 0.88304125894 0.0 0.435 0.48 1
164 6.67153351002 9.92944096708 0.0 0.435 0.48 1
166 7.49487301887 5.8264016904 0.0 0.435 0.48 1
168 8.56550903154 5.76482746208 0.0 0.435 0.48 1
177 8.11132532497 6.46052077824 0.0 0.435 0.48 1
178 8.81722530265 6.72662645492 0.0 0.435 0.48 1
190 8.67810786519 6.25933056708 0.0 0.435 0.48 1
198 9.10619389817 7.98173834162 0.0 0.435 0.48 1
199 1.07168833821 2.85914440057 0.0 0.435 0.48 1
255 6.31647887008 5.88869189813 0.0 0.435 0.48 1
269 7.84235091487 7.77744555306 0.0 0.435 0.48 1
272 8.19761601991 10.4652322174 0.0 0.435 0.48 1
276 14.1020042053 5.9958501482 0.0 0.435 0.48 1
277 13.7475809607 4.05578463633 0.0 0.435 0.48 1
279 2.64659875354 8.35309298997 0.0 0.435 0.48 1
280 3.5486522134 11.7036379181 0.0 0.435 0.48 1
281 3.3104057093 11.3518533734 0.0 0.435 0.48 1
282 14.0902181592 4.42666196509 0.0 0.435 0.48 1
284 7.8518218448 4.52475114277 0.0 0.435 0.48 1
285 8.18540904356 4.85577228497 0.0 0.435 0.48 1
286 14.7256123252 7.67052596279 0.0 0.435 0.48 1
287 14.107055368 9.22778115592 0.0 0.435 0.48 1
288 13.7181158454 5.19944239656 0.0 0.435 0.48 1
289 13.6901239858 5.52258776537 0.0 0.435 0.48 1
290 14.6967786052 5.59418570528 0.0 0.435 0.48 1
294 14.9295530164 8.11395587066 0.0 0.435 0.48 1
371 8.97654739064 3.0844392515 0.0 0.435 0.48 1
372 9.12345203716 3.59803514048 0.0 0.435 0.48 1
375 4.39177544256 10.7807404727 0.0 0.435 0.48 1
376 4.26549637678 11.4434987365 0.0 0.435 0.48 1
377 6.93840326902 8.9974744492 0.0 0.435 0.48 1
378 8.73219739836 8.83518578539 0.0 0.435 0.48 1
379 2.8292824687 12.5950322701 0.0 0.435 0.48 1
380 2.51379526937 12.5375152583 0.0 0.435 0.48 1
381 7.04889745158 8.67957959598 0.0 0.435 0.48 1
383 6.08433585416 11.4769111084 0.0 0.435 0.48 1
384 6.36656956617 11.622732246 0.0 0.435 0.48 1
385 7.19096140058 11.3761966729 0.0 0.435 0.48 1
399 5.08210100213 12.0523198855 0.0 0.435 0.48 1
408 7.13855558828 12.4406193797 0.0 0.435 0.48 1
409 7.28356604881 13.1871472332 0.0 0.435 0.48 1
