18 14.6567902343 7.5812671977 0.0 0.435 0.48 1
26 2.98860455668 4.28513670385 0.0 0.435 0.48 1
27 3.41353361302 4.03478257396 0.0 0.435 0.48 1
28 2.98208013828 3.56939596451 0.0 0.435 0.48 1
29 13.7677856113 7.7492836967 0.0 0.435 0.48 1
30 13.857443748 8.01371875478 0.0 0.435 0.48 1
33 11.0778310451 4.63739856823 0.0 0.435 0.48 1
34 11.6357740508 4.667469703 0.0 0.435 0.48 1
35 14.439169311 2.32406912961 0.0 0.435 0.48 1
55 7.0122765225 11.8079322506 0.0 0.435 0.48 1
56 3.73407197498 5.45003518626 0.0 0.435 0.48 1
60 10.6337496638 4.28990989985 0.0 0.435 0.48 1
61 9.77884038853 4.27797690986 0.0 0.435 0.48 1
70 5.75369516694 6.33522438339 0.0 0.435 0.48 1
74 0.0372523244037 0.227920108726 0.0 0.435 0.48 1
75 6.75845560029 10.9475636727 0.0 0.435 0.48 1
76 6.17273120021 11.029423984 0.0 0.435 0.48 1
77 5.01391030661 6.23856716451 0.0 0.435 0.48 1
79 1.4431592567 5.02545940257 0.0 0.435 0.48 1
80 4.95308588993 7.77147905807 0.0 0.435 0.48 1
81 5.00528123711 7.38031564634 0.0 0.435 0.48 1
82 4.79860449946 10.3339693276 0.0 0.435 0.48 1
83 6.84011606283 11.4318044063 0.0 0.435 0.48 1
84 2.15979295498 13.0532590855 0.0 0.435 0.48 1
86 1.56796506671 12.680949798 0.0 0.435 0.48 1
87 6.18367538591 2.96845058884 0.0 0.435 0.48 1
88 6.20345910621 1.92717788269 0.0 0.435 0.48 1
90 10.8000171004 11.1382528526 0.0 0.435 0.48 1
91 6.52694397971 9.29293528124 0.0 0.435 0.48 1
92 3.12035571531 5.82258313361 0.0 0.435 0.48 1
153 6.38488003071 0.769677854076 0.0 0.435 0.48 1
154 5.94900678868 1.12408765665 0.0 0.435 0.48 1
155 14.5431390751 0.304768564234 0.0 0.435 0.48 1
242 10.7086752429 10.9034116097 0.0 0.435 0.48 1
243 12.3873449572 11.0430275925 0.0 0.435 0.48 1
244 10.1120066571 10.631339438 0.0 0.435 0.48 1
245 4.84869519555 3.78920164005 0.0 0.435 0.48 1
246 4.94066844846 3.32333771101 0.0 0.435 0.48 1
247 12.3237844941 6.42209655049 0.0 0.435 0.48 1
248 12.2911624021 6.84046717939 0.0 0.435 0.48 1
249 12.7114612261 6.54309706894 0.0 0.435 0.48 1
250 12.7815461076 5.98511045721 0.0 0.435 0.48 1
252 11.6551368408 3.82571658941 0.0 0.435 0.48 1
253 13.2382553954 4.76722949928 0.0 0.435 0.48 1
348 4.45786148698 9.48982961601 0.0 0.435 0.48 1
350 10.8454775641 7.93376772187 0.0 0.435 0.48 1
397 10.9441857005 7.34547131558 0.0 0.435 0.48 1
398 3.8744522031 11.6270281224 0.0 0.435 0.48 1
399 3.32156036011 13.1797487794 0.0 0.435 0.48 1
