101 11.2655659229 2.51237171158 0.0 0.435 0.48 1
103 10.3534101378 2.06345262832 0.0 0.435 0.48 1
104 10.4916857148 2.90425110271 0.0 0.435 0.48 1
108 7.85097998436 6.14477386322 0.0 0.435 0.48 1
109 11.9272682276 5.06722486752 0.0 0.435 0.48 1
112 11.1525461591 5.14598260142 0.0 0.435 0.48 1
113 11.0936159284 4.54718516394 0.0 0.435 0.48 1
114 3.84225104132 12.1021997837 0.0 0.435 0.48 1
115 3.16118594658 12.1811961774 0.0 0.435 0.48 1
116 3.91275685305 9.17479868038 0.0 0.435 0.48 1
117 1.53639530027 1.69448457797 0.0 0.435 0.48 1
164 6.69721025339 9.7408997253 0.0 0.435 0.48 1
165 12.8712042443 9.27169455907 0.0 0.435 0.48 1
166 7.59842185281 5.86912179455 0.0 0.435 0.48 1
167 6.80854629639 11.622732246 0.0 0.435 0.48 1
168 7.57042999323 4.52331918397 0.0 0.435 0.48 1
173 14.8706227857 9.0802893997 0.0 0.435 0.48 1
177 7.95494974852 4.23668876451 0.0 0.435 0.48 1
178 8.96876018158 4.58560939169 0.0 0.435 0.48 1
180 7.4188951143 9.88051570814 0.0 0.435 0.48 1
182 11.3183926654 9.55569972073 0.0 0.435 0.48 1
187 1.38107204936 4.65840063061 0.0 0.435 0.48 1
189 11.3200763863 3.41975627009 0.0 0.435 0.48 1
190 8.43039043116 4.02810009956 0.0 0.435 0.48 1
195 13.8925914213 3.19804131616 0.0 0.435 0.48 1
196 11.2708275507 0.643426820027 0.0 0.435 0.48 1
255 6.40087537904 6.20754139055 0.0 0.435 0.48 1
264 1.40317088587 2.93551553648 0.0 0.435 0.48 1
267 9.04368576061 9.75187807609 0.0 0.435 0.48 1
269 11.3169194097 6.45980479884 0.0 0.435 0.48 1
270 11.9712554355 6.42877902488 0.0 0.435 0.48 1
272 12.2835856582 7.23998368411 0.0 0.435 0.48 1
273 9.47092993315 7.23139193132 0.0 0.435 0.48 1
274 9.52480900121 6.85072955077 0.0 0.435 0.48 1
275 3.36533710291 5.8321295256 0.0 0.435 0.48 1
276 14.4513762873 6.4975130472 0.0 0.435 0.48 1
277 14.3446704767 5.35027538998 0.0 0.435 0.48 1
278 13.6255111972 4.45339186265 0.0 0.435 0.48 1
279 12.6053868108 7.67625379798 0.0 0.435 0.48 1
280 14.1720890869 7.97290792903 0.0 0.435 0.48 1
281 14.5500844237 8.16741566579 0.0 0.435 0.48 1
282 15.059409989 5.38989291673 0.0 0.435 0.48 1
363 4.78766031376 11.122262646 0.0 0.435 0.48 1
364 5.01727774836 10.8318136698 0.0 0.435 0.48 1
367 4.62686497001 10.1506786014 0.0 0.435 0.48 1
368 5.19280564979 9.54185745234 0.0 0.435 0.48 1
369 7.86529161182 12.0881188555 0.0 0.435 0.48 1
370 7.72764743012 12.3449168 0.0 0.435 0.48 1
399 6.95397768714 11.0625976961 0.0 0.435 0.48 1
403 14.2950007109 8.53686103575 0.0 0.435 0.48 1
404 11.5888403313 8.39533577452 0.0 0.435 0.48 1
407 3.3015661747 4.98870579341 0.0 0.435 0.48 1
