101 6.64396258066 1.23434848412 0.0 0.435 0.48 1
103 5.76653353863 1.64508199942 0.0 0.435 0.48 1
104 5.96731725321 2.27872376766 0.0 0.435 0.48 1
107 14.2364914104 9.66572188839 0.0 0.435 0.48 1
108 7.74616835977 6.12615839884 0.0 0.435 0.48 1
109 8.26643811076 4.97152228783 0.0 0.435 0.48 1
110 4.07734056878 11.0759626449 0.0 0.435 0.48 1
111 4.36841381539 10.7091425327 0.0 0.435 0.48 1
112 7.29219511831 4.60207691787 0.0 0.435 0.48 1
113 6.6622730452 3.78395112446 0.0 0.435 0.48 1
114 5.50450447715 7.39105533733 0.0 0.435 0.48 1
115 4.76345682615 7.71945122173 0.0 0.435 0.48 1
164 6.706049788 9.67479096078 0.0 0.435 0.48 1
165 11.6536635851 9.21489352674 0.0 0.435 0.48 1
166 7.63462185167 5.88391870214 0.0 0.435 0.48 1
167 6.66185211498 11.2900404852 0.0 0.435 0.48 1
168 8.11490323183 3.56199751072 0.0 0.435 0.48 1
169 9.69339155402 7.59272286808 0.0 0.435 0.48 1
173 14.7325576738 8.89246413732 0.0 0.435 0.48 1
177 8.64401251743 3.03265007496 0.0 0.435 0.48 1
178 9.13060785088 3.10305471587 0.0 0.435 0.48 1
179 10.7652903573 8.90201052931 0.0 0.435 0.48 1
180 8.33526020161 8.18770174877 0.0 0.435 0.48 1
181 11.6271449813 7.64785328182 0.0 0.435 0.48 1
182 12.7558693642 7.06242079312 0.0 0.435 0.48 1
183 13.4468263191 6.56004191472 0.0 0.435 0.48 1
184 14.9482844112 6.09775788268 0.0 0.435 0.48 1
186 14.3934983822 6.02186406637 0.0 0.435 0.48 1
187 9.43872877138 3.77965524806 0.0 0.435 0.48 1
189 6.23587073309 1.36537271416 0.0 0.435 0.48 1
190 7.55569743556 0.556793312731 0.0 0.435 0.48 1
255 6.49053351574 6.72400119713 0.0 0.435 0.48 1
257 6.5465172349 6.03164911816 0.0 0.435 0.48 1
264 7.46140906644 3.73144596852 0.0 0.435 0.48 1
266 9.42883691122 8.97360846923 0.0 0.435 0.48 1
267 8.91424971819 8.68148887438 0.0 0.435 0.48 1
269 11.5846310291 6.3283032492 0.0 0.435 0.48 1
270 12.2471751942 6.30061871244 0.0 0.435 0.48 1
272 10.7617124505 7.79797029584 0.0 0.435 0.48 1
273 14.477684426 6.79034862145 0.0 0.435 0.48 1
274 14.606278608 6.492978511 0.0 0.435 0.48 1
275 14.6835193032 8.09844298368 0.0 0.435 0.48 1
363 4.68305915428 10.9022183107 0.0 0.435 0.48 1
364 4.60245101729 10.8983997539 0.0 0.435 0.48 1
365 12.4016565847 2.94148203147 0.0 0.435 0.48 1
366 11.7513193959 2.88706759713 0.0 0.435 0.48 1
367 2.11748946794 12.4618601018 0.0 0.435 0.48 1
368 2.7375196809 12.4453925757 0.0 0.435 0.48 1
399 5.69729051756 10.8406440824 0.0 0.435 0.48 1
403 11.8182473008 8.15309607781 0.0 0.435 0.48 1
404 7.09393698504 10.3967368549 0.0 0.435 0.48 1
406 4.11311963741 10.6513868612 0.0 0.435 0.48 1
407 3.91044173684 9.65068632101 0.0 0.435 0.48 1
