148 7.34607418637 12.1575688572 0.0 0.435 0.48 1
209 2.49716852571 12.1561368984 0.0 0.435 0.48 1
225 4.2833859111 10.643272428 0.0 0.435 0.48 1
229 8.03724160638 13.687855493 0.0 0.435 0.48 1
232 14.0834832757 2.70186759256 0.0 0.435 0.48 1
233 8.88752064927 4.76794547868 0.0 0.435 0.48 1
234 14.7597076729 2.09018252589 0.0 0.435 0.48 1
235 14.8939844129 3.38896915593 0.0 0.435 0.48 1
237 14.7325576738 1.14556703862 0.0 0.435 0.48 1
301 6.30721840526 11.1668920286 0.0 0.435 0.48 1
306 7.91559277302 7.00227852359 0.0 0.435 0.48 1
307 8.34830903841 7.08604811329 0.0 0.435 0.48 1
314 3.30346036068 13.8413137442 0.0 0.435 0.48 1
320 8.59686833287 12.7422853665 0.0 0.435 0.48 1
332 5.55775214988 11.2800167737 0.0 0.435 0.48 1
333 5.43526145608 11.3513760538 0.0 0.435 0.48 1
335 9.47661249111 10.290533244 0.0 0.435 0.48 1
336 6.43349747103 10.6867085116 0.0 0.435 0.48 1
341 8.39755787406 8.94974248925 0.0 0.435 0.48 1
342 7.22695093432 4.32093567381 0.0 0.435 0.48 1
343 14.3021565246 2.65294233361 0.0 0.435 0.48 1
344 13.82292747 6.4925011914 0.0 0.435 0.48 1
346 14.9078751101 7.7485677173 0.0 0.435 0.48 1
347 15.0676181283 8.22875123432 0.0 0.435 0.48 1
389 8.59350089112 6.1648212864 0.0 0.435 0.48 1
390 9.47745435155 6.18844860657 0.0 0.435 0.48 1
414 3.46088826268 10.8795456297 0.0 0.435 0.48 1
