101 6.60734165158 1.32766446581 0.0 0.435 0.48 1
103 5.05474053788 1.06609332532 0.0 0.435 0.48 1
104 5.1690230924 1.90450520171 0.0 0.435 0.48 1
107 13.7012786366 8.88315640513 0.0 0.435 0.48 1
108 7.8497171937 6.10849757367 0.0 0.435 0.48 1
109 6.02519515836 4.50780629699 0.0 0.435 0.48 1
110 4.54499404236 9.58386157709 0.0 0.435 0.48 1
111 4.0078870826 8.95069712845 0.0 0.435 0.48 1
112 5.53523238315 3.62762895564 0.0 0.435 0.48 1
113 5.00970100442 3.11164646866 0.0 0.435 0.48 1
114 3.98221033922 5.20373827295 0.0 0.435 0.48 1
115 3.66209290748 5.72783519312 0.0 0.435 0.48 1
164 6.70857536931 9.65593683661 0.0 0.435 0.48 1
165 11.622725214 9.17336672159 0.0 0.435 0.48 1
166 7.64493464204 5.88821457853 0.0 0.435 0.48 1
167 6.55325211841 11.1797796578 0.0 0.435 0.48 1
168 8.21382183336 3.36558049556 0.0 0.435 0.48 1
169 8.89572878854 5.71184498654 0.0 0.435 0.48 1
173 14.6932006983 8.83876568239 0.0 0.435 0.48 1
177 8.73851135165 2.65628357081 0.0 0.435 0.48 1
178 9.18385552362 2.61666604406 0.0 0.435 0.48 1
179 11.9624159009 7.51181719598 0.0 0.435 0.48 1
180 9.86471015326 6.57316820371 0.0 0.435 0.48 1
181 12.1320507793 6.14692180142 0.0 0.435 0.48 1
182 12.6573716929 5.63714446923 0.0 0.435 0.48 1
183 13.4992321314 4.07153618311 0.0 0.435 0.48 1
184 13.5996239887 5.02641404176 0.0 0.435 0.48 1
185 14.0500193233 5.15194909641 0.0 0.435 0.48 1
186 14.1354681578 3.90065576652 0.0 0.435 0.48 1
187 12.5837089045 2.23934490071 0.0 0.435 0.48 1
188 9.75253224983 0.964901570241 0.0 0.435 0.48 1
189 5.85093004759 0.954639198854 0.0 0.435 0.48 1
255 6.58503234996 6.80204295163 0.0 0.435 0.48 1
257 6.69447420697 5.46530941344 0.0 0.435 0.48 1
261 14.9308158071 5.15099445722 0.0 0.435 0.48 1
262 14.8672553439 4.51544341058 0.0 0.435 0.48 1
264 8.40997531553 4.00662071759 0.0 0.435 0.48 1
266 10.0046694512 7.62374864205 0.0 0.435 0.48 1
267 9.4545136546 7.51969296937 0.0 0.435 0.48 1
269 11.6566100966 6.30515324863 0.0 0.435 0.48 1
270 12.4639542571 6.29298159884 0.0 0.435 0.48 1
272 10.691627569 7.70083575735 0.0 0.435 0.48 1
363 4.65317310871 10.8394507834 0.0 0.435 0.48 1
364 4.54604636791 11.2074641945 0.0 0.435 0.48 1
365 10.3927671133 5.04765476394 0.0 0.435 0.48 1
366 9.69423341446 5.24287848011 0.0 0.435 0.48 1
367 0.738732534786 13.1239023862 0.0 0.435 0.48 1
368 1.21017438035 13.1620879542 0.0 0.435 0.48 1
399 5.8751335352 10.6186904687 0.0 0.435 0.48 1
403 10.7939136123 8.15452803661 0.0 0.435 0.48 1
404 6.80707304062 10.5096229402 0.0 0.435 0.48 1
405 7.89749277359 13.7518163193 0.0 0.435 0.48 1
