26 2.55862433772 4.20685628955 0.0 0.435 0.48 1
27 2.97450339434 3.81712483662 0.0 0.435 0.48 1
28 2.35615690226 3.57440782031 0.0 0.435 0.48 1
29 13.8397646788 8.01109349698 0.0 0.435 0.48 1
30 13.6381391037 8.28149505006 0.0 0.435 0.48 1
56 2.99723362618 5.3318985854 0.0 0.435 0.48 1
75 7.84466603107 12.2115059719 0.0 0.435 0.48 1
76 7.6571416184 11.8282183336 0.0 0.435 0.48 1
77 4.46186032406 8.90201052931 0.0 0.435 0.48 1
80 5.09704402491 9.87073065635 0.0 0.435 0.48 1
81 4.78239868602 9.43780177967 0.0 0.435 0.48 1
82 3.39985338089 12.4208106163 0.0 0.435 0.48 1
93 3.91991266678 1.3364948784 0.0 0.435 0.48 1
94 2.61776503352 5.19371456136 0.0 0.435 0.48 1
95 1.41011623449 4.55840217453 0.0 0.435 0.48 1
153 5.82693702509 0.690204140771 0.0 0.435 0.48 1
155 14.6932006983 6.47961356222 0.0 0.435 0.48 1
156 14.2057635044 6.02401200457 0.0 0.435 0.48 1
157 2.754988285 0.205247427754 0.0 0.435 0.48 1
247 7.70028696587 7.76956977967 0.0 0.435 0.48 1
248 7.50518580925 8.25046927609 0.0 0.435 0.48 1
249 7.85981951897 8.49079969441 0.0 0.435 0.48 1
250 8.38492996748 7.31253626322 0.0 0.435 0.48 1
252 0.855961600847 1.22504075193 0.0 0.435 0.48 1
253 3.82625569299 2.56225160972 0.0 0.435 0.48 1
254 14.5726041905 4.94503105006 0.0 0.435 0.48 1
255 14.9238704584 5.97270014763 0.0 0.435 0.48 1
348 -0.117439531171 4.15077123662 0.0 0.435 0.48 1
349 8.62275554136 10.503895105 0.0 0.435 0.48 1
350 11.6618717244 6.30372128983 0.0 0.435 0.48 1
351 4.49385102072 8.27982443146 0.0 0.435 0.48 1
352 3.97779057192 8.90201052931 0.0 0.435 0.48 1
353 4.50458474132 7.84164503918 0.0 0.435 0.48 1
354 2.78866270254 9.43302858367 0.0 0.435 0.48 1
355 2.40982550521 12.5449137121 0.0 0.435 0.48 1
356 2.81686502723 12.6012374249 0.0 0.435 0.48 1
357 2.78108595859 13.1296302214 0.0 0.435 0.48 1
397 11.2554635977 7.27769193246 0.0 0.435 0.48 1
398 1.38906972353 13.6990725036 0.0 0.435 0.48 1
399 3.48614407584 12.9938327954 0.0 0.435 0.48 1
