138 10.0324508456 13.6062338415 0.0 0.435 0.48 1
139 3.60674058365 12.789301347 0.0 0.435 0.48 1
140 3.31103710463 12.4208106163 0.0 0.435 0.48 1
142 11.2977670847 4.80183517023 0.0 0.435 0.48 1
143 11.7277473037 4.36413309756 0.0 0.435 0.48 1
144 5.52555098811 1.67849437138 0.0 0.435 0.48 1
145 5.67014051842 2.1613031462 0.0 0.435 0.48 1
146 6.24534166303 2.52048614477 0.0 0.435 0.48 1
147 4.0078870826 1.14461239943 0.0 0.435 0.48 1
207 11.455826382 7.12757491844 0.0 0.435 0.48 1
208 12.0167158992 7.04690790614 0.0 0.435 0.48 1
209 8.12311137111 11.4986291502 0.0 0.435 0.48 1
212 2.4969580606 1.55462993533 0.0 0.435 0.48 1
213 2.19978132581 2.73838254191 0.0 0.435 0.48 1
214 4.67716613121 6.82018109641 0.0 0.435 0.48 1
215 5.30245797191 6.51326459398 0.0 0.435 0.48 1
216 4.38882893102 6.60204603947 0.0 0.435 0.48 1
218 8.27464625004 9.48243116221 0.0 0.435 0.48 1
220 9.20700668568 6.97363934763 0.0 0.435 0.48 1
221 12.4033403056 4.87653568754 0.0 0.435 0.48 1
222 3.34639524305 0.564907745922 0.0 0.435 0.48 1
223 12.9236100566 2.78539852246 0.0 0.435 0.48 1
224 12.9812774966 3.41904029069 0.0 0.435 0.48 1
225 11.8001473014 2.93551553648 0.0 0.435 0.48 1
226 12.9880123801 1.59377014249 0.0 0.435 0.48 1
227 13.5680542222 2.01261809098 0.0 0.435 0.48 1
228 15.0600413844 4.04934082174 0.0 0.435 0.48 1
269 3.29230570987 9.07241362631 0.0 0.435 0.48 1
301 6.47538002785 10.9227430535 0.0 0.435 0.48 1
306 7.77058231248 7.05931821572 0.0 0.435 0.48 1
307 8.23970904184 7.19869553876 0.0 0.435 0.48 1
311 10.9795438389 9.13446517423 0.0 0.435 0.48 1
314 7.02953466149 10.8828868669 0.0 0.435 0.48 1
320 10.4070787408 8.94926516965 0.0 0.435 0.48 1
321 5.6389916822 4.1615109276 0.0 0.435 0.48 1
322 5.80020795617 3.77655267067 0.0 0.435 0.48 1
323 5.07389286285 9.97192241143 0.0 0.435 0.48 1
324 9.03989738864 5.14789187982 0.0 0.435 0.48 1
325 6.65638002213 3.37369492875 0.0 0.435 0.48 1
326 9.27877528806 4.62594289785 0.0 0.435 0.48 1
327 9.58163458081 5.90730736251 0.0 0.435 0.48 1
328 11.724590327 6.05623107753 0.0 0.435 0.48 1
329 13.8980635141 6.88963109813 0.0 0.435 0.48 1
330 14.1304169951 7.13688265063 0.0 0.435 0.48 1
331 14.3629809413 6.49059191301 0.0 0.435 0.48 1
332 14.4440100085 5.82496973161 0.0 0.435 0.48 1
333 14.7496053477 6.19608572016 0.0 0.435 0.48 1
389 5.35149634245 8.48793577681 0.0 0.435 0.48 1
390 4.62686497001 8.59175278968 0.0 0.435 0.48 1
395 2.24103248729 6.44954242746 0.0 0.435 0.48 1
396 7.87539393708 8.47862804462 0.0 0.435 0.48 1
399 1.40927437405 11.2687997631 0.0 0.435 0.48 1
414 10.6600578025 8.01896927037 0.0 0.435 0.48 1
415 13.7012786366 7.58938163089 0.0 0.435 0.48 1
