123 8.0858590467 9.86190024376 0.0 0.435 0.48 1
125 1.74854413077 8.95714094305 0.0 0.435 0.48 1
126 4.32884637478 9.80581519083 0.0 0.435 0.48 1
127 4.34357893245 9.13231723604 0.0 0.435 0.48 1
128 8.40808112954 3.1662995628 0.0 0.435 0.48 1
129 8.53057182334 2.31881861402 0.0 0.435 0.48 1
130 13.5034414336 -0.0971345384834 0.0 0.435 0.48 1
132 2.34247667013 9.08649455449 0.0 0.435 0.48 1
133 2.3330057402 8.90057857051 0.0 0.435 0.48 1
166 7.43467999752 5.80158107123 0.0 0.435 0.48 1
168 7.79015556768 7.98484091901 0.0 0.435 0.48 1
177 7.26462418894 8.12183164405 0.0 0.435 0.48 1
178 7.99620091 8.28960948325 0.0 0.435 0.48 1
190 7.67292650162 8.78960176365 0.0 0.435 0.48 1
198 8.38703461858 12.5103080412 0.0 0.435 0.48 1
200 8.26643811076 6.37675118854 0.0 0.435 0.48 1
201 8.31021485356 6.86337852016 0.0 0.435 0.48 1
202 14.4440100085 3.81282896022 0.0 0.435 0.48 1
203 7.69902417521 6.29083366065 0.0 0.435 0.48 1
204 12.1036379895 4.02261092417 0.0 0.435 0.48 1
205 14.8026425553 4.88059290414 0.0 0.435 0.48 1
269 4.05650452292 9.3275409522 0.0 0.435 0.48 1
276 12.6110693688 4.55028774134 0.0 0.435 0.48 1
286 11.2036891807 6.12568107925 0.0 0.435 0.48 1
287 11.1270798808 6.54285840914 0.0 0.435 0.48 1
288 2.20293830245 3.56390678912 0.0 0.435 0.48 1
289 2.25513364964 4.09086762689 0.0 0.435 0.48 1
291 4.67148357325 6.05241252073 0.0 0.435 0.48 1
292 5.80757423501 9.39126311872 0.0 0.435 0.48 1
293 13.2456216743 8.32326051501 0.0 0.435 0.48 1
294 13.7581042162 8.79819351644 0.0 0.435 0.48 1
295 4.28128126 3.69851091616 0.0 0.435 0.48 1
296 4.57067078574 3.40257276451 0.0 0.435 0.48 1
297 11.3505938272 9.27766105406 0.0 0.435 0.48 1
298 8.78902297796 4.96412383404 0.0 0.435 0.48 1
299 9.61594039368 4.22690371272 0.0 0.435 0.48 1
300 9.00411832 4.44551608926 0.0 0.435 0.48 1
301 11.7420589311 9.12324816365 0.0 0.435 0.48 1
302 9.63340899778 7.61229297166 0.0 0.435 0.48 1
303 11.2133705757 5.36889085435 0.0 0.435 0.48 1
304 11.812775208 4.82450785121 0.0 0.435 0.48 1
305 10.3906624622 4.162226907 0.0 0.435 0.48 1
306 13.5392205022 5.31495373962 0.0 0.435 0.48 1
307 14.1022146705 5.25624342889 0.0 0.435 0.48 1
308 14.0146611849 9.56166621572 0.0 0.435 0.48 1
309 15.0903483602 4.05721659513 0.0 0.435 0.48 1
371 14.0569646719 2.2445954163 0.0 0.435 0.48 1
372 13.5796298033 2.84267687439 0.0 0.435 0.48 1
375 7.37364511573 10.53372758 0.0 0.435 0.48 1
376 7.05668466063 10.6418404692 0.0 0.435 0.48 1
378 10.8326391924 8.17051824319 0.0 0.435 0.48 1
379 6.05992190145 10.5690492303 0.0 0.435 0.48 1
380 6.40171723948 10.5528203639 0.0 0.435 0.48 1
382 4.8672161252 7.12041512445 0.0 0.435 0.48 1
387 10.3889787413 0.879461361944 0.0 0.435 0.48 1
388 10.7010984989 2.32430778941 0.0 0.435 0.48 1
399 3.58864058422 13.0988431073 0.0 0.435 0.48 1
408 9.33959970474 8.38197082574 0.0 0.435 0.48 1
409 7.14297535558 12.6372750546 0.0 0.435 0.48 1
411 5.61163121795 10.9270389299 0.0 0.435 0.48 1
412 5.60258121823 12.1286910214 0.0 0.435 0.48 1
413 5.98394399687 11.9351379239 0.0 0.435 0.48 1
