101 13.980355372 5.72783519312 0.0 0.435 0.48 1
103 13.9161635135 5.07223672331 0.0 0.435 0.48 1
104 13.4586123652 5.4934712698 0.0 0.435 0.48 1
108 8.03597881572 6.03021715936 0.0 0.435 0.48 1
109 12.1112147334 5.1622114678 0.0 0.435 0.48 1
112 11.4210996389 5.32187487381 0.0 0.435 0.48 1
113 11.6667124219 4.64599032102 0.0 0.435 0.48 1
116 6.34194514835 11.5750002861 0.0 0.435 0.48 1
117 6.88115675921 11.4544770872 0.0 0.435 0.48 1
118 7.10046140344 9.59483992788 0.0 0.435 0.48 1
119 9.30697761275 1.43697065407 0.0 0.435 0.48 1
120 6.50947537561 7.90799246351 0.0 0.435 0.48 1
121 5.89302306951 7.92827854648 0.0 0.435 0.48 1
122 4.13753359013 5.4960965276 0.0 0.435 0.48 1
123 3.27062780358 5.61709704606 0.0 0.435 0.48 1
124 2.44392085297 2.7505541917 0.0 0.435 0.48 1
164 6.68605560258 9.82252137681 0.0 0.435 0.48 1
165 12.0609135722 9.15093270041 0.0 0.435 0.48 1
166 7.55359278446 5.85050633018 0.0 0.435 0.48 1
168 9.11966366518 5.46698003204 0.0 0.435 0.48 1
177 8.35504392191 6.20396149355 0.0 0.435 0.48 1
178 8.93256018273 6.51398057338 0.0 0.435 0.48 1
180 14.3979181495 8.10846669526 0.0 0.435 0.48 1
189 14.44695652 5.69203622317 0.0 0.435 0.48 1
190 8.72967181705 5.94644756966 0.0 0.435 0.48 1
255 6.36425444997 6.06935736651 0.0 0.435 0.48 1
269 10.8193798905 6.50920737738 0.0 0.435 0.48 1
270 11.6930205606 6.68533830957 0.0 0.435 0.48 1
272 12.5510868125 7.58627905349 0.0 0.435 0.48 1
273 4.92719868144 5.95384602345 0.0 0.435 0.48 1
274 5.1755475108 5.55743209613 0.0 0.435 0.48 1
276 14.6424786069 6.62113882345 0.0 0.435 0.48 1
277 13.8397646788 4.10065267868 0.0 0.435 0.48 1
279 8.51562880056 7.95071256765 0.0 0.435 0.48 1
280 7.78720905614 7.55477595993 0.0 0.435 0.48 1
281 8.1163764876 7.71992854133 0.0 0.435 0.48 1
282 14.3244658262 4.32332227181 0.0 0.435 0.48 1
367 14.7091960466 7.17602285778 0.0 0.435 0.48 1
369 4.65233124827 8.83566310499 0.0 0.435 0.48 1
370 4.21582661091 9.328972911 0.0 0.435 0.48 1
371 5.48514168706 10.335878606 0.0 0.435 0.48 1
372 5.82693702509 10.3783600503 0.0 0.435 0.48 1
373 14.0542286255 8.56311361372 0.0 0.435 0.48 1
399 4.85543007906 12.0833456595 0.0 0.435 0.48 1
