101 7.90906835462 1.70474694935 0.0 0.435 0.48 1
103 6.59303002413 2.12956139284 0.0 0.435 0.48 1
104 7.20169512117 2.7472129545 0.0 0.435 0.48 1
108 7.75500789437 6.13737540943 0.0 0.435 0.48 1
109 10.8090671001 5.50516559999 0.0 0.435 0.48 1
110 3.43668477508 13.2184116669 0.0 0.435 0.48 1
111 3.11551501779 13.0215173322 0.0 0.435 0.48 1
112 9.65677062495 5.10087589928 0.0 0.435 0.48 1
113 9.52438807099 4.54551454534 0.0 0.435 0.48 1
114 5.06294867715 9.87693581114 0.0 0.435 0.48 1
115 4.46564869603 10.0179837528 0.0 0.435 0.48 1
116 0.166477901714 4.13740628783 0.0 0.435 0.48 1
164 6.70226141602 9.70319147695 0.0 0.435 0.48 1
165 11.7001763743 9.27718373446 0.0 0.435 0.48 1
166 7.61904743355 5.87771354734 0.0 0.435 0.48 1
167 6.72478118275 11.4325203857 0.0 0.435 0.48 1
168 7.82361952011 4.14814597882 0.0 0.435 0.48 1
169 10.2761694426 9.59197601028 0.0 0.435 0.48 1
173 14.7916983696 8.97289248983 0.0 0.435 0.48 1
177 8.45438345366 3.57607843891 0.0 0.435 0.48 1
178 9.19627296509 3.42166554849 0.0 0.435 0.48 1
180 6.957555594 10.2189353041 0.0 0.435 0.48 1
181 11.2739845273 9.43851775907 0.0 0.435 0.48 1
182 10.9728089554 9.01060073818 0.0 0.435 0.48 1
183 14.1066344378 8.1607331914 0.0 0.435 0.48 1
186 14.6184855844 7.95500844405 0.0 0.435 0.48 1
187 5.75769400403 4.46174495564 0.0 0.435 0.48 1
189 7.42941836978 2.03815468955 0.0 0.435 0.48 1
190 8.29148345881 2.81117378082 0.0 0.435 0.48 1
191 12.5590844867 2.52335006237 0.0 0.435 0.48 1
192 1.57848832219 1.32456188841 0.0 0.435 0.48 1
193 1.69634878358 0.600468056079 0.0 0.435 0.48 1
194 0.873640670056 0.284243821459 0.0 0.435 0.48 1
255 6.41771258781 6.27150221687 0.0 0.435 0.48 1
264 5.25741843845 2.90210316452 0.0 0.435 0.48 1
266 9.2358404057 9.96714921543 0.0 0.435 0.48 1
267 8.79112762906 9.71822704433 0.0 0.435 0.48 1
269 11.476872893 6.36338623976 0.0 0.435 0.48 1
270 12.0638600837 6.33784964119 0.0 0.435 0.48 1
272 10.9311368637 7.827564111 0.0 0.435 0.48 1
273 12.4736356522 6.96099037824 0.0 0.435 0.48 1
274 12.4570089085 6.58414655449 0.0 0.435 0.48 1
275 10.1513636326 7.2438022409 0.0 0.435 0.48 1
276 14.7811751141 6.70323779455 0.0 0.435 0.48 1
277 15.0131076649 5.59442436508 0.0 0.435 0.48 1
363 4.72788822263 10.9964889316 0.0 0.435 0.48 1
364 4.89541844989 10.6086667571 0.0 0.435 0.48 1
367 3.46825454152 11.3430229608 0.0 0.435 0.48 1
368 3.87571499375 11.2463657419 0.0 0.435 0.48 1
399 7.19769628408 11.143742028 0.0 0.435 0.48 1
403 13.5665809665 8.44855690986 0.0 0.435 0.48 1
404 8.74335204917 9.30773218882 0.0 0.435 0.48 1
406 3.89655103961 11.9022028715 0.0 0.435 0.48 1
407 4.42355567411 8.05954143632 0.0 0.435 0.48 1
