26 12.7120926214 5.48917539341 0.0 0.435 0.48 1
27 13.3645344612 4.52260320457 0.0 0.435 0.48 1
28 13.1077670275 5.17891765378 0.0 0.435 0.48 1
29 14.8241099965 8.12111566465 0.0 0.435 0.48 1
77 2.53399991989 13.6799797196 0.0 0.435 0.48 1
94 6.28301491765 9.78385848925 0.0 0.435 0.48 1
95 5.95321609087 9.16787754619 0.0 0.435 0.48 1
96 12.179615894 1.44651704606 0.0 0.435 0.48 1
97 11.9209542743 1.03817012875 0.0 0.435 0.48 1
98 5.39611494569 1.4152526123 0.0 0.435 0.48 1
99 7.10993233337 2.99398718741 0.0 0.435 0.48 1
100 4.23034870347 3.29350523605 0.0 0.435 0.48 1
101 0.655177886264 1.61548818426 0.0 0.435 0.48 1
158 10.4449624605 6.35336252817 0.0 0.435 0.48 1
159 9.33812644898 6.663381608 0.0 0.435 0.48 1
160 10.0707554956 6.06195891272 0.0 0.435 0.48 1
164 5.38790680641 8.13829917023 0.0 0.435 0.48 1
165 5.99888701966 6.36457953876 0.0 0.435 0.48 1
166 10.4100252523 0.0558463931329 0.0 0.435 0.48 1
247 1.73444296842 12.5847698987 0.0 0.435 0.48 1
248 1.97542551895 12.8637632046 0.0 0.435 0.48 1
249 2.30859178748 12.9816611456 0.0 0.435 0.48 1
250 2.80571037642 12.4086389665 0.0 0.435 0.48 1
254 1.71002901571 3.84647999198 0.0 0.435 0.48 1
255 8.57813693812 6.03260375736 0.0 0.435 0.48 1
257 10.8873601209 0.736265482116 0.0 0.435 0.48 1
258 8.01724742097 8.69461516336 0.0 0.435 0.48 1
259 9.75463690092 6.63784500943 0.0 0.435 0.48 1
260 9.92448224439 7.00347182259 0.0 0.435 0.48 1
261 14.2303879222 3.20758770815 0.0 0.435 0.48 1
262 14.8260041825 3.00711347639 0.0 0.435 0.48 1
263 11.1247647646 5.72425529613 0.0 0.435 0.48 1
350 11.1826426697 2.20903510615 0.0 0.435 0.48 1
352 15.0482553382 5.75170117309 0.0 0.435 0.48 1
354 14.9146099936 5.40636044291 0.0 0.435 0.48 1
355 -0.0189418598663 5.01543569098 0.0 0.435 0.48 1
356 0.0210465109626 4.5822681545 0.0 0.435 0.48 1
357 0.860802298368 5.55289755993 0.0 0.435 0.48 1
358 4.45028474303 10.7026987181 0.0 0.435 0.48 1
359 3.67072197698 11.1859848126 0.0 0.435 0.48 1
360 4.01588475676 11.339204404 0.0 0.435 0.48 1
361 9.31097644983 7.1597939914 0.0 0.435 0.48 1
397 11.3918449887 7.13592801143 0.0 0.435 0.48 1
399 3.98894522273 12.1594781356 0.0 0.435 0.48 1
403 6.97334047722 11.964731739 0.0 0.435 0.48 1
