128 7.58242650448 11.3143837848 0.0 0.435 0.48 1
129 7.34523232593 10.6840832538 0.0 0.435 0.48 1
134 11.3891089423 4.56174341172 0.0 0.435 0.48 1
135 10.9715461648 4.91853981229 0.0 0.435 0.48 1
136 9.33917877452 4.95624806065 0.0 0.435 0.48 1
137 4.74388357096 6.52973212016 0.0 0.435 0.48 1
138 4.47932892816 6.02234138597 0.0 0.435 0.48 1
139 2.63333945163 3.13837636623 0.0 0.435 0.48 1
140 2.10633481713 2.95341502145 0.0 0.435 0.48 1
141 0.654336025826 1.32790312561 0.0 0.435 0.48 1
168 5.26057541509 10.4380250003 0.0 0.435 0.48 1
177 4.68874171224 10.0103466392 0.0 0.435 0.48 1
178 4.36883474561 10.661171913 0.0 0.435 0.48 1
190 7.30671721087 12.5673477333 0.0 0.435 0.48 1
200 1.64057552953 12.461621442 0.0 0.435 0.48 1
201 2.19578248872 12.7184193865 0.0 0.435 0.48 1
203 2.36920573905 12.1504090632 0.0 0.435 0.48 1
207 11.321339177 5.49275529041 0.0 0.435 0.48 1
208 11.6936519559 5.36722023576 0.0 0.435 0.48 1
209 9.84745201427 9.46023580084 0.0 0.435 0.48 1
210 11.1329729039 2.09280778369 0.0 0.435 0.48 1
211 3.89655103961 4.20041247496 0.0 0.435 0.48 1
269 3.5486522134 9.1631043502 0.0 0.435 0.48 1
276 12.5439309988 4.35506402517 0.0 0.435 0.48 1
297 8.00819742125 10.4277626289 0.0 0.435 0.48 1
301 7.6091555734 10.3003182958 0.0 0.435 0.48 1
306 8.93866367091 6.31159706322 0.0 0.435 0.48 1
307 11.2403101098 6.03308107696 0.0 0.435 0.48 1
311 12.2316007761 9.10534867867 0.0 0.435 0.48 1
314 10.4544333904 9.21441620714 0.0 0.435 0.48 1
315 13.7376891006 9.21059765034 0.0 0.435 0.48 1
316 10.3393089755 3.55436039713 0.0 0.435 0.48 1
317 14.6483716299 4.55840217453 0.0 0.435 0.48 1
318 15.0482553382 6.87340223175 0.0 0.435 0.48 1
375 7.00638349943 11.1344342958 0.0 0.435 0.48 1
389 4.33558125829 11.7181961659 0.0 0.435 0.48 1
390 4.01083359413 11.8728477161 0.0 0.435 0.48 1
391 5.38874866685 10.1327791164 0.0 0.435 0.48 1
392 5.18312425475 10.2373121087 0.0 0.435 0.48 1
393 3.44215686793 12.0716513293 0.0 0.435 0.48 1
394 3.14498013313 8.72134506093 0.0 0.435 0.48 1
399 3.14013943561 13.0243812498 0.0 0.435 0.48 1
408 9.35370086709 8.23376309011 0.0 0.435 0.48 1
409 8.99233227386 8.44640897166 0.0 0.435 0.48 1
414 9.57047993 8.04331256994 0.0 0.435 0.48 1
