26 2.5321057339 4.08633309069 0.0 0.435 0.48 1
27 2.90778595459 3.90542896251 0.0 0.435 0.48 1
28 2.41024643543 3.44839544606 0.0 0.435 0.48 1
29 13.7943042151 7.84570225578 0.0 0.435 0.48 1
30 13.7766251459 8.11228525206 0.0 0.435 0.48 1
33 12.4218612352 2.22001345693 0.0 0.435 0.48 1
34 12.7417682018 2.2508005711 0.0 0.435 0.48 1
55 7.0451090796 12.4508817511 0.0 0.435 0.48 1
56 3.04164176431 5.38225580314 0.0 0.435 0.48 1
60 11.9558914825 1.67753973219 0.0 0.435 0.48 1
61 11.2514647606 1.49210106781 0.0 0.435 0.48 1
70 3.39459175315 4.75959238569 0.0 0.435 0.48 1
75 7.02385210353 11.4621142008 0.0 0.435 0.48 1
76 6.55493583929 11.2170105865 0.0 0.435 0.48 1
77 4.39345916343 6.88939243833 0.0 0.435 0.48 1
80 4.88721031061 7.90130998911 0.0 0.435 0.48 1
81 4.62686497001 7.50465740199 0.0 0.435 0.48 1
82 4.26065567926 11.2563894535 0.0 0.435 0.48 1
83 7.1871730286 12.1854920538 0.0 0.435 0.48 1
87 3.28136152417 2.47227686523 0.0 0.435 0.48 1
88 3.48235570386 1.331005703 0.0 0.435 0.48 1
90 11.3720612684 11.0287080046 0.0 0.435 0.48 1
91 7.93453463288 10.1430414878 0.0 0.435 0.48 1
92 2.87916269968 7.27912389126 0.0 0.435 0.48 1
153 6.56651142032 0.53292733276 0.0 0.435 0.48 1
154 3.80373592626 0.212645881545 0.0 0.435 0.48 1
155 14.0426530444 3.0839619319 0.0 0.435 0.48 1
156 13.774941425 1.83768045779 0.0 0.435 0.48 1
242 12.7752321543 10.9497116109 0.0 0.435 0.48 1
243 13.5585832923 11.1599708944 0.0 0.435 0.48 1
244 11.0165856982 10.9160605791 0.0 0.435 0.48 1
245 1.28657321514 2.42955676108 0.0 0.435 0.48 1
246 1.45557669817 1.94078149127 0.0 0.435 0.48 1
247 11.0165856982 6.64667542202 0.0 0.435 0.48 1
248 10.3969764155 6.67507593819 0.0 0.435 0.48 1
249 11.0664659292 6.95287594505 0.0 0.435 0.48 1
250 11.5612694019 6.11088417166 0.0 0.435 0.48 1
252 8.55477531095 1.63553560744 0.0 0.435 0.48 1
253 10.6270147803 3.90542896251 0.0 0.435 0.48 1
348 3.53812895791 7.54427492874 0.0 0.435 0.48 1
349 7.95558114384 12.7802322747 0.0 0.435 0.48 1
350 10.8787310514 7.7459424595 0.0 0.435 0.48 1
397 11.3438589437 7.49033781401 0.0 0.435 0.48 1
398 3.45773128604 12.5487322689 0.0 0.435 0.48 1
399 3.3299789645 13.0530204257 0.0 0.435 0.48 1
