29 14.996059991 8.04522184834 0.0 0.435 0.48 1
94 6.27396491794 9.88027704834 0.0 0.435 0.48 1
95 5.95679399773 9.58600951529 0.0 0.435 0.48 1
98 7.36627883689 0.0 0.0 0.435 0.48 1
99 10.9425019797 4.2517243319 0.0 0.435 0.48 1
100 8.43270554737 3.99349442861 0.0 0.435 0.48 1
101 1.43116274545 1.53482117196 0.0 0.435 0.48 1
102 0.772406952326 2.00474231759 0.0 0.435 0.48 1
103 0.0330430222112 1.59758869928 0.0 0.435 0.48 1
106 2.20146504668 3.29541451444 0.0 0.435 0.48 1
158 9.84682061894 7.2483367771 0.0 0.435 0.48 1
159 9.08114855012 7.30991100542 0.0 0.435 0.48 1
160 9.56248225584 6.97841254362 0.0 0.435 0.48 1
164 6.04729399487 9.28386620885 0.0 0.435 0.48 1
165 6.51894630554 8.10202288067 0.0 0.435 0.48 1
166 9.9072241054 0.910248476107 0.0 0.435 0.48 1
167 14.4480088456 1.21143714335 0.0 0.435 0.48 1
247 0.0441976730214 13.4031343519 0.0 0.435 0.48 1
248 0.323484873494 13.5835611605 0.0 0.435 0.48 1
249 0.579410446799 13.7868993098 0.0 0.435 0.48 1
250 1.14703484746 13.317216824 0.0 0.435 0.48 1
254 0.625291840697 4.21735732074 0.0 0.435 0.48 1
255 8.77786832715 5.72210735793 0.0 0.435 0.48 1
257 10.4752694363 1.13148611044 0.0 0.435 0.48 1
258 7.06215675348 9.55713167953 0.0 0.435 0.48 1
259 7.61883696844 6.84953625178 0.0 0.435 0.48 1
260 7.59926371325 7.35477904777 0.0 0.435 0.48 1
261 14.2053425742 3.25364904949 0.0 0.435 0.48 1
262 14.7862262767 3.03575265236 0.0 0.435 0.48 1
263 7.11919279819 4.53310423576 0.0 0.435 0.48 1
358 4.95056030861 9.9096322037 0.0 0.435 0.48 1
359 4.3818835824 10.0506801453 0.0 0.435 0.48 1
360 4.69652892129 10.1315858174 0.0 0.435 0.48 1
361 5.35444285398 5.47342384663 0.0 0.435 0.48 1
365 7.99514858445 13.5265214684 0.0 0.435 0.48 1
397 12.1789844987 6.55717799713 0.0 0.435 0.48 1
399 4.20509289032 11.4730925516 0.0 0.435 0.48 1
403 6.2861718943 11.1191600686 0.0 0.435 0.48 1
