149 3.00544176545 4.28633000285 0.0 0.435 0.48 1
150 -0.0841860438502 4.17392123719 0.0 0.435 0.48 1
209 1.54186739312 11.3540013116 0.0 0.435 0.48 1
225 4.15521265934 10.9337214043 0.0 0.435 0.48 1
232 14.7325576738 3.48443307582 0.0 0.435 0.48 1
233 7.27325325844 7.18175069298 0.0 0.435 0.48 1
234 15.015212316 3.7469588555 0.0 0.435 0.48 1
237 14.7424495339 2.61404078626 0.0 0.435 0.48 1
238 13.7644181695 1.24103095851 0.0 0.435 0.48 1
301 6.31374282366 11.123455945 0.0 0.435 0.48 1
306 8.0048299795 6.67626923718 0.0 0.435 0.48 1
307 8.32094857415 7.03139501916 0.0 0.435 0.48 1
320 8.47374624374 12.9854797024 0.0 0.435 0.48 1
333 5.58363935837 11.5981502867 0.0 0.435 0.48 1
335 7.98862416606 10.0323033408 0.0 0.435 0.48 1
341 6.11990445769 9.4907842552 0.0 0.435 0.48 1
342 2.69584758919 2.67943357138 0.0 0.435 0.48 1
343 14.5079914018 0.572783519312 0.0 0.435 0.48 1
344 12.6369565772 5.67413673819 0.0 0.435 0.48 1
346 12.2322321714 8.00942287838 0.0 0.435 0.48 1
347 12.3069472854 8.47576412702 0.0 0.435 0.48 1
389 9.07104622486 5.97508674563 0.0 0.435 0.48 1
390 9.8503985258 6.18797128697 0.0 0.435 0.48 1
414 3.72628476592 11.0602110981 0.0 0.435 0.48 1
