0 -1.6958729836162243 -0.3804270361596591 -0.0 0.23795839133448468 0.31160837295645555 1
5 -2.0558627683650723 -1.4282475938939863 0.007438013690177986 0.39859615020099126 0.4914941102832003 1
10 1.0841606502810617 -2.933861457392066 -2.9640954521668523 0.32198825231945283 0.3291387410242984 2
15 0.9691021559477695 -2.512379580454827 -2.903362106278812 0.5396687918459182 0.7168452176834635 1
25 -0.7471436940815572 -3.3795206233818567 -3.009280214059454 0.5517163276310515 0.5827755816771557 1
36 -2.5203178489710507 -6.188062878426129 -2.786463458748522 0.4560665494456492 0.5432277473574308 2
51 -3.0310429639571854 -4.1671959147743225 -2.811964356272273 0.5038375690187367 0.4477837120213176 2
67 -5.366983548798963 -8.34590991558227 -2.745386336039275 0.5344443208563966 0.4715907329217606 2
72 -3.577234116500666 -8.109913039799547 3.0156058159885735 0.47179440012881907 0.5004806879054983 0
94 9.730197155224065 -5.839035222114307 -0.03570831291599443 0.5772233202046062 0.8024727049946464 2
99 -8.36576445482766 -3.5458602637791654 3.13258229776667 0.48404700840797754 0.4631854701444483 0
104 -8.314485343428828 -4.091866125867204 -3.1342620540195014 0.4940381384872145 0.5038715360218311 0
124 0.21852770126163348 -7.934886409481062 -2.5048802750035324 0.5414210845159277 0.5024680428272071 2
129 -5.386620746647785 -4.661773177680574 -2.7983017198827205 0.5286668205789933 0.4211907426348054 2
134 -5.456557055636156 -5.426867824365756 -2.784501493496899 0.4992801621211367 0.5171114032773475 3
154 7.616087887019572 -1.2153764131769733 0.29280696322524863 0.5328372699566097 0.5390220714040783 2
159 6.067578084153072 -4.58748345465277 0.19792306950946412 0.5079651241166556 0.9027733267336376 2
164 3.980289436648787 -4.618142569326056 0.2659255866783017 0.49269006356327505 0.5127016033530399 2
174 5.990835231990283 -6.124218460707005 -0.11772674619428614 0.5208716369524246 0.5289376697437176 2
179 -3.667844561985081 -8.719239822237554 -3.0317861756522633 0.4163152297126883 0.4894217610483439 2
189 8.403720093798338 -5.652458776949691 -0.06524987981946054 0.47287571715980053 0.4685297391837065 2
194 6.294734703325488 -5.39235797503173 -0.07062318784965672 0.47368279366739324 0.46217313292313456 0
214 -0.6652267911857772 -7.636952049957979 -2.6445419118340734 0.5093252586837956 0.48803473475703163 2
229 1.0199744303840226 3.885039047404164 3.0103924913954745 0.5491457320387173 0.5559014726894947 2
239 -0.31190567313000706 3.933156906101327 2.946803545047127 0.585741032896282 0.6175287898361669 2
245 -0.9049208592273407 3.55564975018124 2.9823171187300987 0.3724057896545198 0.40199411103432264 2
251 -5.280000074071953 2.7660537626895767 2.82823595247632 0.6941780949171654 0.8849367981967787 2
256 -4.216058296721593 -6.149699027113039 -2.4779698092047084 0.4141980669422828 0.5290725764197841 2
262 -4.788182297361718 4.214208774164507 2.071849458781781 0.5485783231634089 0.5383733835136415 2
267 -4.329863591156025 4.946625940624001 2.057419298347506 0.4791314216947471 0.49748451153074014 3
282 3.884210283980752 5.387226660783493 0.1878850083516065 0.48645006230564575 0.591048704152918 0
292 -3.1353781912807897 8.095480062534389 3.120993012867267 0.6012055827719951 0.6070043905017897 2
313 2.1825311475896085 1.0603467882214432 1.0412639636802314 0.43871849419753844 0.565072055277256 1
319 2.0809587935471363 1.5359065610843055 -0.490665672215193 0.44357613833966947 0.5515153259894356 1
330 -8.704640623189649 5.812516351565311 2.6138000211706096 0.4437649995608644 0.5173393448991359 0
335 -9.29038080114866 4.284426631800198 2.9495784137500367 0.5937965075003988 0.5084266854618313 2
350 -10.599700019225171 4.320485017897971 2.8617172013854812 0.6393597429406065 0.49421487833777017 2
355 11.71641079360551 2.7960298147020892 -0.037263696383026804 0.5948704935474637 0.5221049137890104 2
385 9.019679282558508 3.2517541378249213 -0.0882556046941041 0.5720721929288081 0.5652076472300915 2
400 1.9539097773720848 4.435364478101091 -0.21369523689352937 0.43504634683771115 0.5093089016504713 2
410 0.9781626606312889 2.8728381789382413 0.45393182943189764 0.8021370805736019 0.5410641510936943 1
415 1.7753799619915451 2.3540980523842343 0.4396633153032349 0.790640697166946 0.7078346771539223 1
420 2.4857161764948867 2.5521191180396645 -0.06572061784128988 0.47707355001431284 0.5823974201408958 2
425 -7.025768102332913 1.7455123633282754 -0.03913165603283985 0.33327754423149253 0.385288721000657 3
430 6.401529572523531 3.8452833277300535 -0.23511604275015946 0.5515769358978492 0.5297670097440887 2
435 1.4577708764572677 5.10792599953287 -0.3031869793833699 0.46716524321642616 0.5233007936221773 3
440 9.042302415966931 4.0390029589525795 -0.055218673330283935 0.535704848417034 0.562737826487397 0
522 1.663435794059935 -3.8875749116558596 -3.1265956685242076 0.4585203586109382 0.4557056710028551 3
527 1.9081685294124475 -3.2766756959000287 -2.9169359664616366 0.5091169520809224 0.43903245989118667 1
532 -4.548722174645657 -3.535000146050277 -2.7654434507911967 0.5538725895467077 0.48157986376099166 3
542 -2.8013339639155497 -5.779218145098597 -2.7412435221791416 0.45659388647525584 0.5488614237458584 2
552 -2.64130552208034 -3.6452474732739666 -2.781688724856977 0.6057862846886986 0.412436674134036 2
562 0.5889272083918529 10.675297991037507 2.99928857302342 0.5066147096035227 0.5401834345635775 3
582 8.08733328974232 6.529268711517361 -3.141592653589793 0.46642650651889894 0.49326628147850493 2
234 0.07683643324049522 4.456468752341663 2.868063751071889 0.475450510181611 0.6230639187595984 2
591 -2.9801878434749516 3.1250884225117206 3.079442824292453 0.3669041491919945 0.5002021019018275 3
596 -5.1439993436402425 3.3870310649121733 2.7805604409188995 0.4669832568421606 0.4843465064876147 3
601 1.588284443957296 9.519334926903714 1.5708467714330416 0.4725920458767056 0.408256493210442 2
637 3.753058907241257 5.880250279259787 -1.5263766519615554 0.4112333299689927 0.3867557714136062 2
681 -0.10597299979002844 -5.005938628772255 -2.925810509373524 0.4623364979149162 0.7440831952186266 2
715 -4.293438040330107 4.313224630618679 1.9646489359193122 0.3999243656485143 0.43917179991383276 2
721 1.5922970246812858 -4.3662796802877555 -3.096343298192088 0.4523766323096837 0.5187689411344893 2
752 -0.9013262550887227 1.274333046378663 -0.23002207495779475 0.6546761733198331 0.5183056914463781 1
757 -6.000638975966902 9.19917523641449 2.362153323765141 0.4984565183689374 0.5618031818761433 0
762 -8.996847065620795 5.367317563864372 2.536625964562648 0.4187413096612309 0.48937243066454256 3
772 -9.274709545816414 -1.0273128068809119 2.8863633387894136 0.39539076633319675 0.474716898085136 0
777 -9.422916198323747 -1.5511885223134216 2.8485343206833047 0.44020910974927435 0.45327505418943415 0
807 -1.1945039847442596 5.631566810048336 -0.23401620798357586 0.47456329038817346 0.4203403302459191 3
812 -1.2928605821872003 5.12581672268565 -0.14752616016424241 0.45415906984259996 0.6333427090348539 2
817 4.651337317496758 -5.777617404884536 0.03718074251551927 0.4874995859444882 0.48335989838044296 3
860 -0.939002326860173 -8.42570487605377 -3.141592653589793 0.4142090056319045 0.4644284859829271 0
890 -4.816634823674194 9.224426383596676 2.269666755707579 0.5994014209710894 0.5191298968525059 2
895 2.4926519877813798 -10.500649831485262 -1.8208457574818728 0.5319497239589493 0.5130932526752984 0
900 2.7301903409321158 -3.8019649959190933 3.11871970045969 0.5660724880683923 0.5738152184856521 2
926 -2.0596273244974803 1.3980674477199888 -0.31061622639601166 0.5074582874208774 0.4656218927535066 1
931 2.7138187972223915 -4.519645846782128 3.032588180870195 0.5338167834373647 0.4643939045148182 2
960 4.274411889042429 -5.079548099472751 0.27300846170522086 0.46831684920477495 0.48258928066230544 3
965 4.002129829577828 2.9064396597339504 2.693162145479505 0.6501189031413401 0.6408095890825518 2
999 -2.996916425706422 -2.011411208785545 -0.0 0.4177976596850008 0.40637930692509716 3
782 6.519289375460148 -0.691086969746356 0.11693821077325711 0.6059000002723461 0.6710015566973957 1
1085 0.23948564116112608 6.463186592868653 -0.20845587487625683 0.43088853844187874 0.451676475893899 3
1095 4.366363562727918 4.744696334477178 -2.882792353372447 0.6103140189686468 0.5058670749692495 3
1100 5.661381421435678 2.512119003091989 2.8533450675930383 0.5547558304059896 0.5287395328573941 2
1139 5.702280645273062 3.1883077204166272 2.941431031925749 0.46537374341647253 0.44203912173129456 3
1155 -8.35242782443507 -2.191420606015403 2.7799941841410756 0.4631188934214627 0.47289528058647046 0
1181 -5.485053606872711 9.44342804713237 2.289805347306299 0.46544980588253954 0.4727401972119219 3
1186 1.6106930323141755 -5.480461650242204 0.29158935116590423 0.47876968310733004 0.6249470704281298 2
1191 -10.910961195247612 -1.1064326016456887 -3.141592653589793 0.44283259963782406 0.6067701681875559 0
1196 0.5228057026003698 -7.3616968739750845 2.534819039245685 0.4246158397117672 0.4843304643236865 0
1201 -0.0403679801664963 -7.126171254878165 2.6458555734522067 0.42975978824880606 0.4205271006184948 3
1226 -1.3642766921103577 6.326629064434177 -0.0 0.5403248815761251 0.4682457223195643 3
1268 3.157915761329707 7.108858351276076 -2.9455086956120473 0.5387838224265682 0.5379796370840986 0
1273 1.29168195386387 -7.534284199204167 3.023582572852543 0.45451180012341225 0.7742786823588492 2
1278 3.4819894032755623 -7.962777767627947 2.9258385821851642 0.4926218636255017 0.6162020939524241 3
1301 -0.8473717656865023 -6.7892848803495465 -2.7183346948652103 0.6109610471416023 0.49886703838525015 2
1306 -7.302508211216742 -5.874637842659232 1.8834742074783968 0.3950786899516113 0.4032343505562933 3
1327 6.562935918614401 -0.10062902242354829 0.1466357746455518 0.5542514356517838 0.6234997274401612 1
1333 6.960360152417932 -4.747950648427406 1.626026797130859 0.4587991247715662 0.6541803105004247 2
1338 -0.252776266411867 7.2159182758672555 -3.141592653589793 0.5327168553814301 0.4665719726485493 2
1353 -7.588493035496266 7.031074925612564 -0.29945764319702367 0.3821086616943901 0.4764869380221255 0
1358 6.253414735194616 7.723940568602888 -3.141592653589793 0.4971341866422728 0.4822491262198069 0
1370 -2.066434525965741 -2.3922785783065645 0.07447097105200065 0.6405019833385128 0.6281626300352012 1
1387 -5.373601383684062 7.320541603070645 -0.453054019497683 0.5389962887092238 0.489329833984375 0
1392 3.6650640273255326 8.21035795949463 0.7006188181003304 0.47341725297171455 0.4172224071057766 0
1404 -8.00551299760477 -4.678577897105906 -3.141592653589793 0.35130111839928274 0.39529383189943107 0
1415 -7.102267668132875 5.661022590432112 -0.3803262756099646 0.4456006705405395 0.4401853202893389 2
1420 -7.0189092376168105 6.107330800506649 -0.2741519276980774 0.396765386968652 0.42283003378868833 0
1432 -5.028641921694531 1.3443116493666145 -0.0 0.4912163686601995 0.4648440810786318 2
1437 -4.329130473258504 1.1323413256252546 -0.0 0.43065691907375964 0.4870917545769361 2
1442 1.4529666943389123 7.787324578860168 -1.5705055810679083 0.48044373642572186 0.5861711876762553 2
1447 11.544965371798103 -2.3666981691307836 -3.141592653589793 0.5668117551140973 0.5307535861667176 2
1452 -5.88891919050155 -9.995666371846633 -2.397705361256153 0.439211581411093 0.5568794011884154 2
1457 -5.514414513377871 -10.222837613244794 -2.3589376964835536 0.4155915194842797 0.44818784290402014 2
1462 -5.580177598579508 -9.042075363125878 -2.665359091938315 0.43766019313383814 0.4824300965205455 2
1467 -3.788231229476362 -2.6554778177186056 0.13880439358572788 0.45586111174736726 0.4688825422781208 3
