0 -1.6958729836162243 -0.3804270361596591 -0.0 0.23795839133448468 0.31160837295645555 1
5 -2.0188664768931908 -1.42797240989675 0.007438013690177986 0.39859615020099126 0.41892278450321035 1
10 8.981357232378446 -1.4454830606185076 -3.141592653589793 0.509664370135854 0.4115126232335752 0
15 9.054812109912183 -0.8103959016256737 3.128401505124898 0.557189178743226 0.5106910400542573 0
20 11.568798192400187 -2.3610958754215527 -0.21580618882789254 0.45126763591047797 0.5526992281628929 3
25 7.41577939182237 -2.0967270162259286 -3.009280214059454 0.5517163276310515 0.49564294750594695 2
36 5.9441619194138715 -4.098294315625902 3.137513936369409 0.4842442315692082 0.45434699328683303 2
41 9.599435313591282 -2.8998901184725683 0.025208354680244356 0.4717711708634331 0.44373072985573075 3
46 8.490706272108312 -0.14871025208846173 0.09333776227435274 0.505284994049462 0.4337377114707163 2
51 3.0410514821764627 -2.56463085722653 -2.9826375586536233 0.6098727482121117 0.44249411527209404 1
57 7.835164045602637 -4.657345516278042 -0.1209126767841738 0.4397959883155627 0.4755333609627522 3
62 1.6539111030149911 -4.819419808313082 3.0539137657677666 0.5290326240968347 0.7495301498948429 1
67 3.970307773711829 -8.081731060206337 3.0219423150344227 0.41525010376884297 0.479944240449497 0
72 3.8956001802370066 -8.5385987398575 3.050138098623896 0.4408487791078244 0.48004912917422166 0
77 3.7348696430848682 -9.053445549013057 3.032265805965147 0.4457347170600535 0.5363286559750167 0
82 4.103190646487556 -0.5566284607196147 0.0993411626184264 0.5834745561119533 0.444352592186569 3
88 -0.8692859225063501 1.2322790977259308 2.865161466849658 0.5195870209649581 0.6713651541780854 1
94 1.6872874838975012 -5.449192369859952 0.31208679503704273 0.5009844743007738 0.6398060353948094 2
99 -0.6398801213036273 -3.335914044013521 3.0990583465218466 0.43886768709904445 0.49169417863130804 2
104 -1.006981230558597 -3.8339455177944823 -3.141592653589793 0.5555987974273804 0.4352705389445037 2
109 -1.7497092444796383 -5.517073743204869 -2.846802636904809 0.5202971632282835 0.5129530933628751 3
114 3.6627771741243538 -6.035247175041904 0.07052790659237873 0.6162954334956092 0.5339246344852967 2
119 2.6226522552037563 -5.688511698631385 0.5074699256223135 0.5967446102815583 0.6831003190304223 2
124 0.2586702248013494 -7.905203173706283 -2.5048802750035324 0.5414210845159277 0.5024680428272071 2
129 -2.150936189365631 -3.521417275663589 -2.666799154686931 0.9633781258251656 0.4106236186406674 2
134 -1.9545873893887697 -4.2780559916615974 -2.705673778011994 0.5536229242325735 0.5381452794929878 2
139 -3.8298342206273857 -5.454913584000863 -2.613645861044746 0.47931776521150965 0.42259648991089355 0
144 -4.564760925301698 -3.624596762720605 2.938008112175874 0.46589141871776124 0.37102176225787376 2
149 -4.826451974887147 -4.069507699383122 2.904194766121461 0.45494054504130294 0.4572496511393616 3
154 -0.657318010569668 -1.8921128922224 0.060020764224035614 0.5265493755267117 0.5107108931804294 1
159 -3.502650425311363 -4.638455286532923 -0.0 0.5352290359824424 0.5427239287271589 2
164 -4.263604896352558 -4.955914844892148 0.0923317601539809 0.7169955738078588 0.4266994842039833 2
169 -3.166779065812556 -5.7976758192073286 -2.7792144721074044 0.49544531716386286 0.40257048944372203 2
174 0.11087719276513966 -7.329299646398247 0.4531587170339654 0.44141929020276593 0.4353133880173579 0
179 -1.9205262797595115 -8.97583396249518 -3.0317861756522637 0.5220357957701636 0.41376015859102255 0
184 -3.8329632608614386 -6.47736785030601 -2.485892410498155 0.4019586479374992 0.42086545666113095 3
189 0.06424861627465994 -5.8194430083279975 0.020267313724875703 0.5321677017845323 0.6212037541461229 2
194 -0.6651265860730508 -6.579056723345223 0.17935215482614705 0.4347598121126316 0.4838364982059189 2
199 -3.940057739944104 -7.609766832012642 -2.3737464227166845 0.44555035088209355 0.5186421866338999 0
204 -4.83322087265937 -8.211749504711843 -2.4166821176665305 0.523431020826622 0.49221743184851796 0
209 -5.4412797609813115 -8.72911181578119 -2.4248354930025386 0.508077663567 0.5168467377708879 0
214 -0.49530081308613755 -7.817516864087453 -2.5555717593277736 0.41806997776031496 0.40740109889014575 3
219 -3.6649534749102957 -8.568381034123199 -3.062091379094191 0.5703580026890296 0.4367773628475729 3
224 -5.256200897987874 -9.569433887480528 -2.591379112792009 0.5194723609010758 0.517291957789056 0
229 8.041879048830758 1.6860424178112616 3.1252138473566644 0.5979771703566431 0.6108000776697929 2
239 6.4301026304663615 1.9394075008664557 2.8210574073899872 0.5652463281443261 0.5683839866785761 2
245 5.593866314783255 1.6979699455154775 2.744679336902334 0.3657874713835661 0.48310695611254795 2
251 4.0186167423916626 2.424282738967253 2.8378077341390773 0.4564327745245814 0.4239495486392729 2
256 1.5484509754821651 -0.19236836326831008 -2.702330707076262 0.5333549083565463 0.45039504159598515 1
262 2.7868162374284142 2.4903542085167145 -3.1045846080756956 0.7469371997259769 0.4560439925926701 2
267 3.12161276651044 3.1063183234432303 3.068161269910501 0.6273282173011372 0.48736377911419937 2
272 10.366167698678742 3.983041401087574 -0.24732422436983345 0.3988841996837232 0.4568100166320801 3
277 7.821728502648809 3.9426704704715685 -0.039191251711531684 0.43484319479094385 0.42874916959050896 3
282 4.125634511962146 5.259990134652331 0.8312950335275284 0.4288208017095922 0.4853853064622377 2
287 6.656525657340111 3.5928862307210045 -0.06490410036592856 0.41810590432521966 0.5097425964631496 3
292 6.621898006607219 7.70108355671808 -2.9870679961741176 0.5809296958721468 0.6210047333155122 2
298 4.491194143895263 8.84905936197319 0.5937994471530192 0.47476515405131364 0.44453308926942536 0
303 -1.5252413244338667 7.945550474950217 3.1141394631546224 0.4551223607878055 0.41018615962503086 3
308 -3.301504504681001 7.997344596792717 3.0892918563750755 0.4818489780841222 0.4689442164801252 3
313 2.1825311475896085 1.0603467882214432 1.0412639636802314 0.43871849419753844 0.565072055277256 1
319 2.117817049881362 1.4561300393110763 -0.490665672215193 0.3846303409302745 0.5027759129538594 1
325 -1.2088789714573054 1.7679292345977073 -3.1166816009904132 0.4206039720637605 0.46073256898932635 0
330 -0.3606447850956809 4.078260414477235 2.925244748924704 0.5633204157231309 0.5301376228021675 2
335 -1.1237313109687244 2.785879466324442 2.8342757825079765 0.45577420306623667 0.5585014803629066 2
340 -3.2504660985714446 1.6276539901877074 2.9253355344528815 0.3645662328881685 0.4088188461020564 1
345 -3.311275546641971 1.2058034233075776 2.9350277240412073 0.4766243866342918 0.3941015511229466 1
350 -1.8881990446535561 3.590765738969809 3.010803409836279 0.45170198019347746 0.4249295789907653 3
355 2.8628954617588467 3.9830753672139654 0.016403013681493935 0.47807680182744705 0.6736413992134039 1
360 2.7832237879854462 4.625371805350209 -0.05290702281514676 0.5257595427363069 0.5577364334562965 2
365 -1.799065874796033 4.16152981715815 2.9354025771461885 0.33579965940217904 0.4096845214663302 0
370 -1.6233198558738842 6.847469850037854 2.766562053104553 0.4482888227776904 0.4123759938019338 2
375 -3.782186455165218 3.8961344224582706 2.9745719292562245 0.7756819485666919 0.5059927936808725 2
380 -5.844953326416509 4.1467918392012795 3.0698700586573904 0.43566961096900964 0.506560739775165 2
385 -1.7787347639483944 4.902315253769967 -0.05971959528658996 0.43578518894677926 0.43962182441941083 2
400 -2.951604550995272 6.471387566358672 -0.3619527614903117 0.45421782684424616 0.4011907275932456 3
405 -9.27774035827936 3.5417307309509574 -2.0599554607825166 0.5060421959830234 0.5365619879696029 0
410 -8.973281799341219 2.6036559438933407 -0.08528326147477563 0.6496479487778335 0.41865078582260035 2
415 -5.74557599636618 2.3367685082605236 -0.0 0.6345626587812194 0.4596929087449615 2
420 -5.452542916003879 3.3052637233004334 0.00032131575134666313 0.6891565023910724 0.35431582473936846 2
425 -7.109358689250899 1.748785072078604 -0.03913165603283985 0.33327754423149253 0.385288721000657 3
430 -3.419765973713398 5.940983800437309 -0.4781415830288608 0.4813793041622743 0.46476751679015915 3
435 -2.6288551025501223 7.136684398793229 -0.4770318382812686 0.4785489029936597 0.41598424390341365 3
440 -2.171031637740339 5.341015492893139 -0.3536469612701428 0.4514466373112657 0.42638417731505623 3
522 10.662592103001456 -1.1830737001977332 -3.0323179258150175 0.4408038262454201 0.4727390121588156 3
527 10.475972794138588 -0.5908103143384483 -2.9169359664616366 0.4597437466142116 0.4586107413385208 3
532 7.229329782731306 -3.3227166067567047 3.1365104435885174 0.4259998090491682 0.8538897163359932 0
542 5.746732187236318 -3.6028621291782708 -3.126772122666345 0.5097500004956608 0.5317974305384588 2
547 8.172804586147636 0.4191573805266987 0.0676998147743367 0.5191290326362523 0.5758145483348803 3
552 3.13297746476247 -1.7154831864518683 -3.0634202006908025 0.614121106652538 0.40895743171509924 1
557 -5.380880261479511 9.726655202503618 2.2900132733815806 0.4733243409983254 0.43781512936112565 0
562 1.8112775436965205 9.238989572942616 1.4747708157965738 0.5066147096035227 0.5056507911005304 2
567 1.5196422329756896 7.213031273367734 0.02144267807520207 0.4320050748208924 0.40067764659305377 3
572 1.8197954081059675 6.761151197817187 0.053740937010906785 0.4522183779808798 0.7169380174479932 2
577 4.285636742546499 8.146294755982302 2.688733650470618 0.44037638998906214 0.4393333983224793 0
582 8.08733328974232 6.529268711517361 -3.141592653589793 0.46642650651889894 0.49326628147850493 0
234 6.49279120511763 2.7467125756645383 2.8680637510718894 0.70465738429273 0.54598679716943 2
591 5.143469765978283 3.1821046745659345 2.842678583353666 0.39773701079974083 0.41014368070200014 3
596 4.185937618012793 2.897677802230763 2.9336644748578973 0.4276767566275491 0.42056763780106793 2
601 1.4228974373961107 6.209188631094786 -0.469129655036432 0.3631479345594433 0.48256868300789485 2
632 -6.284364178150129 9.440428957387052 2.0695112983189747 0.6436210300138103 0.411727487079743 0
637 3.755201099204393 5.832055805509481 -1.5263766519615554 0.4112333299689927 0.3867557714136062 3
642 12.006792568714884 1.5850383654140565 0.3616020416123467 0.5977110998071007 0.4951481887030813 2
647 -5.046706936746328 -7.177718458045244 -2.5774884751663025 0.4144995031970419 0.5183064956341922 0
671 -1.5963466874015313 7.449580734048552 3.1364146539391986 0.37576532481478964 0.4244060947212734 3
676 9.628984635478322 -2.3834248522612063 0.0691640608213974 0.42767391536988747 0.45134758816939113 3
681 9.648366478536206 -3.4947652600214063 -3.1346912043251582 0.5904046900075869 0.5368370854545581 2
686 -3.3508955084920244 -7.361859809167485 -2.471959899040483 0.4152117847075129 0.44278370687571805 0
705 -5.7770003774432555 4.6217095005549 3.041211648035029 0.5024407879767065 0.49807979583740236 2
710 0.7537789623248289 7.755525919314381 -2.9881758281339588 0.6380822551834452 0.6355206391376181 2
715 3.263408009017044 2.423048982121893 -3.11170356062122 0.41384474466596627 0.46705335431455264 2
721 10.709437148207414 -2.3645736119292042 2.8210676869973956 0.5245775688922576 0.5777590105848281 0
726 -2.7380757694175077 -6.970868471236936 -2.6309379358808007 0.42354082608757354 0.41101639763564 2
731 0.46429640180485166 -8.890037234434844 -0.0 0.45068472051827185 0.6022775683015483 2
752 -10.905293510760913 2.8115681724101322 -0.0 0.5119599556040134 0.4513929222217407 3
757 2.7842385139361916 7.673779009513469 3.1397774626477903 0.4288426710462368 0.4418648602201993 2
762 -0.9144896705293076 3.2706835636665326 2.8495318388969864 0.48531078167381214 0.5028473073734365 2
767 11.309709423299696 -2.7852802347210024 -0.23836877757786454 0.42642780847928025 0.48196154049213474 3
772 -7.455773616602928 -8.65903506370936 1.1916243512631337 0.3916402053833008 0.3940443352444817 3
777 -8.100353087043231 -8.709587392578456 1.2751927539356296 0.4006606980122047 0.4411832730652761 3
782 -3.863732900700778 -2.9689191066933063 -0.19210927388679053 0.38007536890507265 0.3921697500866007 2
787 -3.637845956428604 -2.5767531116318536 -0.14864810860968425 0.4298286839600538 0.39410152034535134 2
