0 -1.6958729836162243 -0.3804270361596591 -0.0 0.23795839133448468 0.31160837295645555 1
5 -2.0558627683650723 -1.4282475938939863 0.007438013690177986 0.39859615020099126 0.4914941102832003 1
10 3.3217807698079147 -2.875205848400397 -2.9640954521668523 0.43939557976875154 0.4988676812618126 2
15 3.392248306322951 -2.342062793835238 -2.903362106278812 0.5136124883351547 0.5253839404839884 1
25 1.5476245061962197 -3.2142367654858632 -3.009280214059454 0.5517163276310515 0.5463565135044653 1
36 -0.2785192501304873 -4.994422717021576 -2.8474296959626924 0.4668687792100868 0.4896421331024521 2
51 -1.2779092060130723 -4.289634230052731 -2.811964356272273 0.4786000567699518 0.4477837120213176 3
62 -5.015885596984762 -10.576706246809364 -2.1215029735300255 0.5225324178655366 0.54203091040708 2
67 -2.920387720381385 -7.3951575626754575 3.117356445397719 0.5344443208563966 0.5887212949574666 2
72 -2.0620100548235296 -8.772991662649087 -3.120346856704308 0.47179440012881907 0.5004806879054983 0
82 11.465546101837836 -0.5426371331153632 -0.2338827107365626 0.6245226747841058 0.49124300792565523 2
88 -8.69815925697953 3.050309864725331 2.9772334810525023 0.6253816355685515 0.7074330713247265 2
94 7.330006383677389 -5.791644542967945 -0.03570831291599459 0.46210618618608806 0.500858416202908 3
99 -5.308574624511162 -3.544772042119638 3.0990583465218466 0.48404700840797754 0.4631854701444483 3
104 -5.456831194559716 -4.069691152585142 -3.1342620540195014 0.4940381384872145 0.5038715360218311 3
114 9.237448315217806 -6.038168155722666 0.046174376234214894 0.5470078060679773 0.4629322650843094 0
119 11.258647072449852 -4.266647772119204 0.0720871950683337 0.47569864648855875 0.63710426384659 3
124 0.21852770126163348 -7.934886409481062 -2.5048802750035324 0.5414210845159277 0.5024680428272071 3
129 -5.85725213193937 -4.500764914601409 -2.7983017198827205 0.43996195531406573 0.4211907426348054 2
134 -5.461398500976397 -5.436053844726985 -2.9416396736360033 0.6752938474616026 0.7156401625280884 2
144 -11.373220457626642 -2.2052609304044015 2.9380081121758743 0.46589141871776124 0.4836468761413383 0
149 -11.47949034769539 -2.8194692262668593 2.904194766121461 0.45494054504130294 0.4572496511393616 0
154 5.32199480414843 -0.8692357055395928 0.29280696322524863 0.5328372699566097 0.5592944827240267 2
159 3.3822784862300854 -4.997441909963365 0.03126994909699444 0.4959936355640484 0.5871503928274816 2
164 1.7381039151087372 -4.905244119563282 0.2659255866783017 0.38604684460058875 0.5579044421930222 2
174 3.743533226914843 -6.209628776000328 0.21031040715107707 0.4008631751886536 0.4353133880173579 0
179 -3.7548075497610625 -8.678428768408509 -3.0317861756522633 0.5220357957701636 0.5132169640484724 2
189 6.422265407273877 -6.359713655564946 -0.06524987981946054 0.5988526771921537 0.5863417572863134 3
194 4.295687649763133 -5.677402055715483 0.17935215482614705 0.47368279366739324 0.46217313292313456 2
214 -0.9608265048403992 -7.471070187835623 -2.6303124985578634 0.6193686361390409 0.48542315029197547 3
229 3.0359752958674218 3.3156182918382027 -3.0524316575424058 0.688660367381621 0.5559014726894947 2
239 1.8418815276870144 3.421874802582538 2.946803545047127 0.6693949720796423 0.5835426132983592 2
245 1.2753225161563937 2.9273620517810186 2.744679336902334 0.3724057896545198 0.40199411103432264 2
251 -1.8735773354532628 2.828962242250604 2.88587416304415 0.6512555133682986 0.5740343168873379 3
256 -2.922781346394037 -4.3179360250893435 -2.4779698092047084 0.6088162833068328 0.5294201969725668 2
262 -2.749867678294859 3.7693825610703784 2.8422716441932274 0.42119311208428317 0.42126745886986827 3
267 -2.1902705260081423 4.705544580632712 2.8570727565567102 0.5461625902449915 0.5716617253722063 2
282 3.884210283980752 5.387226660783493 0.1878850083516065 0.48645006230564575 0.591048704152918 2
292 -0.768072942171006 7.819013229486507 -3.078074187539945 0.6012055827719951 0.5354777440133139 2
313 2.1825311475896085 1.0603467882214432 1.0412639636802314 0.43871849419753844 0.565072055277256 1
319 2.096473838542966 1.5276177490132066 -0.490665672215193 0.44357613833966947 0.5167259433678365 1
325 -10.799275470577692 2.709404983565077 -3.1166816009904132 0.5001143819162401 0.45368285098140826 3
330 -6.605710744985404 5.134409923522516 2.925244748924704 0.5972110083946097 0.5907310378321566 2
335 -6.952841992904509 4.018731554589045 2.9495784137500367 0.44154134652966504 0.5084266854618313 3
340 -10.362341918091083 1.388291530296569 3.048966335654235 0.42358044818784457 0.4088188461020564 0
345 -10.450998192341658 0.8822284865621857 3.0770774834318093 0.3910141201842183 0.4933714186925395 0
350 -8.316261345297018 4.1667123406174245 2.8617172013854812 0.48115365355724693 0.49421487833777017 0
355 9.212570007708198 3.1510293148743314 -0.037263696383026804 0.6062355350188346 0.650799931661009 2
360 9.348239725724484 3.794974604265552 -0.05290702281514676 0.5956031600212344 0.4243460343506005 2
365 -7.7253076456275585 5.035613796635412 2.935402577146189 0.38716398563035487 0.4096845214663302 0
370 -6.193442062203672 9.975407806273719 2.509337245931329 0.43558308413645813 0.46946920703143497 0
375 -9.656156993104416 5.122533454087632 2.850414302112758 0.4695439902090479 0.43450434188979664 0
385 5.7299986001168985 3.8313566620132224 -0.14299304801187795 0.5720721929288081 0.5652076472300915 2
400 0.5700495400806289 4.96667748945522 -0.27077760808759826 0.48302542193256565 0.47163292999343076 3
410 -1.2330274862404922 1.9218103377135196 -0.22928886186811928 0.5891408344230735 0.5889644214603738 1
415 0.054649081608102716 1.6064925189023622 -0.30807316704679427 0.6498205724857599 0.5360490596118112 1
420 0.27304028908333894 2.2435796296081683 -0.29691353254018166 0.4650003087239771 0.46772199182747454 3
425 -7.109358689250899 1.748785072078604 -0.03913165603283985 0.33327754423149253 0.385288721000657 3
430 3.413746490200958 4.482910648614346 -0.23511604275015946 0.7740867083386964 0.6254140305228304 2
435 0.5302212069626463 5.631880848864781 -0.3031869793833699 0.43377483911077763 0.5819613717421807 3
440 5.869698187139645 4.5763023683733906 -0.16428025064925864 0.5828710579379117 0.562737826487397 2
522 4.49129832624347 -3.3308585630853247 3.1394440375206774 0.48016572227415133 0.4557056710028551 2
527 4.555653228713283 -2.674627874338181 -2.9169359664616366 0.5091169520809224 0.5615021268965336 2
532 -1.7051567600902704 -2.9216790592978503 3.1365104435885174 0.578629857322298 0.4283874384114351 1
542 -0.5543484312363338 -4.605479245223274 -2.7412435221791416 0.44491429700455376 0.5859322486817752 1
552 -1.1474218180417295 -3.709035584951391 -2.839296333671454 0.544800998032209 0.4930346406300728 2
562 1.2642820587216503 10.578538213482604 2.99928857302342 0.5066147096035227 0.5401834345635775 3
567 8.118399730421288 7.850789168840891 0.3123856905082235 0.6204984789685923 0.4614071625873981 2
572 8.346351996932395 7.242268957339452 0.36389040973484355 0.6549543259057872 0.4577310312789185 2
577 3.0949269970238382 11.268946507049863 1.3894655824269169 0.557060705253227 0.4393333983224793 0
582 8.08733328974232 6.529268711517361 -3.141592653589793 0.46642650651889894 0.49326628147850493 3
234 1.9132299082552755 4.114735966048682 2.8680637510718894 0.475450510181611 0.5399448757652314 2
591 -0.4653540984844709 3.4816827375859947 3.079442824292453 0.5403820872573756 0.6164410946855037 2
596 -2.3777907332586894 3.1734261915676347 2.7805604409188995 0.481477548880346 0.4513474139867784 2
601 1.8789315175246937 8.287157519536414 1.5708467714330416 0.5462436321237206 0.408256493210442 2
637 3.753058907241257 5.880250279259787 -1.5263766519615554 0.4112333299689927 0.3867557714136062 2
681 2.4175835978300615 -4.112422583377331 -2.965247099750207 0.4942387914047275 0.6030256710512952 2
710 -5.24244150939928 9.188958658876695 2.459279358563523 0.4502270354273339 0.4475054533086838 3
715 -2.2394116338874523 4.1804121417587465 2.8547016310699793 0.44616007245555706 0.4577964733794265 2
721 4.321149125625347 -3.784059371058979 -3.1351200989615324 0.4308376792776857 0.46953196414327 2
752 -3.43951620625859 2.353424095945673 -0.23002207495779473 0.6811530209278758 0.5688529013331721 2
757 -3.89092980526245 7.889534036542571 2.734883095332464 0.4984565183689374 0.5618031818761433 0
762 -6.760454227488168 4.5319744594263325 2.9388028910722617 0.4187413096612309 0.48937243066454256 0
772 -7.162069493629997 -3.251853840901053 1.4200507244427447 0.39539076633319675 0.474716898085136 0
777 -7.616892642331474 -3.2454540110199606 1.4600776354204799 0.44020910974927435 0.45327505418943415 0
807 -3.8143942736190133 5.968945870981829 -0.0917443732030412 0.506640304533863 0.452454640586167 0
812 -3.859880778707481 5.377089604760657 -0.13425945939289907 0.5127269393792854 0.5389473395627019 0
817 2.7863052116347373 -5.387426543999877 0.33489181594117245 0.4874995859444882 0.4772896971382102 0
822 -4.744929847889311 -9.220483497596394 -2.2800123410634265 0.5268479748071311 0.4942817106414487 3
860 -0.8817973788076745 -8.42570487605377 -3.141592653589793 0.4142090056319045 0.4644284859829271 0
890 -2.966601064600117 8.091634382114558 3.0629014594651953 0.6284705876596002 0.7169350994132807 2
895 3.1309444338806998 -6.903959355202289 -2.4392202999437798 0.5319497239589493 0.4574120601758151 3
900 4.668170687091354 -4.3026870958182215 3.11871970045969 0.5415208742342013 0.49286946863832043 2
926 -4.809867627143412 2.529746968387646 -0.18068451059511392 0.5074582874208774 0.5638472928901428 2
931 4.620018311524307 -4.804079826265104 -3.141592653589793 0.4301910928375576 0.6863669107154685 2
960 1.723994296490674 -5.353858161711619 0.27300846170522086 0.40871568577769785 0.43227418157704306 0
965 6.205022584234972 0.7014289635013611 2.7947872654869843 0.6501189031413401 0.8755790875663093 1
989 -10.026005881402497 -0.8530143001549426 -3.141592653589793 0.42898978537889 0.46190275653306706 0
994 -6.641833900128358 -7.974156029063636 -1.9395853362828461 0.5958265060196434 0.46916036448580367 2
999 -2.996916425706422 -2.011411208785545 -0.0 0.4177976596850008 0.40637930692509716 3
782 3.6281727262032253 -1.3686323237070808 0.11693821077325697 0.5607168656976053 0.5758848182257994 1
1085 -2.9888717784548953 6.976481438479864 -0.20845587487625666 0.502004383303746 0.5103137216613245 2
1090 -4.788792083327287 9.777512979715263 2.3560464151984015 0.44454881540274893 0.5128887486317673 0
1095 7.5021246831383435 5.110443841846458 -3.0948123484348735 0.41345238451138844 0.5560416666888105 3
1100 8.45763195939137 1.7846408764843258 -3.141592653589793 0.6809959578663407 0.621805971026735 2
1106 10.458000849752107 4.381608956576223 -0.0 0.4682066184970754 0.4590644139599739 0
1139 8.695492679819889 2.4163042666011267 3.0852532985507106 0.5479280476467012 0.5273239114952417 2
1145 -6.463388501543685 -8.963270287409928 -2.5621160574451216 0.4261169818858394 0.42014803251935556 2
1155 -7.1511078498853795 -4.493570111101695 1.0178442090847049 0.4631188934214627 0.47289528058647046 0
1181 -3.813908263195979 8.533520494758434 2.8280898959410075 0.46544980588253954 0.5216758080929197 0
1186 -1.5756284980967956 -6.050916054193044 0.4213660388762659 0.4393335477463766 0.46138254884139207 2
1191 -7.109552903589535 -1.1588652825213903 -3.141592653589793 0.44283259963782406 0.6067701681875559 0
1196 2.1382862387869843 -8.41465502360699 -2.6601785380429677 0.4246158397117672 0.5872318453594274 2
1201 2.1030553697382284 -7.927273145212862 -2.7618049735249013 0.42975978824880606 0.4205271006184948 2
1226 -5.035442443276633 5.897145254726984 -0.0 0.5888801783505269 0.5684712797551869 2
1263 11.252156285493282 3.46173831540402 -0.0 0.5800580598361188 0.6233337127430512 2
1268 5.391898710284956 7.325585726230576 -2.9455086956120473 0.584991042533917 0.5379796370840986 0
1273 5.064972354379447 -8.551402674969786 -3.141592653589793 0.3995675467875878 0.5229500507993156 0
1278 6.37784623700617 -8.033558802686505 2.771925766426671 0.5974731763847337 0.6550397997408658 2
1301 2.2930963306310566 -6.136603688795449 3.0465892551731293 0.38908962968435185 0.4233327836087226 3
1306 -7.218552852289638 -5.962392987756233 1.428073447779508 0.3950786899516113 0.6394854164965759 2
1327 3.721426972872862 -0.8096296261974346 0.1466357746455516 0.5450469358021546 0.5444501622166577 1
1333 7.342802511676575 -8.080866527266771 1.5707963267948972 0.3879841213324939 0.545454817610958 2
1338 2.628036101769844 7.159871640744058 -3.141592653589793 0.6280520039345562 0.6303265906378316 2
