0 -1.6958729836162243 -0.3804270361596591 -0.0 0.23795839133448468 0.31160837295645555 1
5 -2.0558627683650723 -1.4282475938939863 0.007438013690177986 0.39859615020099126 0.4914941102832003 1
10 6.65922533383561 -2.0158700924245796 -2.9640954521668523 0.3201499910550476 0.6794628424214593 2
15 6.620296843209005 -1.6210002809303663 -3.1006236019796156 0.516434638249716 0.7047080708299523 2
25 5.063080787918901 -2.6165543260049415 -3.009280214059454 0.5517163276310515 0.7877606937762944 2
36 2.9517433218079354 -4.595644903757919 -3.0662758287775596 0.4746539363539189 0.7921864103318181 2
46 11.522269904064716 0.40686768447837374 0.15337178952750108 0.530159814620652 0.7792825111859356 2
51 1.1226061881203657 -3.587822010515918 -2.6627950914570393 0.4786000567699518 0.49858486766523774 1
62 -2.0888393347225795 -6.523725719176322 -2.715529326394799 0.4622427418503887 0.552288938153226 3
67 0.9543930196167293 -7.232070345346382 3.0219423150344222 0.4618104951215683 0.6147000021230637 2
72 0.8022195852558232 -8.715549330505535 3.050138098623896 0.47179440012881907 0.5004806879054983 2
77 2.9865192202505275 -10.755178280457237 -1.757768319708604 0.4457347170600535 0.5363286559750167 0
82 7.328328295231247 -0.021898606003033904 0.0993411626184264 0.6120023213844369 0.5013773148813454 1
88 -3.8963422631597266 1.2618483697158642 3.065028258015553 0.6253816355685515 0.7207410502273557 1
94 4.438005124710822 -5.801955143739444 0.09375796580868379 0.5590661386600561 0.5683050079385349 2
99 -2.872245170755618 -3.598173135886828 3.0990583465218466 0.49443536730160054 0.5697595479027955 2
104 -3.006569337914487 -4.132092960522984 -3.1342620540195014 0.4940381384872145 0.5855836612766351 2
109 -5.035463809148386 -7.207893598330371 -2.641337291638148 0.4273360589207482 0.5677116563306192 2
114 5.870542106045595 -6.443829521008187 -0.6444893171491415 0.4343114342970287 0.5282173454185687 2
119 6.344205822485208 -4.794540938931932 0.14201245034173368 0.4921691070591076 0.5308671555970637 2
124 0.21852770126163348 -7.934886409481062 -2.5048802750035324 0.5414210845159277 0.5024680428272071 2
129 -4.50237221544238 -3.9887202407717868 -2.6813829489921415 0.5261970082797505 0.40975723925739754 2
134 -4.146983910500447 -4.547718485662187 -2.663799899742415 0.4888931176118361 0.4422119040352908 2
139 -6.6699403036607885 -6.998749821613172 -2.613645861044746 0.4245276566222033 0.42259648991089355 3
144 -7.16224700919646 -3.170672226995325 2.9380081121758743 0.46589141871776124 0.37102176225787376 0
149 -7.389515875029133 -3.7015380744752777 2.904194766121461 0.45494054504130294 0.4572496511393616 0
154 1.810274267647895 -1.3632424347416416 0.29280696322524863 0.47064557796650064 0.5278935353411003 1
159 -0.40926598279247206 -4.823335643122691 0.1609661961897609 0.6015400197739901 0.611792530639638 2
164 -1.6714711105743665 -5.647527182296745 0.010028687790278327 0.3669338800638646 0.41886277869755045 0
169 -5.604604169384954 -6.581876389773088 -2.7792144721074044 0.49544531716386286 0.40257048944372203 0
174 2.041169117914826 -6.2595385287845575 0.4531587170339654 0.44141929020276593 0.4353133880173579 0
179 -3.599159115238821 -8.817531640548902 -3.0317861756522633 0.5220357957701636 0.41376015859102255 2
184 -5.552599263487969 -8.024003895480911 -2.485892410498155 0.4019586479374992 0.42086545666113095 0
189 3.1502894885615076 -5.832144704523715 -0.06524987981946054 0.45958707096087126 0.42769072957815574 3
194 1.4060741263124132 -5.854804007060051 0.17935215482614705 0.469225657375657 0.49620123679597555 2
199 -5.992144274952618 -9.145299632353026 -2.3737464227166845 0.519554417947198 0.38974564201896783 3
214 -0.6261471961100228 -7.6567569249905425 -2.742313553410683 0.4747427844630319 0.5127485503866333 0
219 -5.376143951470739 -9.57154009573302 -2.6358505458025236 0.5601543402618923 0.4765952557759716 2
229 6.165787443411823 2.764644650800475 2.978105806244404 0.5979771703566431 0.4823755436465311 2
239 4.285254695875269 2.7563878145285083 2.7880501103923283 0.5652463281443261 0.42083229000879835 2
245 3.859620130500684 2.347667708313478 2.744679336902334 0.3657874713835661 0.3676255165664138 3
251 1.7252205600979622 2.529242591507286 -3.0124194374485436 0.6365247384889894 0.5509059937068291 1
256 -0.8007446124020426 -1.5823213238242178 -2.702330707076262 0.5454824435744734 0.42114605082454293 1
262 0.4129753238646784 2.896919843945642 3.0721723929147524 0.5937054846823306 0.626318163428637 1
267 0.7935193252782793 3.676464172849337 3.068161269910501 0.4842287939059465 0.48736377911419937 2
277 9.964183471720284 3.6437311381936435 -0.039191251711531795 0.43484319479094385 0.7419759939382996 3
282 3.9600468904254935 5.327569627014196 0.1878850083516065 0.4288208017095922 0.46664328225203694 3
287 8.684392565006316 3.016722036162511 -0.06490410036592856 0.5814029359937031 0.5918481577253076 2
292 4.355661048607092 7.7255124874082375 -2.9870679961741176 0.5809296958721468 0.6210047333155122 0
298 5.873413209162993 9.976060896041862 0.5937994471530192 0.47476515405131364 0.44453308926942536 0
303 -4.229425481319413 8.633226100000432 2.522865301298128 0.4551223607878055 0.5228056815618095 2
308 -5.249471748069374 9.553967619098016 2.1789243352179986 0.6673169369676073 0.46770639527794444 2
313 2.1825311475896085 1.0603467882214432 1.0412639636802314 0.43871849419753844 0.565072055277256 1
319 2.1464236998196924 1.509676127359167 -0.490665672215193 0.42835829701895145 0.5027759129538594 1
325 -5.225515102823326 1.8762291689006874 -3.1166816009904132 0.4206039720637605 0.46073256898932635 2
330 -2.9248173204194683 4.534209549351268 2.925244748924704 0.5264287965157535 0.7184071129124386 2
335 -3.414465986301771 3.508792375935373 2.9495784137500367 0.4329482881380452 0.42104590969296807 3
340 -6.050077749594317 1.3697391582651819 3.048966335654235 0.42358044818784457 0.4088188461020564 0
345 -6.065912428196757 0.8903894928599387 3.0770774834318093 0.3910141201842183 0.4933714186925395 0
350 -4.513445453758015 3.9919162139843274 3.010803409836279 0.481512788442988 0.4249295789907653 2
355 5.6710832830854185 3.8789088617501726 0.016403013681493935 0.47807680182744705 0.5764163415357328 3
360 5.613280897849404 4.555490019256231 -0.05290702281514676 0.5352394564188329 0.45838055257667676 2
365 -4.328341465325983 4.51595460329202 2.935402577146189 0.35930647346275246 0.4096845214663302 0
370 -3.161212557340329 7.91098193665594 2.395921979139104 0.5590038955220445 0.4960217667380045 2
375 -6.264943188052731 4.797384776334358 3.0985870645291933 0.6364604075899217 0.4783872731192113 2
380 -8.339047064401472 4.409978294999218 3.0698700586573904 0.452459621810261 0.506560739775165 2
385 1.6258647300944173 4.277814842244283 -0.14299304801187826 0.5626724880241216 0.47981599747384296 2
400 -1.4328938075664586 5.7518378629729074 -0.28806976430682085 0.5076942225267828 0.5280129412390328 2
405 -10.921206742050503 1.9253493398949986 -2.8041159690156925 0.5060421959830234 0.3867155497790516 0
410 -5.521033566051735 2.699446656369388 -0.09716629677548735 0.6749219430796632 0.6298759835007456 2
415 -3.233341934767661 2.1522526220601956 -0.30807316704679427 0.642272558093005 0.46352855924382763 1
420 -2.7171044836952274 2.7144543876785794 -0.3331038787796648 0.5439091041903116 0.4257458816295663 1
425 -7.109358689250899 1.748785072078604 -0.03913165603283985 0.33327754423149253 0.385288721000657 3
430 -0.6354706473235018 4.885229599951934 -0.3775811075663842 0.6942916407632571 0.5326673167841032 1
435 -1.615651378702089 6.455757736942729 -0.44595041449745043 0.4391808108372458 0.691534024184373 3
440 1.4079764255456246 5.149551457875526 -0.16428025064925864 0.5213121566704582 0.6401832540967489 3
522 7.9773454141896645 -1.8714310809626349 -2.89012925202436 0.42200314978900544 0.5722644688339688 3
527 7.910781141967045 -1.358923814978892 -2.9169359664616366 0.5742996766759576 0.5531209157815904 2
532 2.9951133022015104 -3.237489955781294 3.1365104435885174 0.5141289868310441 0.5008679748713168 2
542 2.9218486798227277 -4.08573484456645 -3.126772122666345 0.5277505504179053 0.5665395175286679 2
547 11.145598416495224 1.0643387024110234 0.08286530806123704 0.5191290326362523 0.516027962036308 2
552 1.5156910515961046 -2.996411443588426 -2.839296333671454 0.5584202568865915 0.5108581130994609 1
562 1.7591269362155337 9.80652849371389 1.6510034137569212 0.5066147096035227 0.5056507911005304 0
567 4.3367122909372595 7.152889933980382 0.02144267807520207 0.4320050748208924 0.40067764659305377 0
572 4.469554964110948 6.592129112456211 0.05374093701090679 0.4522183779808798 0.39956653111169393 0
577 2.7913701201898777 9.278112394414567 2.180651036274684 0.44037638998906214 0.4393333983224793 0
582 8.08733328974232 6.529268711517361 -3.141592653589793 0.46642650651889894 0.49326628147850493 3
234 4.604957244929142 3.4287300192039716 2.8680637510718894 0.5560921247388008 0.5650287339791155 2
591 2.8976689649104537 3.322406813729525 2.996953591733813 0.5395928083996138 0.6417077334019107 2
596 1.7134813674366314 3.2301942064826203 3.088812326105632 0.755874572760029 0.42056763780106793 2
601 1.815797762154573 6.127659941599362 -0.469129655036432 0.3631479345594433 0.5281038652570116 0
637 3.753058907241257 5.880250279259787 -1.5263766519615554 0.4112333299689927 0.3867557714136062 0
647 -6.63770150521165 -8.184820493691912 -2.5774884751663025 0.4635291585180925 0.5183064956341922 0
671 -4.514262623691176 8.085532175286147 2.7531611400033476 0.41755823765409356 0.4640280469753082 2
681 6.372078868802098 -3.865506918322048 -3.1346912043251582 0.5674902230971519 0.4484551453778277 2
686 -5.438304897858228 -8.770957318552618 -2.471959899040483 0.6139762843317135 0.44278370687571805 2
705 -8.354234190037884 4.846718760537426 3.0412116480350284 0.3988389581472142 0.5427953008663882 3
710 -2.162726712697145 7.709748698337535 3.136070401033028 0.4897600471414304 0.5554832666778055 3
715 0.9375089744153463 3.146969045370819 3.0290603002144527 0.405630050288204 0.48088034033989313 2
721 7.915351113686863 -2.3657581685910207 -2.9735428780911675 0.4764995687969878 0.46785855538611354 2
726 -4.190335846195562 -7.725430733520718 -2.6309379358808007 0.42354082608757354 0.41101639763564 0
731 2.415512894521174 -10.597999983791738 -1.6101931426724536 0.47882908970090216 0.46542357822453767 0
752 -7.859417743969472 3.2443276499669755 -0.06566540997350029 0.4530815599598025 0.5064833066077516 2
757 -0.1801990776660366 7.530606576016924 3.10843140442059 0.4288426710462368 0.6748005210730081 2
762 -3.182377414613429 3.953145303931155 2.938802891072262 0.3547995322917068 0.48753032986502287 2
772 -7.547111811527708 -6.162266755055811 1.4200507244427447 0.5001178119438282 0.5130950886819055 2
777 -8.035293985960562 -6.1713544667844 1.4600776354204799 0.4240813631986004 0.49853725017755407 2
807 -7.05968709824191 6.412316348914334 -0.44077489805793885 0.48622145899974795 0.3831992340087891 3
812 -7.303990246009972 5.9037947681994325 -0.42359040241288937 0.4221222465515518 0.421794021455589 2
817 0.03447341563954211 -5.855511387992791 0.33489181594117245 0.4874995859444882 0.5196610130731188 2
822 -0.9159543271272177 -7.023491007240828 2.855896755370524 0.5384967688449793 0.5173905314678247 2
860 -0.798697010649807 -8.42570487605377 -3.141592653589793 0.4142090056319045 0.558361289900296 0
890 0.7880218654936195 7.784867279248706 3.0629014594651958 0.5581229701283958 0.4610638201329219 2
895 6.415285115257818 -5.964455281875765 -3.13591492978173 0.5930031755687851 0.46533424178808414 2
900 8.525251312492667 -5.432396451978195 3.11871970045969 0.5333954682213384 0.5119747108188671 0
926 -9.338574678945582 2.754484259664283 0.04661388432484342 0.5074582874208774 0.47907400173349945 3
931 8.3680596236118 -6.000383869500957 -3.141592653589793 0.45112684655048474 0.42778279842814043 0
936 -4.1725340173949865 -9.042619227975319 -2.9940152411600094 0.4279435423834349 0.4298761623138992 3
960 -1.5650239416551055 -5.077725417207156 -0.0 0.4398920411486526 0.4494662038596047 2
965 10.596752829237596 -0.5469461830716378 -2.97787274788546 0.5332733321947819 0.4844521434100373 2
989 -5.0977823211995394 -0.8967650669978102 -3.141592653589793 0.42898978537889 0.46190275653306706 3
994 -5.8598619930101075 -4.345039242207676 -1.9395853362828461 0.4331777830737851 0.41590975301816135 2
999 -2.996916425706422 -2.011411208785545 -0.0 0.4177976596850008 0.40637930692509716 3
782 -0.7027913331289907 -2.4325134529262016 0.23231569381908404 0.4049128095918871 0.4388527884355981 2
787 -0.4482628919028546 -2.036300761015126 0.46307492194146416 0.5030998469750896 0.35761903643608095 1
