0 -1.6958729836162243 -0.3804270361596591 -0.0 0.23795839133448468 0.31160837295645555 1
5 -2.0558627683650723 -1.4282475938939863 0.007438013690177986 0.39859615020099126 0.4914941102832003 1
10 2.56244512278249 -2.8570382513314643 -2.9640954521668523 0.3908585265019022 0.4462903041879587 2
15 2.4917022954955703 -2.354244613088869 -2.903362106278812 0.49960772914107443 0.6893210965777224 1
25 0.7759777581008938 -3.242200916524311 -3.009280214059454 0.5517163276310515 0.5463565135044653 1
36 -1.1544636146281526 -5.381315616368296 -2.786463458748522 0.4668687792100868 0.6247464212000944 2
51 -1.6503348118939032 -4.312600336507154 -2.811964356272273 0.40367753780329496 0.4477837120213176 2
67 -3.850692270797913 -7.45239543037543 3.117356445397719 0.5344443208563966 0.4213350117950509 2
72 -2.3094480715778376 -8.558545381461885 2.9291212977104135 0.47179440012881907 0.5004806879054983 0
88 -9.837622729920538 3.6290463507242854 2.8740537197808758 0.6253816355685515 0.5484566238614419 2
94 8.024032377305344 -5.8454738127942285 -0.03570831291599455 0.5918570689519788 0.500858416202908 2
99 -5.975667517680918 -3.434126008960842 3.0990583465218466 0.48404700840797754 0.4631854701444483 0
104 -6.061569707507372 -3.9936452021025 -3.1342620540195014 0.4940381384872145 0.5038715360218311 0
114 9.732540272174166 -5.844974190531395 0.046174376234214894 0.6671804285244294 0.5558185758072789 2
124 0.21852770126163348 -7.934886409481062 -2.5048802750035324 0.5414210845159277 0.5024680428272071 3
129 -5.756317350471866 -4.512673057259418 -2.7983017198827205 0.5286668205789933 0.4211907426348054 2
134 -5.2758556317534975 -5.458127282308169 -2.784501493496899 0.6752938474616026 0.5914588788122072 2
154 5.794030441576581 -0.7269300451269634 0.29280696322524863 0.5328372699566097 0.5592944827240267 2
159 4.1611324369589555 -5.036030222491931 -0.10295803669163948 0.4542864622746634 0.4593348459569878 3
164 2.382176182213489 -4.791791799200531 0.2659255866783017 0.4116721668265648 0.5579044421930222 2
174 4.75603010862176 -6.077533964841905 0.21031040715107707 0.4008631751886536 0.4353133880173579 3
179 -3.8188265934666417 -8.685486864524337 -3.0317861756522633 0.5220357957701636 0.5132169640484724 2
189 7.0753584017640945 -6.359713655564801 -0.06524987981946054 0.5988526771921537 0.5863417572863134 0
194 5.087838619006191 -5.569579340285277 0.17935215482614705 0.47368279366739324 0.46217313292313456 0
214 -0.7282896006760683 -7.741769990209081 -2.7297542750993173 0.6498910376518386 0.6980591319048665 3
229 2.2908727206608974 3.610000369039126 3.010392491395475 0.688660367381621 0.5559014726894947 2
239 0.8941088338709133 3.608861537790067 2.946803545047127 0.6693949720796423 0.5835426132983592 2
245 0.525499383578201 3.119198020174194 2.9823171187300987 0.3724057896545198 0.40199411103432264 2
251 -3.007459402161992 2.808823563584158 2.82823595247632 0.7157278038497927 0.472099466549561 2
256 -3.2887937588158604 -4.855293771771026 -2.4779698092047084 0.6088162833068328 0.6523910235917523 2
262 -3.4224337378024803 3.9589665185879026 2.8422716441932274 0.5407054194867239 0.5014485110393864 2
267 -2.9433281562924574 4.735898651657508 2.8570727565567102 0.45274160078970715 0.5716617253722063 2
282 3.919690594806356 5.334635885138406 0.1878850083516065 0.48645006230564575 0.6404189576088062 2
292 -1.4467985308000957 7.801659852002625 -3.078074187539945 0.6012055827719951 0.5354777440133139 2
313 2.1825311475896085 1.0603467882214432 1.0412639636802314 0.43871849419753844 0.565072055277256 1
319 2.109915670210947 1.5204365377039784 -0.490665672215193 0.44357613833966947 0.670562550361412 1
330 -7.513726343106022 5.283639594207367 2.925244748924704 0.5972110083946097 0.5907310378321566 0
335 -7.891388552538412 3.9530634129975737 2.9495784137500367 0.44154134652966504 0.5084266854618313 3
340 -11.173567872265304 1.5490367473935795 3.048966335654235 0.42358044818784457 0.4088188461020564 0
345 -11.304861195282964 1.066595337325217 3.0770774834318093 0.3910141201842183 0.4933714186925395 0
350 -9.14531503870018 4.328819408668862 2.8617172013854812 0.48115365355724693 0.49421487833777017 2
355 10.016936774673093 3.072981679868196 -0.037263696383026804 0.6062355350188346 0.650799931661009 2
360 10.007849746186734 3.7257178079486692 -0.05290702281514676 0.5956031600212344 0.6602198611628549 2
365 -8.68178903606341 5.289622707608229 2.826781634701107 0.38716398563035487 0.4096845214663302 0
385 6.6663723867068025 3.6322051596142466 -0.14299304801187795 0.5720721929288081 0.5652076472300915 3
400 0.9883066522892321 4.846611489067529 -0.21369523689352937 0.43504634683771115 0.45438350432770974 0
410 -0.4990123217900284 2.129955102735674 -0.0010164404646096357 0.5891408344230735 0.5003465886475053 1
415 0.6909048786647465 1.7178261298227488 -0.30807316704679427 0.6498205724857599 0.5807090148842327 1
420 1.036883644109394 2.2794176787274427 -0.06572061784128999 0.4650003087239771 0.418401269494148 3
425 -7.109358689250899 1.748785072078604 -0.03913165603283985 0.33327754423149253 0.385288721000657 3
430 4.499805550535462 4.257848083046977 -0.23511604275015946 0.7978724456621072 0.7236093488618972 2
435 0.6448232315488549 5.297440628612194 -0.3031869793833699 0.46716524321642616 0.5233007936221773 2
440 6.88735652357296 4.360181862553016 -0.16428025064925864 0.535704848417034 0.562737826487397 2
522 3.629271335899579 -3.496816572139514 3.1394440375206774 0.48016572227415133 0.4557056710028551 2
527 3.7475393710035902 -2.8692172856314877 -2.9169359664616366 0.5091169520809224 0.5615021268965336 2
532 -2.6342115488613667 -3.162595533028338 -2.7654434507911967 0.7203149397547861 0.48157986376099166 1
542 -1.454352085857237 -5.033981586660997 -2.7412435221791416 0.44491429700455376 0.7682156205553132 2
552 -1.803433449832068 -3.8170945555017504 -2.781688724856977 0.5939910591647591 0.7092180493852092 1
562 0.5889272083918633 10.675297991037517 3.1309235475323285 0.5066147096035227 0.5401834345635775 3
572 9.216715965256444 7.611516404177593 0.36389040973484355 0.6549543259057872 0.4817978785771441 3
582 8.08733328974232 6.529268711517361 -3.141592653589793 0.46642650651889894 0.49326628147850493 3
234 1.0571113670344956 4.298173778086077 2.868063751071889 0.475450510181611 0.4890992815246525 3
591 -1.2391796616693935 3.4367306268901374 3.079442824292453 0.5403820872573756 0.6652807396584915 2
596 -3.3210199227637602 3.388959681631944 2.7805604409188995 0.4448302449894561 0.4513474139867784 3
601 1.878922577064819 8.464390624893834 1.5708467714330416 0.5462436321237206 0.408256493210442 0
637 3.753058907241257 5.880250279259787 -1.5263766519615554 0.4112333299689927 0.3867557714136062 0
681 1.5009959107046098 -4.218226030891279 -2.965247099750207 0.500884651546796 0.6030256710512952 2
710 -5.87620994065777 9.79449923790428 2.459279358563523 0.4502270354273339 0.4475054533086838 0
715 -2.9106518571587596 4.213257923590058 2.854701631069979 0.46077414923864274 0.5838517464458768 2
721 3.4350872770782583 -3.946860397926992 -3.096343298192088 0.4308376792776857 0.6304507394172089 2
752 -2.654813581110071 1.8795579020236117 -0.23002207495779475 0.7424517488312372 0.5183056914463781 2
757 -4.65216628569946 8.155250456267687 2.7069352279646486 0.4984565183689374 0.5618031818761433 2
762 -7.750850273018921 4.650673168597905 2.9388028910722617 0.4187413096612309 0.48937243066454256 0
772 -6.9729975327940625 -2.452928948790307 1.4200507244427447 0.39539076633319675 0.474716898085136 0
777 -7.439493892679228 -2.3447591535913506 1.425577469539975 0.44020910974927435 0.45327505418943415 0
807 -2.7114730202895894 5.883999541488125 -0.23401620798357584 0.506640304533863 0.6106097396140989 2
812 -2.8258285821568876 5.31348233116513 -0.14752616016424241 0.5732352136732134 0.5601822334241613 2
817 3.5753901821155303 -5.415457343766805 0.33489181594117245 0.4874995859444882 0.5690834046855764 2
822 -5.168401573194626 -9.930162383077695 -2.2800123410634265 0.5999145951333983 0.4942817106414487 3
860 -1.0452400875290992 -8.42570487605377 -3.141592653589793 0.4142090056319045 0.4644284859829271 0
890 -3.5252800345238495 8.235687571467894 2.7947355304405535 0.5553560397039583 0.5568664636042006 0
895 2.957414644809532 -7.746294397191662 -1.9450739229127954 0.5319497239589493 0.5130932526752984 0
900 4.077938502356063 -4.1834582450569515 3.11871970045969 0.4125590789770659 0.49286946863832043 3
926 -3.8527934904413486 2.103098689393172 -0.18068451059511392 0.5074582874208774 0.4656218927535066 2
931 3.865482760477986 -4.61337800487001 3.032588180870195 0.33167520670463646 0.4643939045148182 2
960 2.432869232706982 -5.211152476568975 0.27300846170522086 0.40871568577769785 0.43227418157704306 3
965 5.567270319078507 1.4688454132403026 2.693162145479505 0.6501189031413401 0.6473090894859583 1
989 -11.180040794154376 -0.7890587270043148 -3.141592653589793 0.42898978537889 0.46190275653306706 0
994 -6.771705969155667 -8.802721157171577 -1.9395853362828461 0.5958265060196434 0.46916036448580367 2
999 -2.996916425706422 -2.011411208785545 -0.0 0.4177976596850008 0.40637930692509716 3
782 4.595892833417519 -1.1718170789293196 0.11693821077325707 0.5607168656976053 0.589116321367666 1
1085 -1.9547694794864179 6.65228721944625 -0.20845587487625683 0.5400218603337005 0.5103137216613245 3
1090 -5.285436931154712 10.383053558742851 2.3560464151984015 0.44454881540274893 0.5128887486317673 0
1095 6.450696562027954 5.123941333572702 -3.0948123484348735 0.6103140189686468 0.6428052720718869 2
1100 7.578820324932035 1.9934913703682353 3.085456273631596 0.6307956332090008 0.4902471460969966 2
1139 7.785637256245714 2.6279015279866593 3.08525329855071 0.5609667267445723 0.5273239114952417 2
1155 -7.018728510921843 -3.554872754874463 1.4636783320735165 0.4631188934214627 0.47289528058647046 0
1181 -4.468995218838039 8.775524131666469 2.72193795155299 0.46544980588253954 0.5216758080929197 0
1186 -0.548539987842047 -5.905557490545276 0.4213660388762659 0.6041713225018054 0.6734960286352123 2
1191 -8.230753745545684 -1.1893962440346943 -3.141592653589793 0.44283259963782406 0.6067701681875559 0
1196 1.0932812806265444 -8.411030183864261 2.544977719814472 0.4246158397117672 0.4843304643236865 0
1201 1.2514225833689088 -7.936485292057029 2.6578747113077625 0.42975978824880606 0.4205271006184948 2
1226 -3.660231079782119 6.25818403374521 -0.0 0.5888801783505269 0.5684712797551869 2
1268 4.81254971203088 7.234407984011082 -2.9455086956120473 0.5387838224265682 0.5379796370840986 0
1273 3.9137187413565546 -8.310937437917588 -3.141592653589793 0.3995675467875878 0.5229500507993156 0
1278 5.448625055438003 -7.8609320514905345 2.9258385821851642 0.5974731763847337 0.6550397997408658 3
1301 1.1864119454730004 -6.170049146729731 -3.1316438260735366 0.539283516516937 0.4507005121666955 2
1306 -7.1071251931423065 -5.982694369859528 1.428073447779508 0.3950786899516113 0.5831990252825111 2
1327 4.673713628587462 -0.5997754597791238 0.1466357746455518 0.5450469358021546 0.5444501622166577 1
1333 6.777062170848014 -7.41684778902985 1.848856757215336 0.3879841213324939 0.545454817610958 0
1338 1.8630223694954233 7.111557012796781 -3.141592653589793 0.5327168553814301 0.4665719726485493 0
1353 -8.440724062016725 7.255988101866709 -0.29945764319702367 0.5149642028123658 0.4764869380221255 2
1358 7.54883626372998 7.898524419680653 -3.141592653589793 0.5812194015137673 0.406171655240212 2
1370 -3.779591326829919 -2.7612839434438126 -0.0 0.43981153367027837 0.4191329733263044 2
