0 -1.6958729836162243 -0.3804270361596591 -0.0 0.23795839133448468 0.31160837295645555 1
5 -2.0558627683650723 -1.4282475938939863 0.007438013690177986 0.39859615020099126 0.4914941102832003 1
10 -2.6775519413799413 -3.594306902593052 -2.9640954521668523 0.36135513872269637 0.39168604517457756 2
15 -1.9645233625194425 -3.048275785202892 -2.903362106278812 0.4495036395971695 0.46575807600245706 2
25 -3.5148006211990315 -3.641600318875473 -3.1125522556469543 0.5946129022768837 0.6149777557440692 2
36 -5.527999614619548 -7.539804428674078 -2.786463458748522 0.48163394055977926 0.5713971682850784 2
51 -5.6754718212821675 -3.6612615018195394 3.120251086351481 0.43723919510629355 0.4477837120213176 0
72 -6.205123429231756 -9.206195181564727 -1.9282738631924954 0.47179440012881907 0.5004806879054983 3
124 -0.309276993363938 -8.577065570265036 -2.5048802750035324 0.6034644931444155 0.5024680428272071 3
154 11.035921289563092 -1.481631127802475 0.07559665414175712 0.5328372699566097 0.6293093280855062 2
159 9.816031847543913 -4.898203403492678 -0.02629763231075316 0.6528652393569986 0.5736200548263923 2
164 8.104566350513062 -4.586066600982201 -0.05682501052413437 0.36281579569196465 0.4036229088332548 2
179 -5.9197493097944545 -8.096750049972005 -2.8015308998013784 0.4163152297126883 0.4894217610483439 3
194 8.602676652284512 -6.00159969314833 -0.04611839431848611 0.47368279366739324 0.7629343758599045 2
214 -0.5951251562711345 -7.7664765707102505 -2.7413971051215 0.5754738605511095 0.48803473475703163 3
229 -1.970502897806437 4.0385578642566 3.0456935180786426 0.5903660632585592 0.5930447015152557 1
239 -2.911159378790676 5.058033646012255 2.7215593953208934 0.5755713317549004 0.6198055259434062 2
245 -3.5470815714337633 4.835155456979459 2.7697677837155754 0.3781358834049076 0.43327382657606855 2
251 -9.481736486873267 3.6223006916743072 2.772729528579782 0.53145054208412 0.5576274638667278 2
262 -7.403826613651022 4.678546519744698 2.5394995186996687 0.5234153590242104 0.5383733835136415 3
267 -6.764031079075632 5.678488009702223 2.554847285566491 0.5371333930757254 0.6052498682430396 3
282 5.825104632212023 5.513450380235288 -0.757237644380906 0.5952533456548745 0.591048704152918 2
292 -6.230936006203936 9.994434881758208 2.4891399874195743 0.6012055827719951 0.6651089921864859 0
313 2.097715122299105 1.034662291232856 1.0412639636802314 0.47584891376815 0.4982240314461764 2
319 2.2220430994085403 1.5074923238373403 -0.490665672215193 0.45083202204574985 0.5613818635454871 2
400 3.859166187464403 4.2940205586342595 0.21889782008950853 0.49380831786533774 0.5880562123708691 2
410 4.268182778271946 2.9371870959516873 0.22382779861538724 0.5225870961291514 0.5383592606583363 2
415 4.493222404015963 1.819027747865346 -0.4497677979832028 0.6640315343847615 0.66646576199827 2
420 5.256471570486168 2.3197005688030905 -0.4453697425136522 0.47707355001431284 0.5823974201408958 0
425 -6.636691381850241 1.6744197235483913 -0.03913165603283985 0.33327754423149253 0.385288721000657 3
430 10.532601246724179 3.3889179962850497 -0.06003849075206408 0.6738415023305926 0.5297670097440887 3
435 3.3093347202650234 4.907625507310688 0.20467810983854293 0.5225157627383141 0.45493249383854434 2
522 -1.4164002573550298 -4.339732570683025 -2.9767340313542023 0.41410904318296243 0.6291478045622573 2
527 -1.3817867960212495 -3.8036855111389998 -3.00935125437491 0.5431137414951043 0.6103684882126694 2
542 -5.822195459877553 -7.127417668313685 -2.7412435221791416 0.47169550578785036 0.5488614237458584 2
552 -5.3731960657607525 -3.2580052266893693 -3.111922042941039 0.396401005171609 0.47032335424041155 3
562 0.5889272083918529 10.675297991037507 2.99928857302342 0.5066147096035227 0.5401834345635775 0
582 8.08733328974232 6.529268711517361 -3.141592653589793 0.46642650651889894 0.49326628147850493 2
234 -2.116389908322705 5.190760067000788 2.9356638053965174 0.4289842546971709 0.5001377807620524 2
591 -6.472055766880529 3.2176340559756147 3.133039874526323 0.6384376936620137 0.5997471168393654 2
596 -9.36708714115957 4.127452597026878 2.7805604409188995 0.4565902522669362 0.4843465064876147 2
637 3.7548097806945693 5.84085958685788 -1.5263766519615554 0.4112333299689927 0.46394318367012705 0
681 -3.2086256556712067 -6.29023192731664 -2.820430751102834 0.5807621960312048 0.615888131781849 0
715 -7.214226859531539 5.281911755128793 2.5599292502836963 0.5178095287018052 0.49955552083738564 0
721 -1.7080946138321167 -4.894401400970205 -2.9714930778632462 0.4523766323096837 0.46301286194410307 3
752 2.9076663902483455 -0.09602625207452564 -0.23002207495779475 0.7436493936195476 0.5844203294017969 1
807 1.9082569377114063 4.8304678604652995 -0.29047532448732694 0.45874925737783734 0.5699390467105977 2
812 1.7920810107759562 4.3104870311784795 -0.27434393335264373 0.6101992569996804 0.6770954340745028 2
817 7.652189872169821 -5.716944635015215 0.03718074251551927 0.5774438322406075 0.5616533871115194 2
860 -0.9880351394766004 -8.42570487605377 -3.141592653589793 0.4142090056319045 0.4644284859829271 3
900 -0.6103742111286345 -3.645802867331726 3.11871970045969 0.567307387314209 0.6071399379066486 1
926 1.7713608197273736 0.44933101629581357 -0.35003289812497046 0.5551002554865616 0.4734682184854182 1
931 -0.47890883659091027 -4.198001425567776 3.1191054548518955 0.4279804067656789 0.47025245732635307 2
960 8.274175553239443 -4.9557489190693325 0.017182547596723153 0.3547796961932307 0.4439010770598947 3
965 0.07204051214541864 3.3168564421998417 -3.0317919585203055 0.563588986845012 0.6794665658132232 1
999 -2.9221948497152908 -2.011411208785545 -0.0 0.4177976596850008 0.40637930692509716 3
782 10.767307183590903 -0.14061442824181614 -6.955663723190973e-05 0.5869696894708614 0.5313541076257261 3
1085 4.670508389241368 7.407404438173071 0.2553414389286455 0.5931945124880208 0.5386382404356761 0
1095 0.6992184271135352 6.209133136941077 2.7232879172576006 0.49067345396695644 0.6299634086685673 2
1100 2.5679808154548796 3.199763791134555 -3.1257819538049967 0.6294960456249087 0.6444737732968915 2
1139 2.5943945638684913 3.8563307686280144 -3.1149820037485667 0.6250036261473865 0.5866459401557165 2
1186 6.404047638608698 -3.432518472014598 0.29158935116590423 0.6003939482009102 0.8054085056297977 2
1196 -3.948571071010207 -8.563690331647184 -2.7124085140954444 0.5018655587871585 0.4843304643236865 0
1201 -3.8970924218059233 -6.9450254497464465 -3.0235744521288135 0.49741178955505616 0.4383069150508008 3
1226 3.0812439771690463 6.90821068206546 0.14145029292555414 0.604315177297957 0.5586813290185931 0
1268 -2.177226063005163 7.939392603375152 -3.135269041014541 0.5387838224265682 0.5379796370840986 3
1273 -3.1896587363461575 -7.505272225676691 -2.8148444963529586 0.5104163644807463 0.41423245941133346 0
1278 -0.7239775614244242 -6.90839886284854 -2.883699021522435 0.5320658189535584 0.59305958436953 2
1301 -4.827252912487981 -8.135243555822706 -2.7183346948652103 0.43607602217787267 0.42676732353914937 0
1306 -7.203250573041848 -5.97320835456511 1.8779803822205072 0.5223552631546581 0.8056740724150125 2
1327 10.802444598041115 0.5449114957846763 -0.08375483370787212 0.5685506641882285 0.5163432659182096 2
1333 5.55850175445964 -0.12544051990099514 1.8136400418729786 0.5540546622215643 0.4326425312852528 0
1338 -4.027216839880278 8.04494786594434 2.4672247041244084 0.5327168553814301 0.5012021337999576 0
1353 -5.90667162377277 6.4739510996545855 -0.29945764319702367 0.7759314755385724 0.49576955409267837 2
1358 3.516180634525845 8.831915070930346 1.8845233860979032 0.4971341866422728 0.4822491262198069 0
1370 1.5989231118592708 -2.048249722866642 0.05304811614210155 0.5441107318660502 0.781496581609887 1
1387 -0.6425025964990538 5.354601709061711 -0.48213216785859864 0.6359162973904711 0.9020354930996792 2
1415 -3.8490636136114866 5.903944036460327 -0.22907707385194284 0.4456006705405395 0.38551517551357606 3
1420 -3.496084453679066 6.321357640269483 -0.23908142875343844 0.3516374878049434 0.43377462277256223 3
1432 -2.0448434215856777 1.937671589019008 -0.005713840199167915 0.6127054139974368 0.492493933265467 1
1437 -1.9446635342102956 1.3453803130112134 -0.016669349186977264 0.6011198590768082 0.4917114908545566 1
1442 2.797179541948599 4.646293155344346 0.10921430988414009 0.546353198689012 0.4195716738478518 0
1447 6.243587903242199 -2.8154722456981855 -3.141592653589793 0.5797108269024112 0.6163747198682217 2
1467 -0.9482307698063402 -2.072639934406034 0.3385232276555439 0.6478611925572054 0.6976337306030557 1
1487 -2.104668503662247 6.002546085477802 -0.24017901293494595 0.5012613229792353 0.629659499034837 2
1492 -4.269208777113963 7.407598680980548 -0.5615336442331649 0.42688365951532975 0.4725170666108578 3
1497 -4.504047023724318 7.058150044629258 -0.5513045190274177 0.4269622334373027 0.47993812553403603 3
1518 -3.3670344334520754 6.6718188813941826 -0.22797141145783786 0.36023260432271853 0.34747227867579694 0
1523 -7.6315088345902105 2.4065350972820627 -0.0 0.6640744030364881 0.5073191157880437 2
1545 8.839428114385292 -3.949496228561175 -3.141592653589793 0.5749255790300963 0.6221236079191537 3
1550 -4.020988803914488 -4.421536557299508 0.08265729888958329 0.5850375638494836 0.5030481226551642 2
1555 2.9336163376899167 7.496470417919234 0.16023364418499433 0.4752975768307156 0.4867153710221748 0
1560 -3.213312688806951 8.099462773128366 2.6928469183801265 0.4492146381116761 0.42430351769886837 0
1581 -2.855029128962343 6.418064215154356 -0.23880225652281978 0.39988658788618203 0.42608646687785395 0
1586 8.823900842782514 -3.328543453219995 -3.141592653589793 0.5524828175789359 0.45997494115259574 2
1602 -5.485197916528857 -9.599735997832678 -1.82657454314433 0.5128861274553983 0.5791212360010964 3
1620 -2.181648036605366 7.2605799147167875 -3.141592653589793 0.5843930626062029 0.4500962090182534 2
1625 -4.993659702474922 -5.2722636674645385 0.12739390661088443 0.46000326395095237 0.47043651527315133 0
1641 11.18854386479117 -2.3318387389192923 -3.141592653589793 0.6090056628220226 0.530687615307487 2
1646 -7.4313908605215575 -6.547494748783921 -0.0 0.43581202478058867 0.43267197854274936 3
1651 -7.608151034791415 -7.128600957117685 -0.0 0.5126865181460766 0.46963887144565847 3
1656 -6.016810436329502 -5.00982141884256 -2.6170395072601087 0.4340732379288981 0.4061398696899414 3
1674 -6.190279280173615 8.105396231483226 -0.45864128969733664 0.5162571944075024 0.3595108736213413 2
1679 11.098447496047228 -2.780752731333891 -3.141592653589793 0.3470503524401725 0.3559003067016602 2
1684 10.717583188278136 1.534815544422574 -3.141592653589793 0.7140431529498471 0.4627883140640173 2
1689 10.926752737052905 -3.3883385852474754 -3.141592653589793 0.5372479670035013 0.4276094354825949 2
1695 11.010628998904366 -3.947408000776287 -3.141592653589793 0.4486760571493599 0.4835349193703168 2
1719 6.620482984058215 5.841616041527917 -0.8651766659523695 0.4711885579387589 0.48563938797439854 2
1724 -7.85652773507191 8.308716063522073 2.3122102194343523 0.4650009698676479 0.47354535995323865 3
