0 -1.6958729836162243 -0.3804270361596591 -0.0 0.23795839133448468 0.31160837295645555 1
5 -2.0558627683650723 -1.4282475938939863 0.007438013690177986 0.39859615020099126 0.4914941102832003 1
10 -0.429818213916349 -3.1856819463318944 -2.9640954521668523 0.36135513872269637 0.3291387410242984 0
15 -0.45076634574033075 -2.7166940203232737 -2.903362106278812 0.4495036395971695 0.46575807600245706 3
25 -2.201384270120549 -3.5230395539620205 -3.009280214059454 0.5946129022768837 0.49699038323362704 2
36 -4.189160081774876 -6.95095233656147 -2.786463458748522 0.48163394055977926 0.5002073558469337 0
51 -4.19323957792638 -3.708710399047469 -2.6561371453316784 0.5038375690187367 0.4477837120213176 0
67 -7.084969648264904 -9.291073503586786 -2.6955181801378574 0.5344443208563966 0.4715907329217606 2
72 -4.827418008177389 -8.128191009643162 -2.98787580398903 0.47179440012881907 0.5004806879054983 0
124 0.048250784608512676 -8.244079257639456 -2.5048802750035324 0.5414210845159277 0.5024680428272071 3
129 -10.045757177033257 -4.460675100913834 -3.1390643713837703 0.5286668205789933 0.4211907426348054 0
134 -9.92517816884065 -5.0867029656195974 -3.096217068560444 0.4992801621211367 0.5171114032773475 0
154 9.47692135819852 -1.3168702504210679 0.07559665414175712 0.5328372699566097 0.5439764759077939 2
159 7.863616487818031 -4.854650405819375 -0.026297632310753213 0.6042311572119275 0.5571189831082243 2
164 6.120153251940894 -4.295838877114202 0.2659255866783017 0.4534156405472234 0.5730229380548538 2
174 6.784315850584248 -7.60564893440587 -1.082694415226919 0.5208716369524246 0.5937020636765731 0
179 -3.667844561985081 -8.719239822237554 -3.0317861756522633 0.4163152297126883 0.4894217610483439 2
189 10.345467737103684 -5.666076029582128 0.01597980921915532 0.5514218193024293 0.5988404008066609 2
194 7.475610336951972 -6.0071597668428485 -0.046118394318486036 0.47368279366739324 0.5610244742711465 2
214 -0.659303499061986 -7.638627735047955 -2.695699601138201 0.517593833917209 0.48803473475703163 2
229 -0.5000039631014604 4.342273513249718 3.0103924913954745 0.4668152316127582 0.4821071654118358 3
239 -1.6689792615232109 4.519451788132242 2.7215593953208934 0.5527438173118943 0.5877896130869086 2
245 -2.34236336314755 4.350416473675941 2.7697677837155754 0.4108881460622821 0.40199411103432264 2
251 -7.333914944341415 3.218664676177912 2.772729528579782 0.537071032458167 0.5229465061448638 0
256 -5.150722095435074 -7.145446102086303 -2.4779698092047084 0.5196998692788044 0.5290725764197841 3
262 -6.168399352133525 4.450001821474902 2.5394995186996687 0.47230549283822426 0.5383733835136415 2
267 -5.608901198163749 5.145537796816765 2.554847285566491 0.48911285928844267 0.565099989756587 2
282 4.974711007810071 5.480212672521245 -0.011289538399142155 0.5415526276473329 0.591048704152918 2
292 -4.63045364165587 8.782798769176852 2.4891399874195743 0.6012055827719951 0.6070043905017897 2
313 2.1544630145150205 0.9749745485224599 1.0412639636802314 0.47584891376815 0.39178259992305997 0
319 2.117552439518972 1.4835745375112546 -0.490665672215193 0.3864217884084019 0.6641789576256519 2
385 11.248682067182278 3.159550733936066 -0.043660018512588994 0.5720721929288081 0.5027904626714343 2
400 2.8595419323103144 4.134028930340866 -0.21369523689352937 0.44316155939976143 0.694139773739646 2
410 2.5190011814565536 3.081511898042748 0.11822014525476682 0.5620423852626008 0.5383592606583363 2
415 3.386087211787615 2.3535179799394013 -0.4497677979832028 0.6640315343847615 0.5442395421546135 2
420 4.035291311863736 2.485080968890148 -0.4453697425136522 0.47707355001431284 0.5823974201408958 0
425 -6.636691381850241 1.6744197235483913 -0.03913165603283985 0.33327754423149253 0.385288721000657 3
430 8.480834553669457 3.5174465589852826 -0.06003849075206408 0.5515769358978492 0.5297670097440887 3
435 2.3665730021802664 4.677391587023795 -0.3031869793833699 0.46716524321642616 0.686902625933345 2
522 -0.10881284873701011 -4.213931170685155 -2.9767340313542023 0.4368229333884137 0.4557056710028551 2
527 -0.025612870132695698 -3.7519167935499773 -3.00935125437491 0.4391165015398654 0.5421015753309608 1
532 -9.138320267624936 -3.54349303835262 -3.105720393061888 0.5538725895467077 0.48157986376099166 0
542 -4.471116785316669 -6.435606883575055 -2.7412435221791416 0.47169550578785036 0.5488614237458584 2
552 -3.872736287936692 -3.2195787851550004 -2.781688724856977 0.6446397555469495 0.47032335424041155 2
562 0.5889272083918529 10.675297991037507 2.99928857302342 0.5066147096035227 0.5401834345635775 3
582 8.08733328974232 6.529268711517361 -3.141592653589793 0.46642650651889894 0.49326628147850493 0
234 -1.0981807882363381 4.8972980375793815 2.758000541629354 0.5364339336665206 0.6829457331584377 2
591 -4.7171099056015064 2.977325534748113 3.1330398745263235 0.5990851158163591 0.7409941377833816 2
596 -7.175256809196746 3.843220605409295 2.7805604409188995 0.4565902522669362 0.4843465064876147 3
601 1.959049202466621 11.165665897365283 1.5708467714330416 0.4725920458767056 0.408256493210442 0
637 3.7548097806945693 5.84085958685788 -1.5263766519615554 0.4112333299689927 0.46394318367012705 0
681 -1.7603942425259687 -5.781818934913008 -2.820430751102834 0.5807621960312048 0.6691388433287333 2
715 -5.699238950382118 4.660036390788519 2.5599292502836963 0.3854027707972265 0.44655976354408383 2
721 -0.2978496012138805 -4.768841347765898 -2.9714930778632462 0.4523766323096837 0.46301286194410307 2
752 1.022146280030848 0.4741931312576636 -0.23002207495779475 0.5771929223998754 0.5183056914463781 1
807 0.5452038023442318 5.333623441847718 -0.1148344652753221 0.4916111968487579 0.6511919864927919 2
812 0.31856215405546573 4.837456675593225 -0.14752616016424241 0.5029739112529006 0.6475062142158908 2
817 6.208050899233875 -5.821558648328111 0.03718074251551927 0.4774838568757075 0.6092002802875089 2
860 -0.9880351394766004 -8.42570487605377 -3.141592653589793 0.4142090056319045 0.4644284859829271 0
900 1.0522091487769094 -3.606475717088933 3.11871970045969 0.567307387314209 0.6333982558288467 1
926 -0.1054427495726355 1.132693285669594 -0.35003289812497046 0.5074582874208774 0.4734682184854182 1
931 1.147730215281289 -4.1539485824408295 3.1191054548518955 0.4279804067656789 0.47025245732635307 2
960 6.353792432706797 -4.707319189687026 0.27300846170522086 0.41226935318814645 0.39643104927197137 3
965 2.109476527351668 3.6657981108167093 2.693162145479505 0.563588986845012 0.6681797348660483 2
999 -2.9221948497152908 -2.011411208785545 -0.0 0.4177976596850008 0.40637930692509716 3
782 8.711985721384483 -0.30052206865297304 0.13815744373332314 0.5869696894708614 0.610658259620585 1
1085 2.432507569977168 6.758557364420151 0.2553414389286455 0.5931945124880208 0.5386382404356761 2
1095 2.4011335230380872 5.266400752128447 2.9391584815921186 0.49067345396695644 0.6990394153117179 2
1100 3.8506810272902365 3.1842724321058 2.5757132795381983 0.5916024502359283 0.5287395328573941 2
1139 4.168085441117459 3.681752154781231 2.5690747100474263 0.557310214675613 0.5211598871054721 2
1186 4.306763038258746 -4.546297097483549 0.29158935116590423 0.7228022439624182 0.8832043144063836 2
1196 -1.1284223845570363 -6.953801536027901 3.1039963534233292 0.4246158397117672 0.4843304643236865 3
1201 -1.8218615682350006 -6.987891051856942 -2.963593921069781 0.4361189766420451 0.4383069150508008 3
1226 1.0230859131730015 6.48339323809744 -0.0 0.604315177297957 0.5223306853963794 2
1268 0.7873214785533195 7.60436313638408 -3.135269041014541 0.5387838224265682 0.5379796370840986 0
1273 -0.5983268784522378 -6.957680291492738 -3.139859015409815 0.5104163644807463 0.44814883517044 3
1278 1.2716893364380986 -7.38167273402468 2.9258385821851642 0.5320658189535584 0.7719386579226252 2
1301 -2.869216396404485 -7.249740086630509 -2.7183346948652103 0.5094215926051221 0.4571828292211218 2
1306 -7.2379137365043125 -5.863331197870407 1.8834742074783968 0.5223552631546581 0.49257737061849693 3
1327 8.798503280628223 0.3043217455445908 0.1466357746455518 0.5685506641882285 0.5163432659182096 1
1333 6.526529145082058 -2.079448023714704 1.626026797130859 0.5540546622215643 0.7711024658958322 2
1338 -2.1822306502292794 7.317839820081515 -3.141592653589793 0.5327168553814301 0.5012021337999576 2
1353 -6.6926890447963086 6.479731234246441 -0.29945764319702367 0.3821086616943901 0.37049765076346336 2
1358 5.41740170800988 7.80641990752108 -3.141592653589793 0.4971341866422728 0.4822491262198069 0
1370 -0.4007382115700471 -1.9973437763767132 0.10932662391449238 0.6176209806790205 0.476891133625946 1
1387 -2.9664147370449157 6.170412836213893 -0.5586210037703678 0.6511865106064814 0.6310464433371382 2
1415 -5.47782716814526 5.6260922389685435 -0.2867555878039362 0.4456006705405395 0.507133871362007 2
1420 -5.2365234121533355 6.039833986008968 -0.2741519276980774 0.49657977121312935 0.49923887766919217 2
1432 -3.5581769280405826 1.8968236515782517 0.30417082728507483 0.6395742405753926 0.4691264714967501 2
1437 -3.3110724310486463 1.3085375696382442 -0.0 0.5778144924382891 0.5779768458085193 2
1442 1.554961037117998 4.8608634199024054 -0.6452497327888523 0.546353198689012 0.6001973676618546 2
1447 8.67665474050426 -2.548556799120294 -3.141592653589793 0.5797108269024112 0.6909773919567066 2
1467 -2.3124195121196007 -2.5529383008079476 0.13880439358572788 0.6478611925572054 0.4835167910409023 2
1487 -4.296125678213972 6.574185990923279 -0.5399497549595769 0.7182804322332429 0.4907622215881406 2
1492 -5.722801830380043 7.975605284196033 -0.879586693311768 0.42688365951532975 0.5196524805285455 3
1497 -6.154858631275573 7.762325916672841 -0.9130211004182531 0.4269622334373027 0.47993812553403603 0
1518 -5.478622174677197 7.079185775017335 -0.5824186977671543 0.5899494757726828 0.36157062491592434 2
1523 -9.5366560857885 2.7189820625891614 -0.0 0.6039393170226756 0.509197716896377 2
1545 10.162278521723907 -4.566787837614907 -3.141592653589793 0.5749255790300963 0.6545214440506466 2
1550 -5.358959441364862 -4.367951907805683 0.0819477591367199 0.474314844144592 0.4364180987542078 3
1555 0.8218555108333381 7.0509251635175705 -0.0 0.4752975768307156 0.4867153710221748 0
1560 -1.3022793565402 7.630488624366201 -3.141592653589793 0.4492146381116761 0.42430351769886837 3
1581 -5.0738514949848135 6.689418599740538 -0.48490202689203 0.39988658788618203 0.42608646687785395 3
1586 10.27716195104577 -3.9261899669485034 -3.141592653589793 0.5524828175789359 0.611626451693153 2
1592 -8.487733254035767 -7.754792975829497 -1.7569270561885 0.5070517025310578 0.40525764100759953 3
1597 -9.149722840588707 -6.901741773353227 -1.8450242563306838 0.4286024016109681 0.4937686361794815 2
1602 -4.898069907063035 -9.182281003233323 -1.82657454314433 0.5128861274553983 0.4452901077270508 2
