0 -1.6958729836162243 -0.3804270361596591 -0.0 0.23795839133448468 0.31160837295645555 1
5 -2.0558627683650723 -1.4282475938939863 0.007438013690177986 0.39859615020099126 0.4914941102832003 1
10 -1.971883927421142 -3.4481163658090153 -2.9640954521668523 0.36135513872269637 0.39168604517457756 0
15 -1.4503859971383974 -2.9234215908466017 -2.903362106278812 0.4495036395971695 0.46575807600245706 2
25 -3.153807554554472 -3.6311139885360384 -3.009280214059454 0.5946129022768837 0.6149777557440692 2
36 -5.224297677544675 -7.344620392146944 -2.786463458748522 0.48163394055977926 0.5713971682850784 2
51 -5.135880991320011 -3.6727789644421938 3.120251086351481 0.43723919510629355 0.4477837120213176 0
72 -5.7584978089901915 -8.848894685371476 -1.9282738631924958 0.47179440012881907 0.5004806879054983 0
124 -0.15171278826250978 -8.352742242574262 -2.5048802750035324 0.6034644931444155 0.5024680428272071 0
154 10.746658450610422 -1.5035401821876118 0.07559665414175712 0.5328372699566097 0.6293093280855062 2
159 9.364565992413153 -4.915567474843866 -0.02629763231075317 0.6528652393569986 0.5736200548263923 2
164 7.571042203085667 -4.352305539057825 0.2659255866783017 0.4534156405472234 0.5736840589939131 2
179 -5.714823959856877 -8.024246157719324 -2.8015308998013784 0.4163152297126883 0.4894217610483439 0
194 8.602676652284512 -6.00159969314833 -0.04611839431848611 0.47368279366739324 0.7629343758599045 2
214 -0.668721967129964 -7.652505779347247 -2.689369790036918 0.5341309843840389 0.5155437068514016 2
229 -1.5942952503562888 4.159481750936989 3.0456935180786426 0.5903660632585592 0.5930447015152557 1
239 -2.524132935784129 4.952704474547044 2.7215593953208934 0.5755713317549004 0.6198055259434062 2
245 -3.2589826296445836 4.740642972888364 2.7697677837155754 0.4108881460622821 0.43327382657606855 2
251 -8.922536162078098 3.4594800449370746 2.772729528579782 0.6238430804433265 0.5576274638667278 2
256 -7.0988672451302035 -8.369672340075478 -2.4779698092047084 0.5196998692788044 0.5290725764197841 0
262 -7.219071747090461 4.640407543506203 2.5394995186996687 0.5234153590242104 0.5383733835136415 3
267 -6.482284985225798 5.49116850509342 2.554847285566491 0.5371333930757254 0.6052498682430396 2
282 5.825104632212011 5.513450380235295 -0.47499908690985104 0.5952533456548745 0.591048704152918 2
292 -5.8326965872376615 9.690147419729838 2.4891399874195743 0.6012055827719951 0.6651089921864859 2
313 2.105644930530056 1.0482108255717502 1.0412639636802314 0.47584891376815 0.46734964812485885 2
319 2.2220430994085403 1.5074923238373403 -0.490665672215193 0.45083202204574985 0.5613818635454871 2
400 3.2166955474706183 4.3461127726878175 0.21889782008950853 0.49380831786533774 0.5880562123708691 2
410 3.6553358179799758 2.8715249216347085 0.22382779861538732 0.5225870961291514 0.5383592606583363 2
415 4.493222404015963 1.819027747865346 -0.4497677979832028 0.6640315343847615 0.66646576199827 2
420 5.256471570486168 2.3197005688030905 -0.4453697425136522 0.47707355001431284 0.5823974201408958 0
425 -6.636691381850241 1.6744197235483913 -0.03913165603283985 0.33327754423149253 0.385288721000657 3
430 10.063771320242232 3.458374281689769 -0.06003849075206408 0.6738415023305926 0.5297670097440887 0
435 3.1927955300314785 4.8834337155718925 0.20467810983854284 0.5225157627383141 0.6195517400037142 2
522 -1.1217447120331958 -4.414202559275055 -2.9767340313542023 0.41410904318296243 0.6291478045622573 2
527 -1.1214001711711399 -3.8372937825433624 -3.00935125437491 0.5431137414951043 0.6103684882126694 2
542 -5.4975823273681 -6.904330203263864 -2.7412435221791416 0.47169550578785036 0.5488614237458584 2
552 -4.953874788248265 -3.0953405997883983 -3.111922042941039 0.396401005171609 0.47032335424041155 3
562 0.5889272083918529 10.675297991037507 2.99928857302342 0.5066147096035227 0.5401834345635775 3
582 8.08733328974232 6.529268711517361 -3.141592653589793 0.46642650651889894 0.49326628147850493 0
234 -1.8459136003667798 5.242571526983341 2.6927186642118066 0.4289842546971709 0.5001377807620524 2
591 -6.106442033194931 3.039873900414068 3.133039874526323 0.5108899161984604 0.5997471168393654 2
596 -8.716682821761054 3.986229458812102 2.7805604409188995 0.4565902522669362 0.4843465064876147 2
637 3.7548097806945693 5.84085958685788 -1.5263766519615554 0.4112333299689927 0.46394318367012705 0
681 -2.717337473405478 -6.290231927316673 -2.820430751102834 0.5807621960312048 0.615888131781849 2
715 -6.824882647194638 5.025899069170711 2.5599292502836963 0.5178095287018052 0.49955552083738564 0
721 -1.4785648214385092 -4.854977516751978 -2.9714930778632462 0.4523766323096837 0.46301286194410307 3
752 2.3535035610088153 0.014176393090452044 -0.23002207495779475 0.7000321418763622 0.5183056914463781 1
807 1.4984189540699224 5.013778627032123 -0.29047532448732694 0.4916111968487579 0.6790898704569058 2
812 1.4038780104275732 4.3916089228276425 -0.27434393335264373 0.5506551264592242 0.6475062142158908 2
817 7.21535588185677 -5.733193935540158 0.03718074251551927 0.5774438322406075 0.5616533871115194 2
860 -0.9880351394766004 -8.42570487605377 -3.141592653589793 0.4142090056319045 0.4644284859829271 2
900 -0.12396856567210623 -3.6569303414577323 3.11871970045969 0.567307387314209 0.6071399379066486 1
926 1.2851668218942325 0.501423230349374 -0.35003289812497046 0.5551002554865616 0.4734682184854182 1
931 -0.021114557092271946 -4.208297672085532 3.1191054548518955 0.4279804067656789 0.47025245732635307 2
960 7.822709698108683 -4.7473800628551395 0.27300846170522086 0.3547796961932307 0.4439010770598947 3
965 0.5385020466723612 3.4970305216957227 3.138108772644031 0.563588986845012 0.7788294574705243 1
999 -2.9221948497152908 -2.011411208785545 -0.0 0.4177976596850008 0.40637930692509716 3
782 10.333205399811318 -0.0711581428371153 -6.955663723190977e-05 0.5869696894708614 0.5313541076257261 0
1085 4.370279504025728 7.329032856820042 0.2553414389286455 0.5931945124880208 0.5386382404356761 0
1095 1.2965386533712258 5.720365593756295 2.9391584815921186 0.49067345396695644 0.4911257284719292 3
1100 2.9126253581317485 3.3728136881900217 2.853466737246136 0.6294960456249087 0.6444737732968915 2
1139 3.185033628929601 3.829174467559562 2.8459993023046857 0.336675140225487 0.5866459401557165 3
1186 5.831087049227744 -3.700228724823615 0.29158935116590423 0.6003939482009102 0.6397997304803331 2
1196 -3.5317204921180725 -8.50414024894835 -2.7124085140954444 0.5018655587871585 0.4843304643236865 3
1201 -3.3412314893718813 -7.112945852027161 -2.605373783474106 0.49741178955505616 0.4383069150508008 3
1226 2.584112443038409 6.8007227827939625 0.14145029292555414 0.604315177297957 0.5586813290185931 2
1268 -1.7607104533282174 7.939392603375133 -3.135269041014541 0.5387838224265682 0.5379796370840986 3
1273 -2.609045430032098 -7.3861720602789775 -2.8148444963529586 0.5104163644807463 0.41423245941133346 2
1278 -0.2994397572134908 -6.716833785753016 2.9258385821851642 0.5320658189535584 0.49684564668912823 0
1301 -4.4550648956200165 -7.9565933077260915 -2.7183346948652103 0.43607602217787267 0.42676732353914937 3
1306 -7.203250573041848 -5.97320835456511 1.8779803822205072 0.5223552631546581 0.8056740724150125 2
1327 10.417505153421255 0.6315602687540572 0.08882973013849066 0.5685506641882285 0.5163432659182096 0
1333 5.664788087552062 -0.5544766534058927 1.8136400418729786 0.5540546622215643 0.4326425312852528 2
1338 -3.6010295925017797 7.704258692486073 2.7649755343766245 0.5327168553814301 0.5012021337999576 3
1353 -6.095443823759454 6.399798682526911 -0.29945764319702367 0.7759314755385724 0.4020665424737494 2
1358 3.5967965589794133 7.918267927122729 2.2800559091178103 0.4971341866422728 0.4822491262198069 0
1370 1.0088473742830586 -2.0455539850441915 0.10932662391449238 0.5441107318660502 0.5397645868355768 1
1387 -1.10454887834526 5.591038527359115 -0.48213216785859864 0.7094407004744863 0.6451863593306252 2
1415 -4.292972295782314 5.794349279784416 -0.2867555878039362 0.4456006705405395 0.520208879617577 2
1420 -4.005121955229221 6.200768202383609 -0.3350274060294418 0.44549910116108843 0.48669025259485077 2
1432 -2.4212036888275605 1.8706533714426694 -0.005713840199167915 0.5766883791775926 0.492493933265467 1
1437 -2.255820876461057 1.3037076417406916 -0.016669349186977274 0.5089326936230282 0.4917114908545566 1
1442 2.530415437063056 4.6170423060528325 0.10921430988414006 0.546353198689012 0.4195716738478518 0
1447 6.972878899991867 -2.7286518889422795 -3.141592653589793 0.5797108269024112 0.6163747198682217 2
1467 -1.2377928282355468 -2.1745878389164535 0.3385232276555439 0.6478611925572054 0.6361858086558351 1
1487 -2.7213300740884545 6.106675809701176 -0.24017901293494595 0.5012613229792353 0.4907622215881406 2
1492 -4.684272151469527 7.668710093999796 -0.5615336442331649 0.42688365951532975 0.4725170666108578 3
1497 -4.880066848621013 7.289365212578676 -0.5513045190274177 0.4269622334373027 0.47993812553403603 3
1518 -3.9447818920363367 6.712126843620968 -0.45507449030385266 0.36023260432271853 0.34747227867579694 3
1523 -8.155265903944702 2.513127719199818 -0.0 0.6640744030364881 0.5073191157880437 2
1545 9.030432899248298 -4.105772870721836 -3.141592653589793 0.5749255790300963 0.6221236079191537 2
1550 -4.390668147846707 -4.450948437452284 -0.13095495803743146 0.474314844144592 0.6399953405370898 2
1555 2.382740853923533 7.402418506056655 0.16023364418499433 0.4752975768307156 0.4867153710221748 0
1560 -2.4032087622318823 7.673092285457258 2.6928469183801265 0.4492146381116761 0.42430351769886837 0
1581 -3.5402644868180717 6.5524240892436945 -0.3882748541767144 0.39988658788618203 0.42608646687785395 0
1586 9.202152314988806 -3.4847777569573766 -3.141592653589793 0.5524828175789359 0.45997494115259574 3
1602 -5.29811747142072 -9.351788467701972 -1.82657454314433 0.5128861274553983 0.5791212360010964 0
1620 -1.805440389155225 7.0859120784006135 -3.141592653589793 0.5843930626062029 0.4500962090182534 2
1625 -5.0873282606801515 -5.2722878596856635 0.12739390661088437 0.46000326395095237 0.47043651527315133 2
1641 11.44433704731084 -2.333508929846324 -3.141592653589793 0.4565239467599613 0.530687615307487 2
1646 -7.822493300113889 -6.468366198919367 -0.0 0.4662648071141522 0.5284992690344675 3
1651 -7.831463844912261 -7.173954497969963 -0.0 0.6022132752108766 0.46963887144565847 2
1656 -5.856255700174237 -4.91692068101821 -2.6170395072601087 0.4340732379288981 0.4061398696899414 2
1674 -6.469892822468312 8.243457563817572 -0.45864128969733664 0.5162571944075024 0.3595108736213413 2
1679 11.336249828338623 -2.7467809695779772 -3.141592653589793 0.3470503524401725 0.3559003067016602 2
1684 11.167670410244432 1.5741284504145487 -3.141592653589793 0.5088762030134077 0.4627883140640173 2
1689 11.33980990478833 -3.4880621717821816 -3.141592653589793 0.5163107510004528 0.4276094354825949 2
1695 11.37625717563301 -4.004283494934076 -3.141592653589793 0.4486760571493599 0.4835349193703168 2
