0 -1.6958729836162243 -0.3804270361596591 -0.0 0.23795839133448468 0.31160837295645555 1
5 -2.0558627683650723 -1.4282475938939863 0.007438013690177986 0.39859615020099126 0.4914941102832003 1
10 1.4660150229627256 -2.9139925219918643 -2.9640954521668523 0.3908585265019022 0.41756614440176204 2
15 1.3511994246084715 -2.440560821050073 -2.903362106278812 0.49960772914107443 0.815772218535372 1
25 -0.39833415264951794 -3.333097562286467 -3.009280214059454 0.5517163276310515 0.5827755816771557 1
36 -2.1221030752457555 -6.049856100381295 -2.786463458748522 0.43974580775318056 0.5432277473574308 2
51 -2.62645480367368 -4.338513095635892 -2.811964356272273 0.40367753780329496 0.4477837120213176 2
67 -4.846261804952289 -8.091537141179241 -2.745386336039275 0.5344443208563966 0.4715907329217606 2
72 -3.1307346832853646 -8.13413307628288 2.929121297710413 0.47179440012881907 0.5004806879054983 0
88 -11.117964285824968 4.333772577944711 2.8740537197808753 0.5285217948545071 0.5484566238614419 0
94 9.23890103399242 -5.848424566075665 -0.03570831291599446 0.5772233202046062 0.6489387522382749 2
99 -7.573962801213725 -3.578851999346413 3.13258229776667 0.48404700840797754 0.4631854701444483 0
104 -7.605163028733016 -4.157849597001686 -3.1342620540195014 0.4940381384872145 0.5038715360218311 0
124 0.21852770126163348 -7.934886409481062 -2.5048802750035324 0.5414210845159277 0.5024680428272071 3
129 -5.386620746647785 -4.661773177680574 -2.7983017198827205 0.5286668205789933 0.4211907426348054 2
134 -5.33673725852654 -5.518090479463967 -2.784501493496899 0.594482609116777 0.6298482993216267 3
154 7.288399658164095 -1.0532596247377508 0.29280696322524863 0.5328372699566097 0.6324678778740555 2
159 5.532300222204767 -4.669092956320539 0.19792306950946412 0.5079651241166556 0.6985167098913442 2
164 3.456953621581878 -4.686038234170473 0.2659255866783017 0.4116721668265648 0.37729035926036647 3
174 5.763517596759103 -6.105954466007452 -0.8860813231453959 0.4008631751886536 0.4353133880173579 2
179 -3.7683051342825804 -8.679916876374046 -3.0317861756522633 0.5220357957701636 0.6133020767500958 2
189 8.156514925823798 -5.770235768552183 -0.06524987981946054 0.6780223637944601 0.4685297391837065 2
194 5.9648173476530175 -5.177911693844611 0.17935215482614705 0.47368279366739324 0.46217313292313456 0
214 -0.6221316371716741 -7.716393169917507 -2.8217677613865355 0.6879075080310219 0.48803473475703163 3
229 1.3020901659796755 3.7145428988496425 3.0103924913954745 0.5491457320387173 0.5559014726894947 2
239 0.05430285936911758 3.8177344365641748 2.946803545047127 0.6693949720796423 0.5835426132983592 2
245 -0.5864614987912649 3.3712300393695505 2.9823171187300987 0.3724057896545198 0.40199411103432264 2
251 -4.494374899681663 2.7890503329793264 2.82823595247632 0.4615292672883008 0.5107794927071145 3
256 -4.194362091843043 -5.7090548198477835 -2.4779698092047084 0.6088162833068328 0.5290725764197841 3
262 -4.471520996054135 4.097843518908173 2.718502243327295 0.4863189315962158 0.5353184051265393 2
267 -3.902165148997095 4.888613701976396 2.756820822576713 0.4791314216947471 0.5598181948211736 3
282 3.998743211403275 5.409002520784106 0.1878850083516065 0.48645006230564575 0.591048704152918 3
292 -2.901704917130558 7.924257810581529 -3.078074187539945 0.6012055827719951 0.6058395852339705 2
313 2.1825311475896085 1.0603467882214432 1.0412639636802314 0.43871849419753844 0.565072055277256 1
319 2.0809587935471363 1.5359065610843055 -0.490665672215193 0.44357613833966947 0.5515153259894356 1
330 -8.540138894599494 5.629736653131807 2.708374635765869 0.4437649995608644 0.5173393448991359 0
335 -8.91706727906301 4.194260189211604 2.9495784137500367 0.6278787795833951 0.5084266854618313 2
350 -10.259554137874948 4.216280385226294 2.8617172013854812 0.6777005856628252 0.49421487833777017 2
355 11.370810928379914 2.8490182198641127 -0.037263696383026804 0.5693475963204914 0.5830136951776445 2
360 11.254434143260738 3.478368576969336 -0.05290702281514676 0.5372368063047427 0.4426250489635039 3
365 -9.657195755789058 5.840327807172817 2.6199182754580272 0.38716398563035487 0.4096845214663302 0
385 8.401656434518467 3.335761896566738 -0.0882556046941041 0.5720721929288081 0.5652076472300915 3
400 1.7789708575698824 4.51711870665543 -0.21369523689352937 0.43504634683771115 0.5093089016504713 2
410 0.6600012110491689 2.7110571401044767 0.45393182943189764 0.6634123695227215 0.5410641510936943 1
415 1.4786134977903143 2.2145082222509442 0.4396633153032349 0.790640697166946 0.7078346771539223 1
420 2.138302839652219 2.491825472635304 -0.06572061784128988 0.47707355001431284 0.4796230938053114 3
425 -7.109358689250899 1.748785072078604 -0.03913165603283985 0.33327754423149253 0.385288721000657 3
430 5.875656820179103 4.05725274653887 -0.23511604275015946 0.7168825664139608 0.5297670097440887 2
435 1.4577708764572677 5.10792599953287 -0.3031869793833699 0.46716524321642616 0.5233007936221773 3
440 8.352775142611465 4.070345107741483 -0.055218673330283935 0.535704848417034 0.562737826487397 3
522 2.1410558372651125 -3.7874060860820578 -3.1265956685242076 0.48608075072279827 0.4557056710028551 2
527 2.372698062191335 -3.170524147036682 -2.9169359664616366 0.5091169520809224 0.5615021268965336 2
532 -4.073148222687891 -3.3471701023566975 -2.7654434507911967 0.5538725895467077 0.48157986376099166 2
542 -2.4735380244971004 -5.653662585917783 -2.7412435221791416 0.4804780984605667 0.5488614237458584 2
552 -2.4293871314319193 -3.7603184533146377 -2.781688724856977 0.6538240705692999 0.5639826845724537 1
562 0.5889272083918529 10.675297991037507 2.99928857302342 0.5066147096035227 0.5401834345635775 3
582 8.08733328974232 6.529268711517361 -3.141592653589793 0.46642650651889894 0.49326628147850493 2
234 0.4063750655003804 4.3640130427690496 2.868063751071889 0.475450510181611 0.5220801149815767 2
591 -2.3839186737388465 3.3016939966114207 3.079442824292453 0.5403820872573756 0.6652807396584915 2
596 -4.70357954672233 3.4135990524068713 2.7805604409188995 0.4669832568421606 0.5110787226217325 2
601 1.642573027928804 9.232388827496155 1.5708467714330416 0.5462436321237206 0.408256493210442 0
637 3.753058907241257 5.880250279259787 -1.5263766519615554 0.4112333299689927 0.3867557714136062 0
681 0.3287481920573196 -4.879707102303679 -2.925810509373524 0.5217723732517608 0.6965482606619567 2
715 -4.035044850165406 4.457562031778465 2.660533359277002 0.33714913782113004 0.5838517464458768 2
721 2.0515189252118273 -4.265931153163748 -3.096343298192088 0.4523766323096837 0.57859785577977 2
752 -1.387129561316397 1.3683594927453187 -0.23002207495779475 0.6546761733198331 0.5183056914463781 1
757 -5.616801609256542 8.833615839547488 2.362153323765141 0.4984565183689374 0.5618031818761433 2
762 -8.722677517970538 5.093148016214106 2.6679129072238634 0.4187413096612309 0.48937243066454256 0
772 -8.449916156635231 -1.291246691418885 2.6605976617173455 0.39539076633319675 0.474716898085136 0
777 -8.97752776816591 -1.7656348035005154 2.6783717992832052 0.44020910974927435 0.45327505418943415 0
807 -1.4796245881430787 5.65672352670894 -0.23401620798357586 0.47456329038817346 0.4203403302459191 2
812 -1.633010158114176 5.079016311863994 -0.14752616016424241 0.5732352136732134 0.7182677323870431 2
817 4.71732078863126 -5.46419591699567 -0.05932467621793114 0.4874995859444882 0.48335989838044296 0
860 -1.0043794103487431 -8.42570487605377 -3.141592653589793 0.4142090056319045 0.4644284859829271 3
890 -4.559925553298006 8.867696200515391 2.5119608388852326 0.6644957055033324 0.5568664636042006 2
895 2.641114797833993 -9.609872971169558 -1.8208457574818728 0.5319497239589493 0.5130932526752984 0
900 3.2397726424071087 -3.8140721277997476 3.11871970045969 0.5273104137414082 0.49286946863832043 2
926 -2.5458311786573193 1.5492967481800828 -0.31061622639601166 0.5074582874208774 0.4656218927535066 2
931 3.041990908593997 -4.302006934228237 3.032588180870195 0.33167520670463646 0.4643939045148182 0
960 3.1538162676703525 -5.135576569893634 0.27300846170522086 0.46831684920477495 0.4362800361968019 0
965 4.4095777638333775 2.671373543817304 2.693162145479505 0.6501189031413401 0.6408095890825518 2
999 -2.996916425706422 -2.011411208785545 -0.0 0.4177976596850008 0.40637930692509716 3
782 5.9524719821134315 -0.8499103150711033 0.11693821077325711 0.5408863855272288 0.5401950470574531 1
1085 -0.3650746592741015 6.409258162048662 -0.20845587487625683 0.5400218603337005 0.5493328333015975 2
1095 4.879687893103489 4.889796928864549 -2.882792353372447 0.6103140189686468 0.6579984370580655 2
1100 6.0859966143242135 2.357088005174091 2.8533450675930383 0.6307956332090008 0.47118849639542065 2
1139 6.312400452157793 2.893950075063742 2.9414310319257484 0.46537374341647253 0.44203912173129456 2
1155 -7.956526997628088 -2.537833829471495 2.36667913684637 0.4631188934214627 0.47289528058647046 0
1181 -5.261485668820186 9.188014112038719 2.289805347306299 0.46544980588253954 0.5216758080929197 2
1186 1.1719722203478082 -5.6121412857152 0.29158935116590423 0.47876968310733004 0.6734960286352123 2
1191 -10.267622351686288 -1.0899367338620625 -3.141592653589793 0.44283259963782406 0.6067701681875559 0
1196 0.6877643804366094 -7.510159684027694 2.534819039245685 0.4246158397117672 0.4843304643236865 0
1201 0.1174152481562558 -7.227495943255181 2.6458555734522067 0.42975978824880606 0.4205271006184948 3
1226 -2.1791725606213386 6.266052589830562 -0.0 0.4522473180983401 0.4682457223195643 3
1268 3.5397806666363065 7.080572061994104 -2.9455086956120473 0.5387838224265682 0.5379796370840986 0
1273 1.9794002189008217 -7.911386888712847 3.0235825728525434 0.45451180012341225 0.47803581548185314 2
1278 3.9603695690006555 -7.929786032060704 2.9258385821851642 0.4926218636255017 0.6162020939524241 3
1301 -0.28875319317472536 -6.586359989510574 -2.8652991527447154 0.539283516516937 0.49886703838525015 2
1306 -7.302508211216742 -5.874637842659232 1.8834742074783968 0.3950786899516113 0.4032343505562933 3
1327 6.088628941774762 -0.23409240680429141 0.1466357746455518 0.5398543443686383 0.5404836116181291 1
1333 6.850831408332131 -5.290228265029488 1.626026797130859 0.4587991247715662 0.7732321946504445 2
1338 0.19906795091575447 7.198867550685081 -3.141592653589793 0.5327168553814301 0.4665719726485493 3
1353 -7.727288922562154 7.144516490192916 -0.29945764319702367 0.5149642028123658 0.4764869380221255 0
1358 6.786231264605658 7.739611642997343 -3.141592653589793 0.4971341866422728 0.4822491262198069 2
1370 -2.520859028513885 -2.4759996705731795 -0.0 0.6405019833385128 0.5387304620681517 2
1387 -5.739160780551073 7.466765361817419 -0.45305401949768304 0.5389962887092238 0.489329833984375 3
1392 3.254912832737004 7.786063620265088 0.7006188181003306 0.47341725297171455 0.4172224071057766 0
1404 -7.362174154043433 -4.761057236024015 -3.141592653589793 0.35130111839928274 0.39529383189943107 0
1415 -7.508185769087406 5.788571608660187 -0.3803262756099646 0.4456006705405395 0.4401853202893389 2
1420 -7.347912694797092 6.180442679880037 -0.2741519276980774 0.396765386968652 0.42283003378868833 2
