0 -1.6958729836162243 -0.3804270361596591 -0.0 0.23795839133448468 0.31160837295645555 1
5 -2.0558627683650723 -1.4282475938939863 0.007438013690177986 0.39859615020099126 0.4914941102832003 1
10 3.005398839018725 -2.860077739647892 -2.9640954521668523 0.43939557976875154 0.4988676812618126 2
15 2.9732077878269934 -2.3206814777247438 -2.903362106278812 0.5382766989865774 0.5253839404839884 1
25 1.133966497991671 -3.1945561959264115 -3.009280214059454 0.5517163276310515 0.5463565135044653 1
36 -0.6714243676704144 -5.15737927168069 -2.786463458748522 0.4668687792100868 0.4896421331024521 2
51 -1.552865874293477 -4.279911356124146 -2.811964356272273 0.5368557231964118 0.4477837120213176 1
67 -3.3204146955925755 -7.437957356512086 3.117356445397719 0.5344443208563966 0.5887212949574666 2
72 -2.0620100548235296 -8.772991662649087 -3.120346856704308 0.47179440012881907 0.5004806879054983 0
82 11.983962511257975 -0.6258241778105138 -0.2338827107365626 0.6245226747841058 0.7286692025439266 2
88 -9.312190022459049 3.288857220520651 2.9772334810525023 0.6253816355685515 0.7074330713247265 2
94 7.657085844032054 -5.810884511224044 -0.03570831291599458 0.46210618618608806 0.500858416202908 0
99 -5.546774955306761 -3.5001094800954293 3.0990583465218466 0.48404700840797754 0.4631854701444483 0
104 -5.814131690753079 -4.010141069886213 -3.1342620540195014 0.4940381384872145 0.5038715360218311 0
114 9.491275634030567 -5.904777894253912 0.046174376234214894 0.5470078060679773 0.6660405178186468 2
124 0.21852770126163348 -7.934886409481062 -2.5048802750035324 0.5414210845159277 0.5024680428272071 2
129 -5.842042823533324 -4.543315107629805 -2.7983017198827205 0.5286668205789933 0.4211907426348054 2
134 -5.391812652472075 -5.484581615862613 -2.784501493496899 0.6752938474616026 0.7156401625280884 2
154 5.794030441576581 -0.7269300451269634 0.29280696322524863 0.5328372699566097 0.5592944827240267 2
159 3.825148026432456 -5.06392580346045 -0.10295803669163964 0.5563628876439695 0.7356888976221408 2
164 2.1251794526513854 -4.696818830117142 0.2659255866783017 0.38604684460058875 0.5579044421930222 0
174 4.2116664717621415 -5.995054625923866 0.21031040715107707 0.4008631751886536 0.4353133880173579 0
179 -3.7548075497610625 -8.678428768408509 -3.0317861756522633 0.5220357957701636 0.5132169640484724 2
189 6.6916249628600655 -6.359713655564905 -0.06524987981946054 0.5988526771921537 0.5863417572863134 3
194 4.708433659982809 -5.602571075852606 0.17935215482614705 0.47368279366739324 0.46217313292313456 2
214 -0.6009638092233989 -7.755648814329325 -2.765330605513246 0.5999364492328045 0.48803473475703163 2
229 2.7417000115029344 3.568691598361 3.0103924913954754 0.688660367381621 0.5559014726894947 2
239 1.467760727496448 3.495685355953931 2.946803545047127 0.6693949720796423 0.5835426132983592 2
245 0.9334786333986276 2.9182612161855594 2.9823171187300987 0.3724057896545198 0.40199411103432264 2
251 -2.4725827525982296 2.8136104851489248 2.82823595247632 0.7743082182175319 0.5109582587442124 2
256 -3.008096038430039 -4.563862544916178 -2.4779698092047084 0.6088162833068328 0.5294201969725668 2
262 -3.27403944379874 4.075386225168615 2.8422716441932274 0.506154424955708 0.46445265766311455 3
267 -2.629046254322516 4.7135609606385716 2.8570727565567102 0.5461625902449915 0.5716617253722063 2
282 3.884210283980752 5.387226660783493 0.1878850083516065 0.48645006230564575 0.591048704152918 2
292 -1.1468218671323156 7.820739576090463 -3.078074187539945 0.6012055827719951 0.5354777440133139 2
313 2.1825311475896085 1.0603467882214432 1.0412639636802314 0.43871849419753844 0.565072055277256 1
319 2.096473838542966 1.5276177490132066 -0.490665672215193 0.44357613833966947 0.5167259433678365 1
325 -11.266987915307746 3.0478942397470687 2.8514065344240507 0.5001143819162401 0.45368285098140826 2
330 -6.946807135122279 5.283639594207383 2.925244748924704 0.5972110083946097 0.5907310378321566 3
335 -7.229982809890719 4.189279749657473 2.9495784137500367 0.44154134652966504 0.5084266854618313 3
340 -10.724756832611515 1.4309285790636606 3.048966335654235 0.42358044818784457 0.4088188461020564 0
345 -10.85605015562918 0.9248655353292945 3.0770774834318093 0.3910141201842183 0.4933714186925395 0
350 -8.747301096719964 4.214422446748478 2.8617172013854812 0.48115365355724693 0.49421487833777017 2
355 9.59056628700196 3.136937253018754 -0.037263696383026804 0.6062355350188346 0.650799931661009 2
360 9.794664502351145 3.789673381099235 -0.05290702281514676 0.5956031600212344 0.6602198611628549 2
365 -8.256599630075614 5.17151453927829 2.935402577146189 0.38716398563035487 0.4096845214663302 0
370 -6.305791792348051 10.0577123903001 2.509337245931329 0.43558308413645813 0.46946920703143497 0
375 -10.330628501093376 5.324670219538106 2.850414302112758 0.4695439902090479 0.43450434188979664 0
385 6.198220744026425 3.763944060895317 -0.14299304801187795 0.5720721929288081 0.5652076472300915 3
400 0.5202222420203073 4.881700382880976 -0.21369523689352937 0.48302542193256565 0.47163292999343076 0
410 -0.9290435468970243 1.9978711062080792 -0.15425295614496398 0.5891408344230735 0.5003465886475053 1
415 0.34168100985435407 1.586014200301048 -0.30807316704679427 0.6498205724857599 0.5360490596118112 1
420 0.5031507418681115 2.1731755747538792 -0.29691353254018166 0.4650003087239771 0.46772199182747454 0
425 -7.109358689250899 1.748785072078604 -0.03913165603283985 0.33327754423149253 0.385288721000657 3
430 4.036739929860527 4.297821627876353 -0.23511604275015946 0.7050694090160051 0.8123780488723398 2
435 0.46948722181634583 5.437738133293421 -0.3031869793833699 0.4506727499957052 0.5819613717421807 2
440 6.30173737975339 4.528949575292547 -0.16428025064925864 0.535704848417034 0.562737826487397 2
522 4.029798286446501 -3.486489270923453 3.1394440375206774 0.48016572227415133 0.4557056710028551 2
527 4.20942366894501 -2.753746211146211 -2.9169359664616366 0.5091169520809224 0.5615021268965336 2
532 -2.2096084413483714 -2.9385073992002737 3.1365104435885174 0.6168506249282733 0.48157986376099166 1
542 -0.9339547553541433 -4.766130471138757 -2.7412435221791416 0.44491429700455376 0.5859322486817752 1
552 -1.488093122960892 -3.7366998959215234 -2.781688724856977 0.5939910591647591 0.4930346406300728 2
562 0.5889272083918529 10.675297991037507 2.99928857302342 0.5066147096035227 0.5401834345635775 3
567 8.49634586907708 8.110627139166748 0.3123856905082235 0.6204984789685923 0.4614071625873981 0
572 8.743866024241713 7.439618213655993 0.36389040973484355 0.6549543259057872 0.4817978785771441 2
582 8.08733328974232 6.529268711517361 -3.141592653589793 0.46642650651889894 0.49326628147850493 2
234 1.6662622131325706 4.184025485573285 2.8680637510718894 0.475450510181611 0.6069185998404113 2
591 -0.769142493228864 3.5274518935889825 3.079442824292453 0.5403820872573756 0.6652807396584915 2
596 -2.8821783546537447 3.1176955822619346 2.7805604409188995 0.4448302449894561 0.4513474139867784 2
601 1.8789315175246937 8.287157519536414 1.5708467714330416 0.5462436321237206 0.408256493210442 2
637 3.753058907241257 5.880250279259787 -1.5263766519615554 0.4112333299689927 0.3867557714136062 2
681 1.9132791843477315 -4.10909222316233 -2.965247099750207 0.500884651546796 0.6030256710512952 2
710 -5.498263802001935 9.487418000246459 2.459279358563523 0.4502270354273339 0.4475054533086838 0
715 -2.724936938433566 4.084900394628324 2.8547016310699793 0.6401007399734088 0.5694884398081059 2
721 3.8120662037562467 -3.8951592368025625 -2.730466464218085 0.4308376792776857 0.48228374156076187 2
752 -3.0656650562194545 2.1443840403826844 -0.23002207495779475 0.6811530209278758 0.6185118146682339 2
757 -4.345085048041595 8.202493723599687 2.654479556723992 0.4984565183689374 0.5618031818761433 3
762 -6.994957995707268 4.745159703261875 2.9388028910722617 0.4187413096612309 0.48937243066454256 0
772 -7.055476871712214 -2.782846304462866 1.4200507244427447 0.39539076633319675 0.474716898085136 0
777 -7.488981496030151 -2.69117237704753 1.425577469539975 0.44020910974927435 0.45327505418943415 0
807 -3.1748385421123606 6.011582919748921 -0.09174437320304119 0.506640304533863 0.452454640586167 3
812 -3.2038016557948588 5.4055446135851675 0.00038251682435091864 0.5127269393792854 0.5389473395627019 3
817 3.1956304659109396 -5.244981427256418 0.33489181594117245 0.4874995859444882 0.5690834046855764 2
822 -5.019938763142072 -9.600245027405315 -2.2800123410634265 0.5999145951333983 0.4942817106414487 2
860 -0.8817973788076745 -8.42570487605377 -3.141592653589793 0.4142090056319045 0.4644284859829271 3
890 -3.3026911582084364 8.080956232685574 3.0629014594651953 0.5553560397039583 0.5568664636042006 3
895 3.1066443154943686 -7.2346498119864595 -2.1026385186978565 0.5319497239589493 0.5130932526752984 0
900 4.292384783543123 -4.1834582450570466 3.11871970045969 0.4125590789770659 0.49286946863832043 3
926 -4.368706544262709 2.30748578911376 -0.18068451059511392 0.5074582874208774 0.6350876727987416 2
931 4.166234819769983 -4.646291788142743 3.032588180870195 0.33167520670463646 0.4643939045148182 2
960 2.036632230659717 -5.264533037663251 0.27300846170522086 0.40871568577769785 0.43227418157704306 0
965 5.830651602021509 0.9867492564782392 2.7947872654869843 0.6501189031413401 0.6473090894859583 1
989 -10.495013417840699 -0.7890587270043032 -3.141592653589793 0.42898978537889 0.46190275653306706 0
994 -6.705722498021222 -8.324340991446594 -1.9395853362828461 0.5958265060196434 0.46916036448580367 2
999 -2.996916425706422 -2.011411208785545 -0.0 0.4177976596850008 0.40637930692509716 3
782 4.096153317549737 -1.3053433800037006 0.11693821077325703 0.5607168656976053 0.589116321367666 1
1085 -2.4829202798904104 6.803687344130917 -0.20845587487625675 0.6286385767085639 0.5103137216613245 2
1090 -5.001977327162837 10.07597232108503 2.3560464151984015 0.44454881540274893 0.5128887486317673 0
1095 6.844633544436723 5.115558481167675 -3.0948123484348735 0.41345238451138844 0.7014601850741207 2
1100 8.007557283377398 1.8560513326721373 -3.141592653589793 0.6307956332090008 0.4902471460969966 2
1106 10.881280151387552 4.343129020063961 -0.0 0.4682066184970754 0.4590644139599739 0
1139 8.25340358005903 2.4566641667240323 3.0852532985507106 0.517596305233481 0.5273239114952417 2
1145 -6.777556229301396 -9.412081327063643 -2.5621160574451216 0.4261169818858394 0.42014803251935556 0
1155 -7.002232643138271 -3.868294242763392 1.463678332073516 0.4631188934214627 0.47289528058647046 0
1181 -4.091049080182202 8.917253933662407 2.5982830601487596 0.46544980588253954 0.5216758080929197 0
1186 -0.9884758483264074 -5.974330925962015 0.4213660388762659 0.4393335477463766 0.46138254884139207 3
1191 -7.663834537561942 -1.0949097093707252 -3.141592653589793 0.44283259963782406 0.6067701681875559 0
1196 1.7965420763270896 -8.142241487855548 -2.9828853248668894 0.4246158397117672 0.4843304643236865 2
1201 1.7474946958116262 -7.719862752088995 -3.0109313813757765 0.42975978824880606 0.4205271006184948 2
1226 -4.385774399864601 6.119634310690008 -0.0 0.5888801783505269 0.5684712797551869 2
1268 4.913981726460224 7.254556063145949 -2.9455086956120473 0.5387838224265682 0.5379796370840986 2
1273 4.27613365587694 -8.289618913534143 -3.141592653589793 0.3995675467875878 0.5229500507993156 3
1278 5.7044473480406115 -8.052798770942621 2.9258385821851647 0.5974731763847337 0.6550397997408658 3
1301 1.7563329413914466 -6.2185530612760855 -3.1316438260735366 0.539283516516937 0.4507005121666955 2
1306 -7.206602007278316 -5.99290205232636 1.428073447779508 0.3950786899516113 0.5831990252825111 2
1327 4.228225656283931 -0.7091229681453012 0.14663577464555172 0.5450469358021546 0.5444501622166577 1
1333 7.054202987834181 -7.715307130399715 1.8488567572153363 0.3879841213324939 0.545454817610958 3
1338 2.459797750871527 7.111557012796781 -3.141592653589793 0.5327168553814301 0.4665719726485493 0
1353 -8.656907052725826 7.300176958216057 -0.29945764319702367 0.5149642028123658 0.4764869380221255 2
1358 7.783478704566583 7.8901443325079175 -3.141592653589793 0.5812194015137673 0.406171655240212 2
