0 -1.6542885017930944 -0.38578594096365465 -0.0 0.3798066332445369 0.39252090037865756 1
5 -2.0558627683650723 -1.4282475938939863 0.007438013690177986 0.39859615020099126 0.4914941102832003 1
10 -7.982586903046624 -3.810432836659331 -3.1363315856441103 0.40818302237157433 0.37878074610234164 0
15 -7.9195365742126596 -3.2449640976590883 3.117989910269101 0.4970479414372687 0.47293184416578865 0
124 -0.07204704437197917 -8.358521559070908 -2.5048802750035324 0.6034644931444155 0.4404203705573789 3
214 -1.394251459402461 -7.7966023696464966 -2.636088330757464 0.46000533900534657 0.41524418112457107 3
229 -7.007998825313433 5.089105674840883 2.8393721041164297 0.5413613320200418 0.4952877714570352 3
239 -6.7730900074796985 7.056363093120183 2.063937708512161 0.5755713317549004 0.6206753644779638 0
245 -7.504346715561965 7.321444874130947 2.081648943073473 0.40050468848990467 0.38349877755244016 0
313 4.833083233457516 -0.6975967107144827 -0.6141695972259746 0.5206803869202109 0.683216137985813 1
319 4.313427421339124 0.9614393095571441 -0.490665672215193 0.45249252213646185 0.5035651786937773 2
400 6.208149265097469 3.6319721277539823 -0.05382360844866886 0.5254444835087863 0.5345117428877899 2
410 10.34551145244355 4.016170723036115 0.22382779861538696 0.5694158199503575 0.5031176221522674 3
415 10.120597010147085 1.9249602776186727 -0.09475973914337646 0.6443101379856649 0.6412746595819293 2
420 10.322707008336755 2.996955826262798 0.007088767172981266 0.5155214238104457 0.5489422930330168 0
425 -6.657918385810991 1.666823966869175 -0.03614823330494233 0.3714904285324639 0.385288721000657 2
435 6.04093940120205 4.183825519777444 -0.09463347344211775 0.5404015541594207 0.5998995594583071 2
522 -5.309619800354961 -4.254689718151414 3.101566387728603 0.4364447571381116 0.7309350160735175 3
527 -5.152637630156882 -3.729559512702546 3.1020535307572707 0.5124755444379768 0.4392262229859356 3
562 0.5889272083918529 10.675297991037507 2.99928857302342 0.5066147096035227 0.5401834345635775 0
582 8.08733328974232 6.529268711517361 -3.141592653589793 0.46642650651889894 0.49326628147850493 0
234 -5.74243470337132 5.897868610271197 2.5180827051645904 0.5267256041859498 0.49200348490777124 3
591 -11.577020463801249 2.8776228749128547 3.133039874526323 0.5404998427538992 0.49056182737255705 2
637 3.7548097806945693 5.84085958685788 -1.5263766519615554 0.4112333299689927 0.46394318367012705 0
721 -7.480821332899723 -7.2680634785486244 -2.560832239342773 0.4523766323096837 0.4940094412173366 0
752 8.447122443365663 -0.5606584410357711 0.024071355979158028 0.5902392507879658 0.48727209936886257 2
807 6.363679598250361 2.6518900911021395 -0.40603700690450784 0.5000701703067596 0.4987021294885725 2
812 6.1221381409223685 2.226383749139928 -0.48243119966959136 0.4615345061973311 0.4531034348290905 3
860 -0.9716908686044579 -8.442691622327844 -3.141592653589793 0.5116373690410182 0.4644284859829271 2
900 -4.54649292307175 -2.955598361025979 3.11871970045969 0.45369236914609923 0.40267185486715107 3
926 8.223494352476768 0.3956291455405603 0.07725209105280764 0.4825867446105737 0.6571588829355517 2
931 -4.4328538648914835 -3.4603603314356404 3.1191054548518955 0.37619654703820943 0.5325030172351981 2
965 -6.339049137351494 2.8337252144556984 -3.102685682837566 0.5193177802852111 0.653056031850849 2
999 -2.996916425706422 -2.019713606117893 -0.0 0.4177976596850008 0.40637930692509716 3
1095 -4.5349695827376415 8.140353353506713 2.56662126613581 0.5056519885334176 0.5859392348341429 2
1100 -3.1325570097285977 3.3679108071271058 -3.125781953804996 0.5577792545992801 0.6322441236387795 2
1139 -2.932281558861289 4.026292401780853 -3.1149820037485667 0.6521849424149253 0.6553494936990086 2
1268 -6.2609951479833965 10.19467398655716 2.263813846675257 0.4237108797193917 0.4810383090912294 3
1278 -5.850528255531911 -8.809172972046493 -2.42994991827162 0.6095698680763598 0.5225134412542803 2
1333 -0.038976395377567266 3.8112642038782547 2.7438674001946373 0.5886753361000768 0.5392843092655205 1
1353 -3.684893612608973 6.13653641646241 -0.29945764319702367 0.5273240899525435 0.49576955409267837 2
1370 5.9048284985264985 -1.9763342091493143 -0.016706819596987714 0.5308428282461184 0.6207828448166922 1
1387 5.682185097146639 3.1154130019256137 -0.4941135230832251 0.48641838092613576 0.5750006416489635 3
1415 1.0163840478507136 5.948087883904593 -0.11969806812788512 0.41438116133820435 0.8925536011336601 2
1420 1.3399038140513304 6.6283981409112185 0.07938056078789069 0.4713609943843574 0.5230203863116971 2
1432 1.9378159104518968 1.1808088768587985 -0.16710560905849947 0.6755340694701099 0.4624384657003681 1
1437 1.870435597262507 0.5939371810907568 -0.22686754211363985 0.47485811851670107 0.48977474732198645 1
1442 5.985793606194266 6.190094738492714 0.3853546760651805 0.44641761535958835 0.4195716738478518 0
1447 -0.7523651898708305 -3.964191167696249 -2.9737017379058015 0.6277697822099995 0.6871926506042842 1
1467 3.129588476390937 -3.2744516960905603 -0.017575300029020538 0.6408792971278766 0.5348801520164237 1
1487 4.102151047210931 3.2613152955624396 -0.48083076564614474 0.6202661956640521 0.6132394723792426 2
1492 -0.5229215795623057 5.4309521203267455 -0.24244996155364307 0.49363795659725485 0.49971873164514763 2
1497 -0.7379827006789796 4.935077645361047 -0.2253955305297002 0.5278411134482759 0.5895007063392506 2
1518 2.5523842930543235 5.1412325812323605 -0.22797141145783786 0.4971923979979381 0.5558805190616785 0
1523 -1.936361980577226 1.660235452655891 -0.13123092687420979 0.6344276706018807 0.49456127596830834 1
1545 7.2118642823856804 -1.8765093231618446 0.8526025261273393 0.5291090488023245 0.5767542052303344 2
1550 -0.2946212333507941 -4.6905047479537885 0.16055267685118055 0.485837442654211 0.5521894614038254 2
1581 2.833261945599082 3.88265793783912 -0.8506287871007177 0.4976964948290996 0.45935848166609167 1
1586 8.292314849492934 -1.6035798470906644 0.30510415050291995 0.4779160382378507 0.6130838707654386 2
1625 -5.201008584164224 -4.94111596020665 0.23289188282105677 0.5678932184105915 0.49558480686772705 0
1641 7.883443600099369 -2.50642902823476 -3.141592653589793 0.5855189018761606 0.7165087218931796 3
1646 -2.2865968620991737 -5.808811329679458 0.2249413987602892 0.5164163902921787 0.6755268331126225 2
1651 -2.245247545226222 -6.3874631078907935 0.274157581709718 0.58502592928672 0.5116007809545547 2
1674 -2.069657406765139 6.12681798973349 -0.4110347766201293 0.5224616764223031 0.5495653767423501 2
1679 7.8573178412735 -3.0555422879076026 -3.141592653589793 0.32380948488564015 0.3559003067016602 1
1684 5.164215218139739 1.7408698289169307 2.964897075798591 0.4684286845449866 0.4627883140640173 3
1689 6.191383434601413 -2.926958765611539 -3.141592653589793 0.6265168881434957 0.47767735238305403 3
1695 6.23894655738116 -3.4464068378295836 -3.141592653589793 0.4659382694549309 0.45015863747679175 2
1741 -9.9416469155524 5.737318017701032 1.7409322150265174 0.45560469572971596 0.4192692893367791 2
1760 -10.465968763788908 5.590140113532551 1.7332639801418626 0.48187019932956493 0.47227292418183275 2
1765 -4.206203695429546 5.331945262480663 -0.8255660871345208 0.475878480123906 0.5912680882841955 3
1775 -3.500472414331996 -8.630775126902059 3.091720420065476 0.532194735907439 0.4875703699935299 0
1780 9.05613414016552 3.873347097807775 -0.004210651083235221 0.5339050661139844 0.41120103709443906 3
1799 -5.739238741434713 -4.910835250503779 0.28349793967639464 0.5737559681982035 0.5174183519617125 3
1813 -5.751593819332783 3.5802192353827844 -0.6729060249167602 0.6573290645687802 0.6104788382116023 2
1818 5.078395587107242 -0.3494726003339189 -0.5788248389499691 0.3361648963793969 0.5525772888905857 2
1838 -3.042810402229627 -7.040323430741027 0.8020793145697226 0.5316635683128814 0.41196716569146813 2
1843 1.0545703760844776 7.247274391026051 -2.568897810108353 0.5500136903361011 0.5682394716352518 3
1873 -3.0219601611067173 6.587090659110457 -0.19642400997119244 0.520481052849004 0.5392219320832881 2
1878 -2.9277405265270566 7.1184084058756865 -0.1916090771107548 0.4704436970574161 0.5353977266721618 2
1905 -4.936090392265072 -8.941556672851863 1.45006645687525 0.5089912885784184 0.44836788527794513 2
1910 -4.452561566560593 -8.994508547797086 1.5707963267948972 0.4568761496930561 0.4250376594532439 2
1929 -2.666640869879533 -2.62445212583153 -0.47033429330422766 0.5412758637367163 0.5163070370363563 2
1934 -5.0580887186096914 7.373646462804103 -0.9938245505819795 0.5771056298810133 0.4604364982299136 2
1953 -4.261713261864596 -6.0380096255849285 0.5314031503778106 0.38861600625289383 0.6153615218401679 2
1958 -4.651614316251737 -5.763131804140672 0.5282819393477749 0.45669984391719093 0.7575571275486791 2
1963 -6.300393529591938 -10.293897584013978 -2.4070113930510897 0.4560395540957663 0.5306466294416345 2
1980 -5.243190559702619 9.038288811538399 2.1848307406900433 0.5186562768323142 0.4531906199824727 3
1985 8.982719860462042 -5.878570154830201 -3.141592653589793 0.7058375507455814 0.42735167894696796 2
1991 -3.1935406583962265 -2.8579881446592603 -0.6843430549784846 0.5320407985617576 0.6490626015985455 2
1996 6.772414976016309 5.377858931143286 -0.0 0.6641592476422467 0.4290108649272175 3
2014 10.13065036323817 -3.9699669645251627 -3.141592653589793 0.49468888026190333 0.4584802322750933 3
2019 7.3710756601762615 -8.758239194884196 2.7621401898926528 0.5601704522605525 0.446603006569225 2
2024 -5.163272161802376 10.10212934083987 1.9627715728400013 0.5250150479447128 0.4176364322803629 3
2029 -5.570789877382902 7.938186917750425 -0.8096061182836474 0.44477762725108894 0.4482635204602288 3
