0 -1.6958729836162243 -0.3804270361596591 -0.0 0.23795839133448468 0.31160837295645555 1
5 -2.0558627683650723 -1.4282475938939863 0.007438013690177986 0.39859615020099126 0.4914941102832003 1
10 8.785713806027127 -1.527001154931557 -3.141592653589793 0.509664370135854 0.4115126232335752 0
15 8.779203279136722 -1.0431098703157482 3.128401505124898 0.43320579235709983 0.5106910400542573 3
20 12.017017770136 -2.4593545695393524 -0.21580618882789254 0.45126763591047797 0.5526992281628929 3
25 7.1587089588819195 -2.0782619840214815 -3.009280214059454 0.5517163276310515 0.49564294750594695 2
36 5.508500838196944 -4.150447475774544 3.137513936369409 0.5473186846900367 0.45434699328683303 2
41 10.080350843120634 -2.7583585722120665 0.20167188775333694 0.4717711708634331 0.44373072985573075 3
46 8.83049419299598 -0.02902520372999337 0.15337178952750108 0.505284994049462 0.5424921444012081 2
51 2.7000992371335757 -2.827489396776827 -2.9826375586536233 0.6098727482121117 0.44249411527209404 1
57 8.406334666202165 -4.4239784523907835 0.2668510132787227 0.4397959883155627 0.4755333609627522 3
62 1.0566459134525368 -4.817405729706766 3.0539137657677666 0.5290326240968347 0.7495301498948429 1
67 3.7575024309159137 -8.056146621533347 3.0219423150344227 0.41525010376884297 0.479944240449497 0
72 3.667410856921882 -8.517671409338503 3.050138098623896 0.4408487791078244 0.48004912917422166 0
77 3.5526267942418888 -9.033441751743458 3.032265805965147 0.4457347170600535 0.5363286559750167 0
82 4.649441387875297 -0.41029412381160557 0.0993411626184264 0.6120023213844369 0.7675317480380413 3
88 -1.2628729526431444 1.2912197779393109 3.0650282580155523 0.5535153340870996 0.7207410502273557 1
94 2.098255348645883 -5.488578096522231 0.31208679503704273 0.5009844743007738 0.6398060353948094 2
99 -1.088913514132058 -3.3370849919369885 3.0990583465218466 0.5758513440005494 0.529924344048361 2
104 -1.3196869833513607 -3.8913544446464714 3.0114521450784695 0.5555987974273804 0.4352705389445037 2
109 -2.330696342229797 -5.74285199929732 -2.846802636904809 0.4273360589207482 0.6158469574940377 2
114 4.073950945271362 -6.173430306133827 -0.05559479293601366 0.6318537251655804 0.5339246344852967 2
119 3.1840347129815716 -5.583777764301677 0.5074699256223135 0.5967446102815583 0.830011816600928 2
124 0.2586702248013494 -7.905203173706283 -2.5048802750035324 0.5414210845159277 0.5024680428272071 2
129 -2.4931526058706517 -3.6123453171757602 -2.666799154686931 0.864619329802367 0.44918927642598694 2
134 -2.2353845820905276 -4.28379257193084 -2.705673778011994 0.5536229242325735 0.5381452794929878 2
139 -4.092283385103828 -5.607964029721925 -2.613645861044746 0.47931776521150965 0.42259648991089355 0
144 -4.882382685794408 -3.5590254653568145 2.938008112175874 0.46589141871776124 0.37102176225787376 2
149 -5.083711489570777 -4.007261056457319 2.904194766121461 0.45494054504130294 0.4572496511393616 0
154 -0.29175705009524444 -1.8701452582570863 0.060020764224035614 0.5265493755267117 0.581081905330951 1
159 -3.0134514228460554 -4.822654632460532 -0.13451235101728984 0.5352290359824424 0.5427239287271589 2
164 -4.099277153518958 -4.803064388047108 0.0923317601539809 0.4456763016173729 0.6173975646100425 2
169 -3.5069796892314122 -5.926652818873214 -2.7792144721074044 0.49544531716386286 0.40257048944372203 3
174 0.27250809194732967 -7.250592379171084 0.4531587170339654 0.44141929020276593 0.4353133880173579 0
179 -2.1785055528214956 -9.00427616343678 -3.0317861756522637 0.5220357957701636 0.41376015859102255 0
184 -3.933058803116948 -6.5543651568479175 -2.485892410498155 0.4019586479374992 0.42086545666113095 0
189 0.4608734753252379 -5.787005114309 0.020267313724875703 0.5321677017845323 0.4791485620843551 2
194 -0.2469355801778641 -6.503238564075015 0.17935215482614705 0.4347598121126316 0.4838364982059189 2
199 -4.08302795733036 -7.747804314655679 -2.3737464227166845 0.44555035088209355 0.5186421866338999 0
204 -4.9323694923590145 -8.299574708215241 -2.4166821176665305 0.523431020826622 0.49221743184851796 0
209 -5.724640168321335 -8.976016989860678 -2.4248354930025386 0.508077663567 0.5168467377708879 0
214 -0.283176645012065 -7.703133112126553 -2.664594806172636 0.41806997776031496 0.40740109889014575 0
219 -3.8789900484379247 -8.602273262235828 -3.062091379094191 0.5703580026890296 0.7948529615233836 2
224 -5.424112105600717 -9.672430464749901 -2.591379112792009 0.5194723609010758 0.517291957789056 0
229 7.642847216122181 1.7425733955540403 3.1252138473566644 0.5979771703566431 0.6108000776697929 2
239 6.041034043614114 2.154276642980101 2.8210574073899872 0.5652463281443261 0.5247678931877566 2
245 5.3973272760342415 1.7803511524312332 2.744679336902334 0.3657874713835661 0.48310695611254795 2
251 3.6716482681227802 2.39941875806211 3.0884248717029226 0.557889245630914 0.45888780432905346 2
256 1.285834294682598 -0.4716666896082562 -2.702330707076262 0.5333549083565463 0.45039504159598515 1
262 2.4653660477231654 2.443211631519721 -3.1045846080756956 0.6773222984923821 0.572727795903355 2
267 2.8820526821422097 3.230525769071091 3.068161269910501 0.6273282173011372 0.48736377911419937 2
272 10.652113591581303 3.910841885854143 -0.24732422436983345 0.3988841996837232 0.4568100166320801 3
277 8.046562286051355 3.9338544389371446 -0.0391912517115317 0.43484319479094385 0.42874916959050896 3
282 4.125634511962146 5.259990134652331 0.8312950335275284 0.4288208017095922 0.4853853064622377 2
287 6.759913872591864 3.3819825222411217 -0.06490410036592856 0.41810590432521966 0.5097425964631496 3
292 6.222055590756957 7.729767980866216 -2.9870679961741176 0.5809296958721468 0.6210047333155122 0
298 4.672259842447236 8.97129182925707 0.5937994471530192 0.47476515405131364 0.44453308926942536 0
303 -1.8710738424312718 7.973806870802296 3.0600683109166082 0.4551223607878055 0.41018615962503086 0
308 -3.8155913833693096 8.024256292707207 3.0892918563750755 0.4818489780841222 0.4689442164801252 3
313 2.1825311475896085 1.0603467882214432 1.0412639636802314 0.43871849419753844 0.565072055277256 1
319 2.1464236998196924 1.509676127359167 -0.490665672215193 0.42835829701895145 0.5027759129538594 1
325 -1.6489147860706852 1.7883599796582443 -3.1166816009904132 0.4206039720637605 0.46073256898932635 0
330 -0.8103577532332675 4.177101844203643 2.925244748924704 0.5633204157231309 0.6452432290182673 2
335 -1.458810980106463 2.81378017956694 3.0585183814000456 0.45577420306623667 0.5585014803629066 2
340 -3.8342986458690698 1.5896809023865266 2.9253355344528815 0.42358044818784457 0.4088188461020564 2
345 -3.8520081495126783 1.1276220642050618 2.9350277240412073 0.4766243866342918 0.3941015511229466 2
350 -2.290354352954589 3.643665302398405 3.010803409836279 0.45170198019347746 0.4249295789907653 2
355 3.1847061554228646 3.9883545058998218 0.016403013681493935 0.47807680182744705 0.4989891545914121 2
360 3.180729036815739 4.660275301376815 -0.05290702281514676 0.6046389935012021 0.5577364334562965 2
365 -2.0284315057213624 4.289549063959064 2.9354025771461885 0.33579965940217904 0.4096845214663302 3
370 -1.7482030913280646 6.986423651853958 2.766562053104553 0.4482888227776904 0.4123759938019338 2
375 -4.160775227300301 3.7874684802973837 2.9745719292562245 0.4392552306082966 0.5059927936808725 3
380 -6.268973805400533 4.226845016302888 3.0698700586573904 0.43566961096900964 0.506560739775165 2
385 -1.3136783107479786 4.935432178126124 -0.05971959528658999 0.5551182962571355 0.5735449138566343 2
400 -2.728569200851179 6.457216094129538 -0.3619527614903117 0.45421782684424616 0.4011907275932456 2
405 -9.49887040514908 3.03175316549885 -2.0599554607825166 0.5060421959830234 0.5365619879696029 0
410 -8.518786441071144 2.61191252084052 0.018164473401917507 0.6496479487778335 0.41865078582260035 3
415 -5.284643221006613 2.4657823407447985 -0.15270457002032167 0.5476530085628376 0.4596929087449615 2
420 -5.1513675907047975 3.243145242089326 -0.03937520894204269 0.7693938738299314 0.47281127352105295 2
425 -7.109358689250899 1.748785072078604 -0.03913165603283985 0.33327754423149253 0.385288721000657 3
430 -2.904093972347752 5.789386486119652 -0.2859248550472781 0.4813793041622743 0.46476751679015915 3
435 -2.453644650536913 6.992403729755786 -0.4770318382812686 0.49782202289807126 0.41598424390341365 2
440 -1.6184435591486293 5.459927602625186 -0.00018481676852474325 0.4514466373112657 0.42638417731505623 2
522 10.260644227209326 -1.5515214877393952 -3.0323179258150175 0.4408038262454201 0.4727390121588156 3
527 10.088695372193419 -0.5309535474905951 -2.9169359664616366 0.5489987681358558 0.4586107413385208 2
532 6.422416868890071 -3.4082397917735103 3.1365104435885174 0.6304481394696999 0.5008679748713168 2
542 5.492194152200986 -3.6066347942213666 -3.126772122666345 0.5097500004956608 0.5317974305384588 3
547 8.692049649835191 0.5766541053639676 0.0676998147743367 0.5191290326362523 0.5758145483348803 2
552 2.929715518072134 -1.919315293826613 -3.0634202006908025 0.614121106652538 0.40895743171509924 1
557 -6.008354799547875 10.30316814637884 2.2900132733815806 0.4733243409983254 0.43781512936112565 3
562 1.8251397440095658 9.382905149535356 1.4747708157965738 0.5066147096035227 0.5056507911005304 2
567 2.01066762843886 7.2235617868350035 0.02144267807520207 0.4320050748208924 0.40067764659305377 2
572 2.1729802996885446 6.780149978403495 0.053740937010906785 0.4522183779808798 0.5294160529263767 2
577 4.076745181668824 8.247938481934044 2.688733650470618 0.44037638998906214 0.4393333983224793 0
582 8.08733328974232 6.529268711517361 -3.141592653589793 0.46642650651889894 0.49326628147850493 0
234 6.287691043785799 2.939064218026412 2.8680637510718894 0.5228294583359062 0.5238450425919746 3
591 4.893552964027472 3.259115739225521 2.842678583353666 0.39773701079974083 0.41014368070200014 0
596 3.8474957302003547 2.9539112026487224 2.9336644748578973 0.5614280897671262 0.42056763780106793 2
601 1.4228974373961107 6.209188631094786 -0.469129655036432 0.3631479345594433 0.48256868300789485 2
632 -6.65008669055662 9.926709232010534 2.0695112983189747 0.46856706407171367 0.411727487079743 0
637 3.753058907241257 5.880250279259787 -1.5263766519615554 0.4112333299689927 0.3867557714136062 3
647 -5.157479492591178 -7.24780222776933 -2.5774884751663025 0.4144995031970419 0.5183064956341922 0
671 -1.8761593874999114 7.477399976753792 3.0424973569691334 0.37576532481478964 0.4244060947212734 0
676 9.93529592854904 -2.2880937512641784 0.0691640608213974 0.42767391536988747 0.45134758816939113 2
681 9.188339120796366 -3.5478981356305495 -3.1346912043251582 0.4918779300660486 0.4484551453778277 3
686 -3.512155691623909 -7.489522496716937 -2.471959899040483 0.4152117847075129 0.44278370687571805 0
705 -6.211946580522643 4.650766764287642 3.041211648035029 0.41002906979182446 0.49807979583740236 2
710 0.26848285679670625 7.798127849465248 -2.9881758281339588 0.6380822551834452 0.6355206391376181 2
715 2.9409782528196926 2.463656008366771 2.982309581208689 0.5334680128343209 0.46705335431455264 2
721 10.533231951020053 -2.128288425031039 2.8210676869973956 0.4287590751970446 0.40315368806620455 0
726 -2.8426744536092667 -7.029466599435352 -2.6309379358808007 0.42354082608757354 0.41101639763564 0
731 1.0574591682916978 -8.90435342240807 -0.0 0.47882908970090216 0.4244081157169199 2
752 -10.601013261379677 2.8115681724101322 -0.0 0.5119599556040134 0.4513929222217407 3
757 2.4247631817296225 7.685780003530816 3.10843140442059 0.4288426710462368 0.5949773681759006 2
762 -1.2253810796795972 3.382192952580621 2.8495318388969864 0.451314081297495 0.5028473073734365 2
767 11.654140990085216 -2.868973137882819 -0.23836877757786448 0.42642780847928025 0.48196154049213474 3
772 -7.481365450808614 -8.397963085055475 1.4200507244427447 0.3916402053833008 0.5130950886819055 2
777 -7.96719080943164 -8.41756395848939 1.4600776354204799 0.4892232662867331 0.6058177324077413 2
807 -9.210850800801554 7.589938359530808 -0.44077489805793885 0.46923748710465624 0.3831992340087891 2
812 -9.313334287499535 7.208124523039741 -0.42359040241288937 0.39610727241864335 0.3954655138574905 2
817 -1.7216407867950485 -6.55529796363436 0.5421882016422644 0.41950672945942147 0.3876945486180068 2
822 2.080098128335494 -7.899192747627021 -2.804465254053106 0.3870501708984375 0.39597295348323963 2
782 -3.4327590001570205 -3.009265735626182 -0.0 0.4799468294800573 0.3817233605273505 2
787 -3.222746053993498 -2.537315011024475 -0.0 0.44666983604431154 0.458559572235216 2
