0 -1.6542885017930944 -0.38578594096365465 -0.0 0.3798066332445369 0.39252090037865756 1
5 -2.0558627683650723 -1.4282475938939863 0.007438013690177986 0.39859615020099126 0.4914941102832003 1
124 -0.18390860280674304 -8.441237161388937 -2.5048802750035324 0.6034644931444155 0.6282787755497782 2
214 -1.4969481978249464 -7.917638393459488 -2.59501626798254 0.6049475184308538 0.41524418112457107 2
229 -7.736483059887683 5.568191917365508 2.653388154955917 0.6138807841829264 0.5439932674403581 2
239 -6.819614366655816 7.566720238239871 1.8935880367124398 0.5755713317549004 0.5708651472196449 2
245 -7.553305894450459 7.936803320140395 1.949007765176555 0.40050468848990467 0.38349877755244016 0
313 5.504899293825562 -0.9216322072464325 -0.6141695972259746 0.4434634449146095 0.4852228962176588 1
319 5.188023169660978 0.64178505697567 -0.490665672215193 0.45249252213646185 0.5035651786937773 3
400 6.674443923262753 3.504799063940184 -0.05382360844866886 0.5254444835087863 0.5345117428877899 2
415 11.144970675806356 1.6459958579059728 -0.04315573077852788 0.38754018037526927 0.6412746595819293 0
420 11.22317864424707 2.6461875447683383 0.007088767172981262 0.5155214238104457 0.5489422930330168 3
425 -6.657918385810991 1.666823966869175 -0.03614823330494233 0.3714904285324639 0.385288721000657 2
435 6.5437288330985455 4.219338700486499 -0.09463347344211775 0.5404015541594207 0.5998995594583071 2
522 -6.171678457787724 -4.3326089875544955 3.1015663877286026 0.5253433042048647 0.5737078363128171 0
527 -6.3448390954621985 -3.74934071705836 3.1020535307572703 0.5124755444379768 0.4392262229859356 0
562 0.5889272083918529 10.675297991037507 2.99928857302342 0.5066147096035227 0.5401834345635775 0
582 8.08733328974232 6.529268711517361 -3.141592653589793 0.46642650651889894 0.49326628147850493 3
234 -6.181105979611675 6.4827636452584505 2.239477563389776 0.5267256041859498 0.49200348490777124 3
637 3.7548097806945693 5.84085958685788 -1.5263766519615554 0.4112333299689927 0.46394318367012705 0
752 9.483500058057862 -0.734968768724683 0.024071355979158056 0.6905619874983504 0.5950141146983717 2
807 7.478408834466535 2.282991841257344 -0.40603700690450784 0.5000701703067596 0.4987021294885725 0
812 7.028366716743446 1.8630484071378812 -0.48243119966959136 0.4615345061973311 0.4531034348290905 2
860 -1.1093230860874097 -8.50069836123821 -3.141592653589793 0.5614776881400182 0.529354736856605 2
900 -5.178970259440389 -2.8495958904838594 3.11871970045969 0.45369236914609923 0.40267185486715107 0
926 9.238878178646772 0.3924385732532316 0.07725209105280754 0.4825867446105737 0.5690152992624251 2
931 -5.196862747675045 -3.33259344992084 3.1191054548518955 0.37619654703820943 0.5325030172351981 0
965 -7.504167299543316 2.9193702541595044 -3.102685682837566 0.5391376213424747 0.653056031850849 2
999 -2.996916425706422 -2.019713606117893 -0.0 0.4177976596850008 0.40637930692509716 3
1095 -5.290069467412442 8.601522760993042 2.416091461745006 0.5056519885334176 0.513689623020691 0
1100 -4.055151947188533 3.470701414289271 2.9982556060697627 0.5577792545992801 0.6322441236387795 2
1139 -3.9209226337423106 4.003944553997486 3.035940114410208 0.5333745516993053 0.6138147318272654 2
1333 -1.15019150553497 4.208648216332888 2.90614569326102 0.5886753361000768 0.61935957626002 2
1353 -3.2678576397299395 6.069025024425084 -0.29945764319702367 0.5675470213963222 0.5514842246586869 2
1370 6.695347577337392 -2.0732777682306502 -0.01670681959698774 0.6008186036994035 0.5204954844040651 1
1387 6.981349482449387 2.8314247129576504 -0.29785904156366044 0.48641838092613576 0.6276523645852842 2
1415 2.079452292175301 6.614491955603891 0.24671048660757477 0.4736398303102267 0.670564204416982 2
1420 2.105063074889724 7.136465460300293 0.2560459063252116 0.4713609943843574 0.6434137360947089 3
1432 2.6407988876713517 0.9852099010223733 -0.16710560905849947 0.6755340694701099 0.4624384657003681 1
1437 2.579636585024906 0.39664368700250263 -0.22686754211363985 0.5094830783847724 0.5170853178653031 1
1442 6.701961706020318 6.778543582004078 0.3853546760651805 0.44641761535958835 0.4195716738478518 0
1447 -1.8931266033775018 -4.011654194103926 -2.9737017379058015 0.5521394890108774 0.6647290158198432 1
1467 3.7862915719994543 -3.7050849387580382 -0.41812921217556054 0.6587581709924923 0.4896681646974834 1
1487 5.103960010633174 3.1081691813178125 -0.358794121708254 0.725952029035569 0.41906729352145483 2
1492 0.19152485517709789 5.271382155297757 -0.24244996155364307 0.49363795659725485 0.5549920027276773 2
1497 -0.3094256875472232 4.881166508564321 -0.2253955305297002 0.5278411134482759 0.7378590795401087 2
1518 3.3923538805964637 4.987656052166861 -0.22797141145783786 0.4971923979979381 0.5558805190616785 0
1523 -1.0121607893011562 1.4691480002331978 -0.13123092687420979 0.6344276706018807 0.49456127596830834 1
1545 7.943703313519444 -1.639339869182092 0.10612057006197409 0.5640743534392131 0.7557776418373595 2
1550 0.5382620658662891 -4.672259007692225 0.16055267685118055 0.5743704176592344 0.5999238030191133 1
1581 3.8467203979608233 3.4832997811893476 -0.8506287871007174 0.4976964948290996 0.5991104243237638 1
1586 8.76506190721814 -1.5210528244630999 0.17282752822953087 0.4779160382378507 0.4940214328737025 0
1625 -5.3524730817045345 -5.135638704660176 0.7875181874549185 0.42997263831308513 0.5554283678488738 2
1641 7.3448828959130905 -2.7389106826252836 -3.141592653589793 0.5097881084640257 0.5412314002567706 2
1646 -1.374206950137519 -5.610018071447509 0.2249413987602892 0.5164163902921787 0.49832146174460745 1
1651 -1.3698503575324517 -6.255622467761463 0.274157581709718 0.58502592928672 0.8430978717055818 2
1674 -1.2489280213356562 5.83635137597268 -0.3049919386730581 0.5865638826139905 0.5805399010708205 2
1679 7.306130060676769 -3.176605890364808 -3.141592653589793 0.38475653269466015 0.3559003067016602 1
1684 4.1096002980642234 1.8615110453975896 2.964897075798591 0.4684286845449866 0.4627883140640173 0
1689 5.412673257793347 -2.6808100783233852 -3.141592653589793 0.5868688109660348 0.5947503462275135 3
1695 5.412150783588702 -3.2185630197221435 -3.141592653589793 0.4805293474033741 0.4884529260428976 2
1741 -9.860636522894882 6.385401158961125 1.7789730173482157 0.45560469572971596 0.4192692893367791 2
1765 -3.4471028334465563 4.51187207175502 -0.7694042137757042 0.4437691232084613 0.4747403651730471 3
1775 -3.500472414331996 -8.630775126902059 3.091720420065476 0.532194735907439 0.4875703699935299 0
1780 10.14977444104185 3.7134581649310623 -0.004210651083235224 0.5339050661139844 0.41120103709443906 3
1799 -5.792419311975686 -4.878842003994156 0.8435862399269218 0.5850933624577094 0.4853843489809341 2
1813 -5.100833040493394 2.980789249565406 -0.6729060249167602 0.7271470332550791 0.4551213692182172 2
1818 5.781910081280328 -0.6444062465051881 -0.5788248389499691 0.4000680849566714 0.502334389862964 1
1838 -2.626648263036812 -6.842662388945636 0.8020793145697226 0.5316635683128814 0.41196716569146813 2
1843 0.7433554282489986 7.036433508063086 -2.568897810108353 0.5500136903361011 0.6581866171781664 2
1873 -2.262765508654292 6.3555087233473575 -0.19642400997119244 0.571615088505599 0.5392219320832881 2
1878 -2.278956820540591 7.0176487711367646 -0.1916090771107548 0.4704436970574161 0.5353977266721618 3
1905 -4.568697302975634 -8.314291384122287 1.45006645687525 0.5089912885784184 0.44836788527794513 2
1910 -4.071655821726979 -8.408244587426317 1.4603098165582515 0.47117449209834067 0.4250376594532439 3
1929 -1.9560774120946092 -2.800321247385095 -0.0459152201905038 0.5412758637367163 0.40757733437425936 1
1934 -4.442668817763623 6.890660530171361 -0.9393677742878417 0.6000497503307348 0.4604364982299136 0
1953 -3.364866275048564 -5.700338537109474 0.5314031503778106 0.3223703929624585 0.5415688385423648 2
1958 -3.6272584017853715 -5.363962495453978 0.5282819393477749 0.4306293997562613 0.4847092207824157 3
1980 -5.832765636762838 9.70867733219771 2.1848307406900433 0.5186562768323142 0.4531906199824727 0
1985 7.750109339066219 -5.446287813084483 -3.141592653589793 0.7464718945899951 0.6077932137236834 2
1991 -2.4209810219649563 -3.0508055572119366 -0.06911674834042829 0.3825287376428277 0.4286943786837242 2
1996 7.025561714282285 5.464182153777485 -0.0 0.6641592476422467 0.5022152496489953 2
2014 9.198333887150694 -3.9794292017516923 -3.141592653589793 0.5936650476836265 0.4584802322750933 3
2019 6.703535801205154 -8.656777549959484 2.7621401898926528 0.7976124395204478 0.5091257256481528 2
2029 -5.154470886100397 7.271577253999796 -0.9645353079759243 0.44477762725108894 0.4482635204602288 0
2067 7.131475001937578 4.88543670856221 -0.0 0.484553441220002 0.557308532768301 2
2072 7.287608870293692 -8.062609619326818 1.602476723790653 0.4960704040527344 0.5301330215038486 2
