0 -1.6958729836162243 -0.3804270361596591 -0.0 0.23795839133448468 0.31160837295645555 1
5 -2.0558627683650723 -1.4282475938939863 0.007438013690177986 0.39859615020099126 0.4914941102832003 1
10 4.503173686671191 -2.695955416071352 -2.9640954521668523 0.43939557976875154 0.36339985983389617 3
15 4.607019148453657 -2.2079471225887906 -2.903362106278812 0.4144300648895313 0.4053939041618558 0
25 2.7627946215458863 -3.0151426210528474 -3.009280214059454 0.5517163276310515 0.6526894343227189 1
36 0.813734291900179 -4.572276618617414 -2.8474296959626924 0.4221737521775641 0.4896421331024521 3
51 -0.6650334016243098 -4.263439868186655 -2.6627950914570393 0.4786000567699518 0.5915621196938268 2
62 -4.702784207367779 -8.788846517545576 -2.6206300524980692 0.4622427418503887 0.5004142268889821 3
67 -1.5419504172671719 -7.133113218031256 3.0219423150344222 0.5344443208563966 0.5500132904203958 2
72 -1.540925009785974 -8.822190477749873 -3.120346856704308 0.47179440012881907 0.5004806879054983 0
82 9.961598725767562 0.005450972158727238 0.0993411626184264 0.43584981679116364 0.6136581795355668 2
88 -6.958636442816029 2.4895567400920036 2.9772334810525023 0.6253816355685515 0.5871338488441822 2
94 6.081839145515053 -5.950267311270689 -0.035708312915994696 0.500346708172571 0.553063004132288 2
99 -4.495132425564627 -3.505438484749394 3.0990583465218466 0.5448827355879321 0.5874206326633171 2
104 -4.689342349848172 -4.01048888627447 -3.1342620540195014 0.4940381384872145 0.5038715360218311 2
109 -7.992425247134534 -8.704923242126373 -2.641337291638148 0.5767921725201822 0.6063191021784161 0
114 7.834072366110978 -6.142898717349575 0.17055995434816532 0.49679172839772645 0.4629322650843094 0
119 9.582962491381508 -4.179590628315005 0.14201245034173368 0.47569864648855875 0.5487736067705975 3
124 0.21852770126163348 -7.934886409481062 -2.5048802750035324 0.5414210845159277 0.5024680428272071 2
129 -5.649663833089075 -4.5497668311155355 -2.577717198516707 0.4468342594346512 0.46842130424219214 0
134 -5.001704670129774 -5.08774212859018 -2.663799899742415 0.6194520742536718 0.6522885604661708 3
144 -9.831921094137035 -2.4838022755087343 2.9380081121758743 0.46589141871776124 0.37102176225787376 0
149 -9.977739305930116 -3.077987167479391 2.904194766121461 0.45494054504130294 0.4572496511393616 0
154 4.08455973063471 -1.0014305213252486 0.29280696322524863 0.5328372699566097 0.597101082506783 1
159 2.0792860419578307 -4.781696674876809 0.03126994909699444 0.4613495035508216 0.7840214113061852 2
164 0.2599897637813687 -5.164307591218071 0.01002868779027836 0.40067785058350064 0.43942832137612653 0
169 -8.492216295237695 -7.609308658612926 -2.7792144721074044 0.49544531716386286 0.40257048944372203 0
174 3.0579058322694825 -6.252452200253626 0.21031040715107713 0.4008631751886536 0.4353133880173579 0
179 -3.7548075497610625 -8.678428768408509 -3.0317861756522633 0.5220357957701636 0.5132169640484724 2
189 5.054968456551064 -6.135146479442323 -0.06524987981946054 0.5143333097013523 0.4898641178253744 2
194 3.3250690373223595 -5.745054765044982 0.17935215482614705 0.47368279366739324 0.46217313292313456 2
214 -0.6364303000766507 -7.728621964555153 -2.6407786451640414 0.6411660083666714 0.5075743121563226 2
229 3.9681302200832285 3.1248609167337924 -3.0524316575424058 0.6151486299727571 0.4823755436465311 2
239 2.7632810742723803 3.130477499180534 2.7880501103923283 0.5548432408021087 0.5835426132983592 2
245 2.1500266378306563 2.734293674615265 2.744679336902334 0.3528944444677118 0.40199411103432264 2
251 -0.38817170956840424 2.822948123442068 2.6384756640356315 0.5596272441451541 0.5979558440654551 1
256 -2.255970461675256 -3.4276976807065545 -2.4779698092047084 0.5762859716220092 0.5841107322224329 1
262 -1.6081175272782864 3.563014990220429 2.610277579899413 0.44377966309309314 0.5320193828364438 2
267 -1.0355558283374513 4.452266586104139 2.8570727565567102 0.4126339348338305 0.4380515383743307 3
282 3.884210283980752 5.387226660783493 0.1878850083516065 0.48645006230564575 0.591048704152918 2
287 10.898755499880146 2.9800099615250883 -0.06490410036592856 0.5446029100747485 0.5141094437618254 2
292 0.6408283233303822 7.913568347596259 -3.078074187539945 0.7102534448500116 0.6639912992845082 2
303 -5.820282922864457 10.374585635639075 2.3879399229401157 0.4551223607878055 0.4636188377391856 0
313 2.1825311475896085 1.0603467882214432 1.0412639636802314 0.43871849419753844 0.565072055277256 1
319 2.1464236998196924 1.509676127359167 -0.490665672215193 0.42835829701895145 0.5027759129538594 1
325 -8.975083996216238 2.471907199333476 -3.1166816009904132 0.5810607722758853 0.5114800798086327 2
330 -5.276913126166479 5.000738613230865 2.925244748924704 0.4810880646291981 0.43406467486614714 2
335 -5.785836525652099 3.8662554339998265 2.9495784137500367 0.5056485344325979 0.5729325317376827 3
340 -8.762843299158668 1.3479748303469021 3.048966335654235 0.42358044818784457 0.4088188461020564 0
345 -8.87289107967874 0.7949919042660571 3.0770774834318093 0.3910141201842183 0.4933714186925395 0
350 -7.050646256912672 4.2301553827878315 2.8617172013854812 0.48115365355724693 0.49421487833777017 0
355 7.958089428872879 3.172900659134747 -0.037263696383026804 0.5219068692236825 0.5571171714663098 2
360 8.144854364797666 3.962359296583639 -0.05290702281514676 0.49652542386339116 0.4243460343506005 3
365 -6.0179139015593925 4.733560729658824 2.935402577146189 0.38716398563035487 0.4096845214663302 0
370 -5.00270918221862 8.83246552519761 2.7524852773216795 0.5966288225303372 0.46946920703143497 0
375 -8.845825520899286 4.897622096434301 3.0985870645291933 0.4695439902090479 0.43450434188979664 3
380 -10.664989878805773 4.761024822109672 3.0698700586573904 0.452459621810261 0.506560739775165 3
385 4.413020929210464 3.996942866311533 -0.14299304801187795 0.5720721929288081 0.5652076472300915 2
400 -0.27015049681066466 5.356126624358959 -0.3722497357695446 0.42899118660553215 0.5368692861352441 2
410 -2.6802589222999544 2.2698612510116396 -0.09716629677548737 0.7240969129549057 0.5889644214603738 2
415 -0.9546156692754263 1.6693252653584132 -0.30807316704679427 0.7359166171588329 0.504214639117025 1
420 -0.7317149060888017 2.408173312712876 -0.46695070166766744 0.43824728716636197 0.49774807140021393 1
425 -7.109358689250899 1.748785072078604 -0.03913165603283985 0.33327754423149253 0.385288721000657 3
430 2.0776033388324695 4.590642976506386 -0.2351160427501593 0.8030236755945994 0.6939548587599967 2
435 -0.36620097706677923 5.884538166943693 -0.3031869793833699 0.43377483911077763 0.41976880183126086 2
440 4.487719934691546 4.670738852775704 -0.16428025064925864 0.5828710579379117 0.5159848650025481 2
522 5.613647481892523 -2.8175968507868268 -2.89012925202436 0.434057388655355 0.4557056710028551 0
527 5.7925879909726214 -2.2184902595917 -2.9169359664616366 0.5091169520809224 0.7502901744577363 2
532 -0.08141348501732393 -2.8830179209406905 3.1365104435885174 0.5190633080367534 0.5712842162858907 1
542 0.5469742033398824 -4.2155805297794595 -2.7412435221791416 0.44491429700455376 0.5164563440476562 2
552 -0.10889320689286297 -3.5077815117453026 -2.839296333671454 0.47759438642839597 0.5108581130994609 3
562 1.378152609800218 10.562223694993493 2.99928857302342 0.5066147096035227 0.5056507911005304 3
567 6.7497998959981365 7.534748771053896 0.3123856905082235 0.4878428935892737 0.4115842675100276 3
572 6.934418936112264 6.981005185472242 0.4066004836613724 0.46294216524027465 0.4577310312789185 2
577 2.7580813704836404 10.406489372900046 1.738806277177754 0.44037638998906214 0.4393333983224793 0
582 8.08733328974232 6.529268711517361 -3.141592653589793 0.46642650651889894 0.49326628147850493 3
234 2.887671464409573 3.8214012369349835 2.8680637510718894 0.5132264804268309 0.49114654790137013 3
591 0.8416272364399637 3.346544659492843 3.079442824292453 0.4754660484300093 0.6821614308675351 1
596 -0.8956373128411238 3.139170554387514 2.7805604409188995 0.481477548880346 0.4513474139867784 2
601 2.002076297762115 7.596097544800915 1.3469120486211033 0.43726153077984203 0.451974422797018 3
637 3.753058907241257 5.880250279259787 -1.5263766519615554 0.4112333299689927 0.3867557714136062 2
671 -6.481297562514935 9.893193888084722 2.3297321603280587 0.4549441863081345 0.4640280469753082 0
681 3.463816194114445 -4.070764777117179 -2.965247099750207 0.4942387914047275 0.4484551453778277 3
705 -10.478335280339728 5.312461466533497 3.0412116480350284 0.3988389581472142 0.5427953008663882 3
710 -4.260559421975183 8.078181245281748 2.638242399362774 0.5743233010049175 0.6443420472318464 0
715 -1.2286682991923452 3.848400215928172 2.54897034126943 0.44616007245555706 0.4124725356377625 2
721 5.730265900169604 -3.2701228206457924 -2.9028231652959593 0.4585276227809211 0.4476227944475942 2
726 -6.883451424429001 -9.426674129151953 -2.6309379358808007 0.42354082608757354 0.41101639763564 0
752 -4.838840315374434 2.7463202137519307 -0.06566540997350027 0.6811530209278758 0.6358017958252192 2
757 -2.7639563467067267 7.532696052423411 3.108431404420589 0.4984565183689374 0.5618031818761433 2
762 -5.457516759829302 4.30373449041074 2.9388028910722617 0.39052042957317523 0.41754293801012266 3
772 -7.178194831375397 -4.361074887617338 1.4200507244427447 0.39539076633319675 0.474716898085136 0
777 -7.677700539291387 -4.389562274189254 1.4600776354204799 0.44020910974927435 0.45327505418943415 0
807 -4.808768912059793 6.0838834386888365 -0.03412473572677618 0.506640304533863 0.452454640586167 2
812 -4.868676709518957 5.5331380836407495 0.00496811426413125 0.5495982217990193 0.6013811399906317 2
817 1.943560030382521 -5.591692239602231 0.33489181594117245 0.4874995859444882 0.582463410794516 2
822 -3.6837938412551896 -7.8299429729058065 -2.8960700572351175 0.48007048125519514 0.4670710156934261 3
860 -0.5943936247480259 -8.42570487605377 -3.141592653589793 0.4142090056319045 0.558361289900296 0
890 -1.7165923154553921 7.9608774721432285 3.0629014594651953 0.5197665154044896 0.4610638201329219 1
895 3.779841397185889 -6.396380137580807 -3.1359149297817295 0.5319497239589493 0.4574120601758151 3
900 5.923408210407988 -4.75782080555399 3.11871970045969 0.4669545438594143 0.42430649002456716 3
926 -6.087783236486783 2.9973271388233926 0.04661388432484342 0.5074582874208774 0.6824839807934784 2
931 5.823855848052602 -5.2172146974972256 -3.141592653589793 0.45112684655048474 0.42778279842814043 2
936 -5.819716274826339 -9.274199163593213 -2.9940152411600094 0.4279435423834349 0.4298761623138992 0
960 0.8728154503514352 -5.11758581960699 -0.0 0.4792311389664222 0.4437384961598604 3
965 7.51982651210902 -0.22832067317804858 3.0523022616398428 0.604940770216972 0.6441402409428707 2
989 -8.115250088024462 -0.9216172893865551 -3.141592653589793 0.42898978537889 0.46190275653306706 0
994 -6.261060559479629 -6.769105837732055 -1.9395853362828461 0.46982983505781206 0.46916036448580367 3
999 -2.996916425706422 -2.011411208785545 -0.0 0.4177976596850008 0.40637930692509716 3
782 2.2186249314218567 -1.6551508752087463 0.11693821077325682 0.5193055607695793 0.5498250691950455 2
1085 -4.946321021126049 7.414750883657026 -0.8312607485571596 0.502004383303746 0.5103137216613245 0
1090 -4.012551183093758 8.604850685205468 2.667367802862837 0.44454881540274893 0.5128887486317673 0
1095 9.048189867146805 4.792830714579663 2.9044394724279563 0.4576547332592942 0.5625910110668038 3
1100 9.822036043398754 1.7207416079254112 -3.141592653589793 0.55510065269358 0.48564228172232987 2
1106 9.89092810114964 4.300598563918709 -0.0 0.4682066184970754 0.4590644139599739 2
1139 10.17383308182025 2.304378404631279 -3.141592653589793 0.5403937084436484 0.7006180770017186 2
1145 -5.3476777080372795 -8.2446726514631 -2.5621160574451216 0.4261169818858394 0.42014803251935556 2
1155 -7.822050818858187 -5.7743603630538205 0.8264847444968826 0.4631188934214627 0.47289528058647046 0
1181 -2.6281861802447946 8.106146323203586 -3.141592653589793 0.46544980588253954 0.5216758080929197 0
1186 -3.3626615502553623 -6.4220134869119905 0.86447238317243 0.6805836513118281 0.6266027629696794 2
1191 -5.7934877483057114 -1.06197600400798 -3.141592653589793 0.44283259963782406 0.40407562498526206 3
1196 3.7567900574011497 -8.617548595233142 -2.894194207579779 0.4246158397117672 0.5083612442245135 0
1201 3.702071985787671 -8.087608493218536 -2.950261958865206 0.42975978824880606 0.4205271006184948 0
1226 -6.634738536749086 5.909567408887182 -0.0 0.512928775914225 0.4391202077574856 3
787 2.311042578007936 -1.1192883332026948 0.17476631914587465 0.5041919363857811 0.41023938896741663 1
