0 -1.6958729836162243 -0.3804270361596591 -0.0 0.23795839133448468 0.31160837295645555 1
5 -2.0558627683650723 -1.4282475938939863 0.007438013690177986 0.39859615020099126 0.4914941102832003 1
10 3.7661916760313687 -2.854297968638767 -2.9640954521668523 0.43939557976875154 0.3902671186272648 2
15 3.811562729506452 -2.2793826596748787 -2.903362106278812 0.4819380323740679 0.5253839404839884 3
25 1.9790468337568998 -3.1568187688678813 -3.009280214059454 0.5517163276310515 0.5463565135044653 1
36 0.08791906035159888 -4.813185361399324 -2.8474296959626924 0.4668687792100868 0.4896421331024521 3
51 -1.0996415874926497 -4.402167187278601 -2.6627950914570393 0.4786000567699518 0.4477837120213176 3
62 -4.8318106612002465 -9.953061299750459 -2.1215029735300255 0.5225324178655366 0.54203091040708 2
67 -2.3094507891088822 -7.33787349731495 3.1173564453977196 0.5344443208563966 0.4525910555001539 2
72 -2.0620100548235296 -8.772991662649087 -3.120346856704308 0.47179440012881907 0.5004806879054983 0
82 10.939070518278081 -0.4674261495392543 -0.2338827107365626 0.6245226747841058 0.49124300792565523 2
88 -8.241498212536534 2.7826369124316104 2.9772334810525023 0.6253816355685515 0.7074330713247265 2
94 6.7908656868430155 -5.983867946251073 -0.035708312915994626 0.6938591982878528 0.500858416202908 2
99 -4.896254258336927 -3.5623203870919653 3.0990583465218466 0.48404700840797754 0.4631854701444483 2
104 -5.126463540228029 -4.067269316218807 -3.1342620540195014 0.4940381384872145 0.5038715360218311 2
114 8.731133361108471 -5.997662959393903 0.046174376234214894 0.5470078060679773 0.4629322650843094 2
119 10.667575202406072 -4.079017207378858 0.14201245034173368 0.47569864648855875 0.63710426384659 3
124 0.21852770126163348 -7.934886409481062 -2.5048802750035324 0.5414210845159277 0.5024680428272071 2
129 -5.794607246457762 -4.599829908178203 -2.577717198516707 0.3778038925324023 0.4211907426348054 2
134 -5.322204623291429 -5.274248692229958 -2.663799899742415 0.6013998332474151 0.6840121946017247 2
144 -10.718881574912288 -2.3361287069472887 2.9380081121758743 0.46589141871776124 0.4836468761413383 0
149 -10.877498575598196 -2.9765105581183118 2.904194766121461 0.45494054504130294 0.4572496511393616 0
154 4.807951539652554 -0.8248751077574193 0.29280696322524863 0.5328372699566097 0.5078994877268377 1
159 2.6909195993000576 -4.863990272805349 0.03126994909699444 0.35116992454268636 0.4637236693588574 0
164 1.3779548861561417 -4.8997310263825815 0.2659255866783017 0.38604684460058875 0.5579044421930222 0
174 3.6931945951757346 -6.220374411429201 0.21031040715107707 0.4008631751886536 0.4353133880173579 0
179 -3.7548075497610625 -8.678428768408509 -3.0317861756522633 0.5220357957701636 0.5132169640484724 2
189 5.817681064917041 -6.388121543872952 -0.06524987981946054 0.5988526771921537 0.5863417572863134 2
194 4.183862812551652 -5.691986067784602 0.17935215482614705 0.47368279366739324 0.46217313292313456 3
214 -0.8879655582106524 -7.538156317871848 -2.7734207284247683 0.8080018375267223 0.6009103096724645 2
229 3.374371392326993 3.3458702318212543 -3.0524316575424058 0.688660367381621 0.5559014726894947 2
239 2.1179896386424293 3.3328516466849907 2.946803545047127 0.6693949720796423 0.5835426132983592 2
245 1.5545361964824396 2.810326982722683 2.744679336902334 0.3724057896545198 0.40199411103432264 2
251 -1.3603936834664287 2.8213295941292285 2.88587416304415 0.6512555133682986 0.5740343168873379 2
256 -2.613294262251104 -4.01071105217098 -2.4779698092047084 0.6088162833068328 0.5030660332585233 1
262 -2.388347475058702 3.6578201582716865 2.8422716441932274 0.42119311208428317 0.6440358631236671 2
267 -1.7654429001999363 4.732441169162722 2.8570727565567102 0.4590618727201332 0.4380515383743307 2
282 3.896653632552531 5.321779273684908 0.1878850083516065 0.48645006230564575 0.591048704152918 2
292 0.3204138088520814 7.8882453711766685 -3.078074187539945 0.6012055827719951 0.5354777440133139 2
313 2.1825311475896085 1.0603467882214432 1.0412639636802314 0.43871849419753844 0.565072055277256 1
319 2.1464236998196924 1.509676127359167 -0.490665672215193 0.42835829701895145 0.5027759129538594 1
325 -10.180967770244523 2.5795958837817565 -3.1166816009904132 0.5001143819162401 0.5051579430382879 2
330 -6.051749316741362 5.053648356979061 2.925244748924704 0.5630981063320695 0.5907310378321566 2
335 -6.560238663275914 3.914037333354728 2.9495784137500367 0.44154134652966504 0.5084266854618313 3
340 -9.681829480068158 1.3621179749879797 3.048966335654235 0.42358044818784457 0.4088188461020564 0
345 -9.770485754318724 0.8560549312536092 3.0770774834318093 0.3910141201842183 0.4933714186925395 0
350 -7.881142037228351 4.27591858580316 2.8617172013854812 0.48115365355724693 0.49421487833777017 0
355 8.82624486756723 3.183456724835697 -0.037263696383026804 0.6062355350188346 0.650799931661009 2
360 8.8203394630853 3.8508188360667113 -0.05290702281514676 0.5956031600212344 0.4243460343506005 2
365 -7.201836539456083 4.957093130709678 2.935402577146189 0.38716398563035487 0.4096845214663302 0
370 -5.853185843192213 9.451936700102205 2.509337245931329 0.43558308413645813 0.46946920703143497 0
375 -9.656156993104416 5.122533454087632 2.850414302112758 0.4695439902090479 0.43450434188979664 0
385 5.255603809750032 3.9123951099975502 -0.14299304801187795 0.5720721929288081 0.5652076472300915 2
400 0.3321339758033561 5.06381547456362 -0.3722497357695446 0.48302542193256565 0.47163292999343076 2
410 -1.7463203533455323 2.096995861793674 -0.22928886186811928 0.8093035660637825 0.5889644214603738 1
415 -0.27499863082670606 1.6101643050333296 -0.30807316704679427 0.6498205724857599 0.504214639117025 1
420 -0.0752622121675365 2.2113034535654355 -0.46695070166766744 0.4650003087239771 0.46772199182747454 1
425 -7.109358689250899 1.748785072078604 -0.03913165603283985 0.33327754423149253 0.385288721000657 3
430 3.01827392653554 4.394796259183105 -0.23511604275015946 0.5660013719106619 0.4154651255694829 2
435 0.27301959323168934 5.638283229714901 -0.3031869793833699 0.43377483911077763 0.5819613717421807 2
440 5.373029129833088 4.595796011631318 -0.16428025064925864 0.5828710579379117 0.5159848650025481 2
522 4.83113809140886 -3.1718658084077305 -2.89012925202436 0.434057388655355 0.4557056710028551 2
527 4.881284615772229 -2.574194423645862 -2.9169359664616366 0.5091169520809224 0.45876324062932655 2
532 -1.1509713310606646 -2.873362658939509 3.1365104435885174 0.578629857322298 0.4283874384114351 1
542 -0.25302839428032053 -4.439865987623803 -2.7412435221791416 0.44491429700455376 0.5859322486817752 2
552 -0.9680970094154464 -3.7577185116742284 -2.839296333671454 0.5849346429828466 0.7069155854852335 2
562 1.2642820587216503 10.578538213482604 2.99928857302342 0.5066147096035227 0.5401834345635775 3
567 7.399026971772372 7.701460934831611 0.3123856905082235 0.4878428935892737 0.4115842675100276 0
572 7.577829803452795 7.195899768599114 0.36389040973484355 0.46294216524027465 0.4577310312789185 3
577 3.1031308027163584 11.267442382985726 1.3894655824269169 0.44037638998906214 0.4393333983224793 0
582 8.08733328974232 6.529268711517361 -3.141592653589793 0.46642650651889894 0.49326628147850493 2
234 2.176063164078681 4.040995187919615 2.8680637510718894 0.475450510181611 0.49114654790137013 2
591 0.08589943172864054 3.4580708446470227 3.079442824292453 0.5403820872573756 0.7909992692216118 2
596 -1.8923586459759636 3.1691984012733396 2.7805604409188995 0.481477548880346 0.4513474139867784 2
601 1.9549047406528626 7.96645382718199 1.3469120486211033 0.5462436321237206 0.408256493210442 2
637 3.753058907241257 5.880250279259787 -1.5263766519615554 0.4112333299689927 0.3867557714136062 0
681 2.8002766190435397 -4.062325157431946 -2.965247099750207 0.4942387914047275 0.6959034056553376 3
710 -4.849838179770684 8.744008218630913 2.459279358563523 0.4502270354273339 0.4475054533086838 3
715 -2.0025842424337688 4.001990790713486 2.8547016310699793 0.44616007245555706 0.4577964733794265 2
721 4.809995493719141 -3.6242541433343556 -2.9028231652959593 0.40559290231178213 0.6496367991031287 2
752 -3.9429692791265976 2.4713160142670323 -0.23002207495779473 0.6811530209278758 0.5688529013331721 2
757 -3.6839679056026506 7.8003904226157434 2.734883095332464 0.4984565183689374 0.5618031818761433 0
762 -6.245161188800481 4.397367504273056 2.9388028910722617 0.39052042957317523 0.41754293801012266 3
772 -7.198447429539719 -3.8824047300023055 1.4200507244427447 0.39539076633319675 0.474716898085136 0
777 -7.641144599604641 -3.77899707102871 1.4600776354204799 0.44020910974927435 0.45327505418943415 0
807 -4.079798137223501 5.993363729182456 -0.0917443732030412 0.506640304533863 0.452454640586167 3
812 -4.147789887101828 5.481783825994947 -0.13425945939289907 0.5127269393792854 0.5389473395627019 2
817 2.5878189662766786 -5.456499722594719 0.33489181594117245 0.4874995859444882 0.4772896971382102 2
822 -4.587292125614018 -8.5171767366756 -2.5797755947115624 0.5268479748071311 0.4942817106414487 2
860 -0.8817973788076745 -8.42570487605377 -3.141592653589793 0.4142090056319045 0.4644284859829271 3
890 -2.473722807699844 8.083049247697483 3.0629014594651953 0.5690097846670047 0.6075601784384138 1
895 3.1309444338806998 -6.903959355202289 -2.4392202999437798 0.5319497239589493 0.4574120601758151 3
900 5.099157721143737 -4.453597541702016 3.11871970045969 0.5415208742342013 0.630422302898065 2
926 -5.2300524735060465 2.696608104459984 -0.18068451059511392 0.5074582874208774 0.45651751078848385 2
931 5.008848721262806 -5.000176679548654 -3.141592653589793 0.47453654599302164 0.5508824351310591 2
960 1.5952803448608321 -5.273411941942915 0.27300846170522086 0.40871568577769785 0.43227418157704306 2
965 6.751374633436313 0.2751844179424071 2.7947872654869843 0.604940770216972 0.6719024716314266 2
989 -9.266972777453852 -0.8791878554635346 -3.141592653589793 0.42898978537889 0.46190275653306706 0
994 -6.593329985582146 -7.525494819510709 -1.9395853362828461 0.5958265060196434 0.46916036448580367 3
999 -2.996916425706422 -2.011411208785545 -0.0 0.4177976596850008 0.40637930692509716 3
782 3.1254570275281672 -1.4486462273732117 0.1169382107732569 0.5359816461108544 0.5498250691950455 1
1085 -3.7596768264893745 6.876007518895446 -0.5149516502402032 0.502004383303746 0.5103137216613245 3
1090 -4.474709419624426 9.2016947629266 2.356046415198402 0.44454881540274893 0.5128887486317673 0
1095 8.062237004998245 5.027179722144814 -3.0948123484348735 0.41345238451138844 0.7401062084948525 2
1100 9.007928403493038 1.7514839556545656 -3.141592653589793 0.603151464633613 0.621805971026735 2
1106 9.89092810114964 4.300598563918709 -0.0 0.4682066184970754 0.4590644139599739 2
1139 9.080161896829786 2.354341912730208 3.085253298550711 0.5465102200403712 0.5273239114952417 2
1145 -6.135987078356511 -8.842010501044214 -2.5621160574451216 0.4261169818858394 0.42014803251935556 2
1155 -7.223863721704799 -4.9422313206544874 0.8264847444968826 0.4631188934214627 0.47289528058647046 0
1181 -3.404361958141919 8.400748026075387 2.8280898959410075 0.46544980588253954 0.5216758080929197 0
1186 -2.188903559906058 -6.170494452304997 0.4213660388762659 0.4393335477463766 0.46138254884139207 2
1191 -6.743123129269501 -1.1326917272128347 -3.141592653589793 0.44283259963782406 0.6067701681875559 3
1196 2.7907131441616366 -8.413359652223537 -2.856029485173302 0.4246158397117672 0.5083612442245135 0
1201 2.5887818098984883 -8.01059680504499 -2.892056529389026 0.42975978824880606 0.4205271006184948 0
1226 -5.5464068574741 5.858510656733271 -0.0 0.512928775914225 0.4391202077574856 3
1263 10.753617353937187 3.456959364409432 -0.0 0.5800580598361188 0.5561439984704784 2
1268 5.983585461122793 7.443116187850632 -2.9455086956120473 0.584991042533917 0.5379796370840986 2
1273 5.36800412040408 -8.551402674969786 -3.141592653589793 0.3995675467875878 0.5229500507993156 0
1278 6.81752043096805 -8.115285842328447 2.771925766426671 0.5974731763847337 0.5029592509378438 2
1301 2.7251196909634885 -6.207632447302719 -3.090684477732865 0.38908962968435185 0.4233327836087226 2
1306 -7.224545331976731 -6.004094330864113 1.428073447779508 0.3950786899516113 0.4838124949064659 2
787 3.2267025760973196 -0.9230828538604031 0.14827666748956528 0.4886622549706466 0.4330851770059284 1
