0 -1.6958729836162243 -0.3804270361596591 -0.0 0.23795839133448468 0.31160837295645555 1
5 -2.0431411853913795 -1.4146581619996077 0.007438013690177986 0.37218258057272563 0.3716186196134393 1
10 10.42811171403242 -1.91885743492718 -3.141592653589793 0.5782982507022466 0.5426642923676517 3
15 10.584465888801555 -0.9590678110111223 3.128401505124898 0.5327655618650271 0.5106910400542573 3
20 9.75866562272142 -1.4345201683144204 -0.21580618882789254 0.48603701266331967 0.5526992281628929 2
25 9.155807373636813 -1.9615660677318338 -3.141592653589793 0.5517163276310515 0.5340900631068919 2
31 10.055993015630344 -5.048480594786625 -0.018074345183526574 0.4843135998399217 0.5078967298219723 3
36 7.6204127954204335 -3.965224720767809 3.137513936369409 0.5259992778222445 0.38733761110257225 3
41 8.238176373232461 -2.9625750727414184 -0.010445519786120183 0.4031726833711214 0.4981135359376233 3
46 7.051916093058022 -0.38178204575445557 0.033808100217100505 0.597954627673651 0.6177981702894144 2
51 4.203265342170175 -2.0370963555335075 -3.1119621312822163 0.6513078590988378 0.44440861648923946 1
57 4.7892286594382805 -4.272017191040674 0.2471398761168111 0.5520128998902799 0.765943256512986 1
62 4.041499384770811 -4.9889779024099346 -2.873136445839432 0.5785904263803451 0.597543656914932 1
67 5.505362399815123 -8.155185526969028 2.8149003643661796 0.47946650235716626 0.479944240449497 2
72 5.488485933139231 -8.667550876858769 2.752969330921146 0.4408487791078244 0.48004912917422166 2
77 4.85947987912098 -8.9393295783417 2.972838628311304 0.4231513116836697 0.5298684486655316 2
82 2.223289298808174 -0.7189198160878459 0.0993411626184264 0.5834745561119533 0.44549135671270895 1
88 1.3587635800693934 0.3804831341481691 2.6305388034162887 0.5056667424692354 0.4593943473502727 1
94 0.197267026541885 -5.779031836816699 0.31208679503704273 0.48880553403720317 0.560872498071056 3
99 0.698229124016742 -3.0888984726237596 3.0990583465218466 0.49747293330168485 0.5102485009164779 1
104 0.3672812924896689 -3.6605940992155435 -3.141592653589793 0.50024205620272 0.5499791893920235 2
109 0.13788952078353295 -4.927179661778807 -2.7421611608246286 0.473016847648669 0.5877753236373051 2
114 2.2444435113631807 -6.090254267014366 0.24909934619842675 0.5583126341895673 0.7252867852286959 2
119 0.7938834021802998 -6.545037050584984 0.5074699256223135 0.5265698200818386 0.548382400641917 3
124 0.40489659210221435 -7.84774890202915 -2.7256668690168864 0.49600976109116107 0.5024680428272071 3
129 -1.146301135591303 -3.1592105115608224 -2.666799154686931 0.8810556619574789 0.4345362031271931 1
134 -0.8043093101613867 -3.9612905304111177 -2.705673778011994 0.7362593163637419 0.5730283632235285 2
139 -2.2342340765588 -4.397199582584152 -2.607316484192918 0.5087670004027194 0.5532775572982827 2
144 -2.9160207685812014 -3.3087196094135343 -3.141592653589793 0.4469986948141383 0.4132001472510467 2
149 -3.0144189468641915 -3.7613284725281986 -3.141592653589793 0.4200067034988113 0.424645386214808 2
154 -1.9075169406424954 -2.1287328536526036 0.060020764224035614 0.536624149480793 0.5999569939663772 2
159 -5.096110320947959 -4.571683995061056 -0.0 0.5352068641616797 0.5301154848131657 2
164 -5.658780495229052 -4.889662554547491 -0.29892317910612715 0.47633927490537364 0.4416014548789017 2
169 -1.451502351256859 -5.159765378556369 -2.457405379599521 0.5043499660491944 0.5002180732894566 2
174 -0.6070422630974303 -7.7541545975844555 0.4531587170339654 0.630821615532797 0.5386396612815301 2
179 -0.6446972176919148 -8.445774731307418 -2.5339869920229248 0.5407647604336479 0.5785839279277164 3
184 -2.3077756053532505 -5.353026282454047 -2.2934937724470803 0.49652000188827494 0.5340151371675407 0
189 -1.7233895197151863 -5.73745462392058 0.4286763137297984 0.4511123833412309 0.49764251341872007 3
194 -1.6647414292270872 -7.0589664807444965 0.45897007443939386 0.5167090199710653 0.4254120716698747 0
199 -3.259039430937825 -6.4601258713460705 -2.475161242590868 0.5138399083853067 0.5186421866338999 3
204 -3.784332843205237 -7.282651299228536 -2.4166821176665305 0.523431020826622 0.49221743184851796 0
209 -4.294958113105767 -7.730268157005078 -2.4248354930025386 0.508077663567 0.5168467377708879 0
214 -1.500075545186347 -8.443567316649036 -2.615936157352711 0.41806997776031496 0.48687689146441454 3
219 -3.2508873964450364 -8.74977827006151 -3.059509576047517 0.534684341032976 0.49390737389514816 3
224 -4.395655958972055 -9.041576428974992 -2.591379112792009 0.5194723609010758 0.517291957789056 0
229 9.53990342488571 1.6017835320671017 -3.141592653589793 0.5366383607518809 0.5140099288918407 2
239 7.21324287039131 1.4883141604748595 2.8738692615145087 0.4905963598742162 0.4808777782410724 3
245 6.6877107768707065 1.1395509832809845 2.8917826214811364 0.4109987573271846 0.4997048933880238 2
251 5.497770492747337 2.091106054340128 -3.141592653589793 0.4990228636380656 0.5675908289893039 2
256 3.1991796399701693 0.5816917032897626 -2.5499185715482287 0.42237269141577916 0.4152133892186352 3
262 4.200461526390118 1.9546383992137053 -2.914076987042292 0.5785814074892525 0.5770530917281004 3
267 4.567360423461908 2.7225284330379065 2.9074181678445448 0.4703388385583186 0.5008695477727578 0
272 8.298532123326085 4.6829209383905805 0.026712135011538015 0.5235242491731524 0.4568100166320801 3
277 6.245407980851957 4.1839319133105475 -0.039191251711531594 0.5089166811720375 0.5130822036804124 2
282 3.910545912993247 5.248798344776946 0.8312950335275284 0.5212019102597695 0.5410087833209524 0
287 5.018626075110096 3.7837611375302775 -0.06490410036592856 0.5839895629804693 0.5097425964631496 2
292 7.712025279016094 7.630620977649254 -3.115169380318044 0.6684331168041455 0.6478277721354109 3
298 3.356311706576852 8.015610584981777 0.5937994471530192 0.5523653931199963 0.44453308926942536 3
303 -0.19689283774774427 7.809617965404014 3.1141394631546224 0.7740351023234395 0.501671674900969 2
308 -1.9899108925538274 7.848794075816472 -3.115202355712446 0.6121834863863348 0.622115901962546 2
313 2.20738707809862 1.0615140976494624 1.0412639636802314 0.3977576011701103 0.4619274878665937 2
319 2.1168509590352116 1.5281672127246881 -0.490665672215193 0.3875969986296543 0.5722875458223171 1
325 1.2819227390972079 2.3239943171665507 -2.8189987475252547 0.5902773162070524 0.5924806886738188 1
330 1.0688660584380405 3.4642664414516537 -2.8260184336809604 0.5452267410442418 0.5312497806549072 1
335 0.3528971432473151 2.780107287030321 2.650677199105122 0.7365294827582108 0.5589795671082356 1
340 -1.2602775405171072 1.7567160504339516 2.6138114978011417 0.4152901118509922 0.45000089599816384 1
345 -1.4817478813310763 1.3673865671483685 2.71134083617644 0.4369909491635199 0.44774109062363254 1
350 -0.3991497884718167 3.3427105213934234 2.5872913821370283 0.6309444358114794 0.5251857645590775 1
355 1.166328095499159 4.134007386085232 0.31658794246906674 0.4841595770723715 0.7865938580556259 2
360 1.1040370387188492 4.7651571213760215 0.3025933789665694 0.45718665682125376 0.49727116490755013 2
365 -0.12762491255468705 3.864925024746641 2.739862191276117 0.37708208117056274 0.4096845214663302 2
370 -0.4955301142061743 6.02005595833128 3.0995408053810514 0.5770316093483552 0.5123520038039596 0
375 -2.1782344899264396 3.371237483542106 3.035758780167435 0.6025280990666821 0.5080678269918669 2
380 -4.464544211616269 3.7994522628692446 -3.062512825386546 0.4451540305183014 0.4410130986820535 3
385 -3.836360420013241 4.420142866368353 -0.0 0.4190703149291262 0.5089701022007302 0
390 -8.965717001753001 6.797615341844355 -2.984940827786425 0.5078445622422854 0.4708514370312519 2
400 -3.7464981593043163 7.06741289158193 -0.0 0.4071233426638697 0.5613413747586213 2
405 -8.720944109825826 4.810036843658971 -1.967452701531407 0.5060421959830234 0.45292256274400283 2
410 -10.988497336335378 2.897626410513672 -0.0 0.5258995927270063 0.591569714646226 3
415 -7.335075697070179 2.422659875990169 -0.0 0.5989712680039365 0.4613669605167386 2
420 -6.982207546539377 3.4015288825724963 0.00032131575134666313 0.7351797110358824 0.45849332326826747 2
425 -7.139401840519929 1.6945142724180458 -0.03913165603283985 0.4424358074289274 0.49979610074720116 0
430 -4.606819249013066 7.016341612766469 -0.17054938101800457 0.5492789748562421 0.4772458840125431 2
435 -3.540239157883314 7.643433631998938 -0.005313119599830942 0.5042498652382952 0.49917984423019884 2
440 -3.9132265715722 5.2747792278680246 0.016990355009325674 0.504998794587659 0.49808449322888865 0
522 12.017856351511133 -1.2230911685082666 -3.141592653589793 0.5036821095715963 0.4727390121588156 3
527 11.894339577778693 -0.11722695622586349 -3.141592653589793 0.4986184890601842 0.5117772708168585 3
532 8.840380117920041 -3.5057197136703016 3.1365104435885174 0.4081784408834981 0.41639920099476047 3
537 10.359546225116562 -4.246257641393182 -0.0701744729662099 0.5015013277242271 0.4970781837012149 3
542 7.4894917566270856 -3.411726760785403 -3.126772122666345 0.5307319504382563 0.5027934467781128 3
547 6.373509686804309 0.26903289471475367 0.009175839258046364 0.4997684759459192 0.6223078641407884 2
552 4.347644913842507 -1.4650924506530687 3.0680784241485455 0.48032443642395733 0.4496355658404115 3
557 -4.381681463768377 8.821412446692133 2.7085908436940325 0.506706348153288 0.512537849422621 3
562 1.676762757451344 8.243983834055337 1.585445161265123 0.5066147096035227 0.5056507911005304 3
567 0.05493601881126374 6.961737531973958 0.02144267807520207 0.4574940617466775 0.41429212840487256 2
572 0.12732804150959232 6.489787475218767 0.053740937010906785 0.43228492987007316 0.354089994430542 2
577 5.310721341489121 7.928267462943023 -2.7214622898969165 0.4069921283189916 0.5002171679864665 0
582 8.16463815571984 6.529268711517361 -3.141592653589793 0.46642650651889894 0.5626296628866402 3
234 7.408126449888332 2.326096101482543 3.0504636417091087 0.39538265217527274 0.3767098271059731 3
591 6.472325750855012 2.928695346923459 -3.130769241044509 0.39773701079974083 0.41014368070200014 3
596 5.741392898653616 2.657954391503376 -3.1071790016565006 0.40201421447651475 0.42056763780106793 3
601 1.3296129500245468 6.439058320883338 -1.0347637681879667 0.4391028132658663 0.5442835416877014 2
