0 -1.6958729836162243 -0.3804270361596591 -0.0 0.23795839133448468 0.31160837295645555 1
5 -2.0188664768931908 -1.42797240989675 0.007438013690177986 0.39859615020099126 0.41892278450321035 1
10 9.95659618272846 -1.3750949571433395 -3.141592653589793 0.509664370135854 0.4115126232335752 3
15 9.891746319383946 -0.8820674310220998 3.128401505124898 0.47500709930982105 0.5106910400542573 2
20 11.25898561673127 -1.8228036070304254 -0.21580618882789254 0.4202975382223797 0.5526992281628929 3
25 8.140446938416634 -2.0705190614629085 -3.009280214059454 0.5517163276310515 0.4585509232977686 3
31 11.043484875186643 -4.650807120563433 0.040013324707092186 0.4051470299658763 0.5471271939303791 0
36 6.623803512234304 -4.017285222666013 3.137513936369409 0.4153752594361364 0.38733761110257225 0
41 8.869759642512228 -2.8470505306575977 0.19342501813578183 0.42878821344077866 0.44373072985573075 2
46 7.7124634440561755 -0.3409198688514695 0.033808100217100505 0.569008374527333 0.6789690384028106 2
51 3.59595876266395 -2.26747371586143 -3.058135709735615 0.6098727482121117 0.4967091886646492 1
57 6.355884616928678 -4.543921212584853 -0.12091267678417389 0.5695739587897227 0.6893475716305486 2
62 2.735131134330054 -4.9816873807946465 -2.9998827553555643 0.6115385736477279 0.597543656914932 1
67 4.696458208214801 -7.981237676676489 2.8149003643661796 0.47946650235716626 0.479944240449497 0
72 4.544111558611115 -8.529893648484263 2.836083809683923 0.4408487791078244 0.48004912917422166 0
77 4.181993105741009 -8.968413713581336 2.972838628311304 0.4457347170600535 0.5298684486655316 0
82 3.180575422786137 -0.6485848244588672 0.0993411626184264 0.5834745561119533 0.5003669263919127 1
88 0.2675183813193279 0.9021005075086562 2.6305388034162887 0.4485633113715541 0.4006831057692273 1
94 0.9333007042697513 -5.59394554199491 0.31208679503704273 0.5009844743007738 0.5529692286512043 1
99 0.02320509944618892 -3.267240905887185 3.0990583465218466 0.43886768709904445 0.49169417863130804 1
104 -0.3143781928335498 -3.6963491329941225 -3.141592653589793 0.5209565971275938 0.44919384677468277 2
109 -0.8354617996069159 -5.218243356487384 -2.8993027060990584 0.6049276211233572 0.4951707316982758 2
114 2.874527299102345 -6.015255614537178 0.07052790659237873 0.46258145440873893 0.5109158121412379 2
119 1.6186874425074753 -6.151058736467003 0.5074699256223135 0.5807326103784498 0.7068794451207567 2
124 0.26507189676805987 -7.913860560979256 -2.5048802750035324 0.4125596742068143 0.5024680428272071 2
129 -1.6342763420632838 -3.3770930355754945 -2.666799154686931 0.9391258887718305 0.4106236186406674 2
134 -1.3827848754139858 -4.109510040358084 -2.705673778011994 0.5307507669197661 0.5381452794929878 2
139 -2.940603919438228 -4.969437964235663 -2.334768873516147 0.4231821236111616 0.42259648991089355 3
144 -3.700828367377949 -3.3594442149507304 -3.141592653589793 0.44233564239386225 0.4880702646371225 2
149 -3.9507535137544565 -3.830124076033927 -3.141592653589793 0.4200067034988113 0.5086368658478689 2
154 -1.2972905237786287 -2.0101079491204707 0.060020764224035614 0.50536997723302 0.7930979843728347 1
159 -4.304458839131928 -4.632404215050122 -0.0 0.4814231143358243 0.5427239287271589 2
164 -4.992827022673071 -4.99176080833867 -0.15212688890728526 0.47633927490537364 0.392313395091038 3
169 -2.268210390482964 -5.394571771009866 -2.7792144721074044 0.458023644459955 0.40257048944372203 2
174 -0.3825069442172979 -7.736188028210675 0.4531587170339654 0.44141929020276593 0.4353133880173579 3
179 -1.4049826622908013 -8.868802667475007 -2.5339869920229248 0.5220357957701636 0.41376015859102255 0
184 -3.298294040453289 -5.837130364428226 -2.607880325872281 0.4019586479374992 0.42086545666113095 3
189 -0.9657840768416049 -5.829818789583224 0.020267313724875703 0.4511123833412309 0.4842488107295502 2
194 -1.3647143685763774 -6.774092762737865 0.4589700744393938 0.4347598121126316 0.4254120716698747 2
199 -3.4768342356126323 -7.162525388249205 -2.3737464227166845 0.44555035088209355 0.5186421866338999 0
204 -4.207019064030037 -7.657064008900913 -2.4166821176665305 0.523431020826622 0.49221743184851796 0
209 -4.7779588074353505 -8.151129249186024 -2.4248354930025386 0.508077663567 0.5168467377708879 0
214 -0.6995862998121101 -8.26093508202125 -2.6164038959825975 0.41806997776031496 0.3897650553529483 0
219 -3.5702827711408442 -8.431469094407184 -3.062091379094191 0.4326168571094757 0.49390737389514816 3
224 -4.815433978004163 -9.299067872148424 -2.591379112792009 0.5194723609010758 0.517291957789056 0
229 8.640359058440517 1.7270812997848441 2.895105601617952 0.40778667084319653 0.4209740112259811 2
239 6.805888476885709 1.794231197722028 2.8210574073899872 0.4373293170159875 0.4808777782410724 2
245 6.064845501543043 1.4873762965626565 2.744679336902334 0.32629884808272835 0.3327323088185445 2
251 4.7376012900576745 2.004901631115857 2.8760721880438034 0.5860105300196847 0.4848744425137508 2
256 2.3040783852978652 0.3021749061407645 -2.702330707076262 0.5333549083565463 0.4152133892186352 1
262 3.578694150113083 2.204527852132387 2.735085857012959 0.6097799022073517 0.7202316576675488 2
267 3.7629629597366883 2.9420845864868284 2.9074181678445448 0.5318894525733268 0.5244600847864564 2
272 9.215733776789302 4.707427181781226 0.026712135011538015 0.5235242491731524 0.4568100166320801 0
277 7.061471342831572 4.151932984037451 -0.03919125171153163 0.5089166811720375 0.5130822036804124 0
282 3.9362001495607295 5.263714257922022 0.8312950335275284 0.5948414804435053 0.4853853064622377 0
287 5.612062838909617 3.745190482864841 -0.06490410036592856 0.5839895629804693 0.5097425964631496 0
292 6.955670890306099 7.662974515680751 -2.9870679961741176 0.5809296958721468 0.5090796049477847 2
298 4.003969782166596 8.452826717958732 0.5937994471530192 0.5523653931199963 0.44453308926942536 0
303 -0.8234334067903549 7.934167760989992 3.1141394631546224 0.4551223607878055 0.41018615962503086 1
308 -2.904220960201446 7.976547384523569 3.0892918563750755 0.4818489780841222 0.49056442581963483 3
313 2.1825311475896085 1.0603467882214432 1.0412639636802314 0.43871849419753844 0.565072055277256 1
319 2.1242247832538186 1.5215357544273445 -0.490665672215193 0.42835829701895145 0.5526093394686159 1
325 0.12893300078866882 1.9505524624482682 -2.8189987475252547 0.5245448450303524 0.5195300440931211 1
330 0.4041963584841251 3.841328229405076 2.7233397844988927 0.4627792064267866 0.416115304141956 2
335 -0.3612647655235675 2.885873306250064 2.732700363820471 0.9115484061324733 0.5585014803629066 1
340 -2.2767488215337313 1.8004988073193684 2.9253355344528815 0.47154533067771665 0.41425717551862595 1
345 -2.402324246804538 1.3429050332168964 2.9350277240412073 0.4766243866342918 0.3941015511229466 1
350 -1.1034819891325007 3.4220857559365903 3.0865969947331804 0.45170198019347746 0.4986282375620654 1
355 2.1408669809151504 4.013580958455652 -0.13954992788682577 0.5308440914175693 0.6995259876469027 1
360 1.9432728411342841 4.578102550134582 -0.11221819500845585 0.4247237674796884 0.3987465344417821 2
365 -0.9094684119100156 3.9754592546567205 2.9354025771461885 0.33579965940217904 0.4096845214663302 0
370 -1.1309418298639142 6.353513891411842 2.766562053104553 0.4482888227776904 0.4123759938019338 2
375 -3.029049163362202 3.5908509945830045 2.9745719292562245 0.7293131720562674 0.67546775619078 2
380 -5.169989618965735 4.2570587047052 2.642447930767797 0.5948878244877787 0.44652981246970685 2
385 -2.8484622782265063 5.062069001701405 -0.0597195952865899 0.525008040271348 0.6999016536193376 2
390 -9.890987657712538 6.61978712653349 -2.984940827786425 0.45477970746067575 0.3786325684855502 3
400 -3.2273347485379027 6.742696905164528 -0.3619527614903117 0.45421782684424616 0.39987709208464006 2
405 -9.03024082856231 4.0716073030643205 -1.967452701531407 0.5060421959830234 0.5365619879696029 0
410 -9.972746003183317 2.8291832139159414 -0.08528326147477547 0.5651548898037311 0.46873616722274525 2
415 -6.5569514461628655 2.3985792244649478 -0.0 0.6883200625760111 0.3782500804354969 2
420 -6.281991987972714 3.3443184407385296 0.00032131575134666313 0.6504629705056684 0.46048973566851614 3
425 -7.109358689250899 1.748785072078604 -0.03913165603283985 0.33327754423149253 0.385288721000657 3
430 -4.093519819189793 6.347750833905995 -0.4781415830288608 0.5492789748562421 0.4280036781897156 2
435 -3.1345835795533112 7.250048733777618 -0.4770318382812686 0.4785489029936597 0.41598424390341365 2
440 -3.278105276820055 5.867674788922129 -0.06960123624782531 0.4851619311982394 0.7183429040478778 2
522 11.07407969798492 -1.2550516308377155 -3.141592653589793 0.4408038262454201 0.4727390121588156 3
527 11.083499640693223 -0.13697297609320924 -3.141592653589793 0.4597437466142116 0.4586107413385208 3
532 7.8230282454537035 -3.5668104115863892 3.1365104435885174 0.4259998090491682 0.41639920099476047 3
537 11.087766892684098 -4.1410595488682365 0.019001662706440475 0.5015013277242271 0.4970781837012149 3
542 6.756383236316981 -3.4729195550949314 -3.126772122666345 0.5097500004956608 0.5938068410426072 2
547 7.397638153003006 0.24871548576766556 0.009175839258046378 0.5422454212297756 0.47976406520889 2
552 3.824530999477816 -1.5830164536897076 -3.0634202006908025 0.614121106652538 0.4496355658404115 1
557 -4.911809298406873 9.111765901941787 2.514924541736093 0.4266151740156364 0.43781512936112565 3
562 1.6776348244203036 8.184456600583719 1.585445161265123 0.5066147096035227 0.5056507911005304 0
567 0.9240088122457695 7.100583176733894 0.02144267807520207 0.4320050748208924 0.40067764659305377 0
572 1.0422452320521498 6.568730371819961 0.053740937010906785 0.4935793469455406 0.4990822463708576 2
577 4.784196855662807 8.147804463501519 2.4907733674431336 0.5177362233444626 0.4393333983224793 2
582 8.059851550694026 6.529268711517361 -3.141592653589793 0.46642650651889894 0.5626296628866402 3
234 7.030431671429562 2.5735107962964987 3.0504636417091087 0.4434347902323895 0.5988210111768829 2
591 5.875783888687293 2.9222384761139635 -3.130769241044509 0.39773701079974083 0.41014368070200014 3
596 4.947473017620252 2.7008507306118807 3.0753071790410424 0.40201421447651475 0.42056763780106793 3
601 1.3691699767453196 6.285729831166424 -0.5699175370676898 0.40249822524562745 0.41183757505443286 2
632 -6.165396969140122 8.833662908542257 2.0695112983189747 0.5530465572039732 0.3791796479892494 2
637 3.7405627874563114 5.97645681544814 1.5707963267948972 0.4112333299689927 0.3867557714136062 2
642 11.08956564868233 0.8772217421364366 0.10879433905201057 0.4890096921287853 0.7284078816182679 2
647 -4.122941555992941 -6.661131057826924 -2.5774884751663025 0.4144995031970419 0.5183064956341922 0
671 -0.9778901572243272 7.458426893591723 -3.110185324019186 0.37576532481478964 0.4244060947212734 3
676 8.784867213583343 -2.4307221354774846 0.18649003161598726 0.42767391536988747 0.45134758816939113 2
681 10.69668651480265 -3.5333539854747307 -3.0021372025687114 0.44839783613922485 0.6145144300330334 3
686 -2.705854775964486 -6.851209058969676 -2.471959899040483 0.4152117847075129 0.44278370687571805 2
