0 -1.6958729836162243 -0.3804270361596591 -0.0 0.23795839133448468 0.31160837295645555 1
5 -2.0558627683650723 -1.4282475938939863 0.007438013690177986 0.39859615020099126 0.4914941102832003 1
10 -2.9368695229412247 -3.6524935733399064 -2.928753990843998 0.40818302237157433 0.39168604517457756 2
15 -2.8219274777640213 -3.097671583800923 -2.903362106278812 0.4970479414372687 0.8045553832002657 2
25 -4.2743673239004885 -3.6914567703359293 -3.1125522556469543 0.5946129022768837 0.7088907238624118 2
36 -6.159322877130359 -8.400546486851063 -2.716728869440213 0.6052066930478859 0.5713971682850784 2
51 -6.614348227461236 -3.661261501819563 3.120251086351481 0.43723919510629355 0.4477837120213176 0
124 -0.24125358411151965 -8.526765919994018 -2.5048802750035324 0.6034644931444155 0.6687993682098939 3
154 11.79514370331885 -1.705199150526998 0.07559665414175712 0.44105565371592925 0.4077418489049965 2
164 9.10644374731564 -4.537619022449542 0.09646137022232203 0.36281579569196465 0.4036229088332548 2
179 -7.222405075070419 -9.063596389650247 -2.6731435681474136 0.4163152297126883 0.4894217610483439 0
194 9.324923458710254 -5.952681555568618 -0.046118394318486154 0.47368279366739324 0.3326945295800718 3
214 -0.5433783746849824 -7.765957994467561 -2.8036689339330776 0.5258624091506247 0.48803473475703163 2
229 -2.7828996009144675 4.06465062151945 3.0456935180786426 0.5903660632585592 0.5930447015152557 2
239 -3.51979391641706 5.300919549820801 2.7215593953208934 0.5755713317549004 0.5791091906728727 3
245 -3.7309424517665652 4.863441746261382 2.7697677837155754 0.3781358834049076 0.43327382657606855 2
251 -10.452330438824923 3.8220918225564984 2.772729528579782 0.458439203655174 0.42784435629859674 2
262 -8.109369122377727 5.055744059853542 2.5394995186996687 0.5234153590242104 0.49481691753210666 2
267 -7.341048665458216 5.835077303218545 2.554847285566491 0.5371333930757254 0.6052498682430396 2
282 6.175922446491441 5.540406467817992 -0.6144182936044251 0.5952533456548745 0.5178284843186374 2
313 2.097715122299105 1.034662291232856 1.0412639636802314 0.47584891376815 0.4982240314461764 1
319 2.2220430994085403 1.5074923238373403 -0.490665672215193 0.45083202204574985 0.5613818635454871 2
400 4.127734605459099 4.254839748476379 0.21889782008950853 0.5742646977610979 0.7226805725670244 2
410 5.087588793382771 3.1415726816490266 0.2238277986153871 0.5225870961291514 0.5383592606583363 2
415 5.697292247177695 1.9373649520400942 -0.054417296463817384 0.7218305820156259 0.7040517313732961 2
420 6.290377579106171 2.6003374844211185 -0.12574123453205047 0.5245857705583503 0.5489422930330168 2
425 -6.512396404390037 1.6416471314502359 -0.03913165603283985 0.33327754423149253 0.385288721000657 3
430 11.219638425390151 3.1128867299185417 -0.06003849075206408 0.4963483126015751 0.6913763150690827 3
435 4.072302062319618 4.896745022078308 0.20467810983854304 0.5225157627383141 0.8321057790837466 2
522 -2.081763031441167 -4.563792972987386 -2.9767340313542023 0.4797633839444517 0.4953938863358643 2
527 -2.066486019459362 -3.482502212547106 -3.00935125437491 0.5431137414951043 0.6103684882126694 1
542 -6.397664904329145 -7.792879806710278 -2.7412435221791416 0.5285927995980841 0.5488614237458584 3
552 -6.451764238749913 -3.15889539699426 3.135139775831337 0.396401005171609 0.47032335424041155 0
562 0.5889272083918529 10.675297991037507 2.99928857302342 0.5066147096035227 0.5401834345635775 0
582 8.08733328974232 6.529268711517361 -3.141592653589793 0.46642650651889894 0.49326628147850493 0
234 -2.784034610680368 5.3064719896927715 2.9356638053965174 0.4745758801371158 0.6539028380673144 2
591 -7.333004413124337 3.173879516066409 3.133039874526323 0.7334827669223876 0.6697374365083207 2
596 -10.264660703185271 4.265939297675568 2.7805604409188995 0.4565902522669362 0.4843465064876147 3
637 3.7548097806945693 5.84085958685788 -1.5263766519615554 0.4112333299689927 0.46394318367012705 0
681 -3.6486935171444514 -6.834359149130004 -2.3918407062356404 0.5807621960312048 0.492349995052109 2
715 -7.708711501264269 5.410031640023306 2.5599292502836963 0.513930920614907 0.49955552083738564 2
721 -2.409322875171484 -5.03234769346446 -2.9714930778632462 0.4523766323096837 0.4940094412173366 2
752 3.790249888564644 -0.2678743020842302 -0.23002207495779475 0.7436493936195476 0.5844203294017969 1
807 2.352176600152856 4.847630215296576 -0.07408590845452061 0.45874925737783734 0.5699390467105977 0
812 2.623758581365928 4.140268437112856 -0.009270193060913699 0.5614503961700855 0.5771960644430016 2
817 8.215033667380869 -5.696008036261924 0.03718074251551927 0.5774438322406075 0.5616533871115194 2
860 -0.9880351394766004 -8.42570487605377 -3.141592653589793 0.4142090056319045 0.4644284859829271 0
900 -1.2746181891226545 -3.567521413321176 3.11871970045969 0.567307387314209 0.6409384799465533 1
926 2.710852846330207 0.3479573386084717 -0.06084922072900831 0.5551002554865616 0.5233961354822767 1
931 -1.0983624576037476 -4.10227896966892 3.1191054548518955 0.4279804067656789 0.47025245732635307 3
960 9.200362568332368 -4.92755769071938 0.017182547596723153 0.37879093212976245 0.4439010770598947 2
965 -1.0053619542317604 3.1748590611590846 -3.0317919585203055 0.563588986845012 0.6794665658132232 1
999 -2.9221948497152908 -2.011411208785545 -0.0 0.4177976596850008 0.40637930692509716 3
782 11.629316060783118 0.11938766186473786 -0.05283459781304796 0.4676232523235402 0.5930253629136897 2
1085 6.054613367494627 7.699112954498364 0.2553414389286455 0.5931945124880208 0.5386382404356761 0
1095 -0.2942748500731225 6.749549372944986 2.7232879172576006 0.49067345396695644 0.4652295178645282 2
1100 1.7732091089897521 3.0790266888809974 -3.125781953804996 0.5725104251519781 0.6444737732968915 2
1139 1.7059981116881446 3.7439424657205223 -3.1149820037485667 0.7045613081253609 0.4951539238056449 2
1186 7.316935124844843 -2.6794777582179488 0.6171776084530745 0.6003939482009102 0.6007229830004471 2
1196 -4.809701902304457 -9.04450137285965 -2.7124085140954444 0.5018655587871585 0.4843304643236865 3
1201 -4.774908757863096 -7.128484020568779 -2.7688770449444617 0.6924953838969391 0.4383069150508008 2
1226 4.517379138615707 7.125481595017179 0.14145029292555414 0.604315177297957 0.5586813290185931 0
1268 -2.9226467352478793 8.034611079696127 3.075867516453546 0.5387838224265682 0.5379796370840986 0
1273 -4.142763121764419 -7.861129607342322 -2.8148444963529586 0.5104163644807463 0.41423245941133346 0
1278 -1.6535016131768292 -6.903533690104671 -3.089924708237223 0.5320658189535584 0.59305958436953 2
1301 -5.215284228858085 -8.54752682946595 -2.7183346948652103 0.43607602217787267 0.42676732353914937 0
1306 -7.249143514051572 -5.935484344203781 1.8779803822205072 0.5223552631546581 0.7069942337325843 2
1327 11.793131111146014 0.6227618499294746 -0.08375483370787212 0.481689344148232 0.5163432659182096 2
1333 4.741625664018204 1.009453519713253 1.8136400418729786 0.5540546622215643 0.5306942853400183 2
1338 -4.506677493181119 8.428223186084873 2.4672247041244084 0.5327168553814301 0.5012021337999576 3
1353 -5.600094322575817 6.6450627008441625 -0.29945764319702367 0.48974257408631083 0.49576955409267837 2
1358 3.549346125043917 10.46439172748496 1.6994837467796082 0.4971341866422728 0.4822491262198069 0
1370 2.335035820920555 -2.0432896633120805 0.05304811614210157 0.5441107318660502 0.42273713998756224 1
1387 0.48680739822630514 4.956580726433137 -0.48213216785859864 0.6359162973904711 0.5873067398056705 2
1415 -3.246620315090071 5.899109713246715 -0.22907707385194284 0.4456006705405395 0.44217849064729975 2
1420 -3.138996343271968 6.339267398981175 -0.23908142875343838 0.4451444343428419 0.43377462277256223 3
1432 -1.2522839536157104 1.8076127407262321 0.029162331407758903 0.4314577775030066 0.492493933265467 1
1437 -1.2923774783204016 1.319493128550211 0.056305840017836194 0.4820743095891152 0.6308816131792073 1
1442 3.351068051638766 4.729296347962 0.10921430988414015 0.546353198689012 0.4195716738478518 0
1447 5.187187678992511 -3.0494739509006172 -3.039289898996573 0.5797108269024112 0.8885733283018139 2
1467 -0.286637576710985 -2.0092036972608405 0.3385232276555439 0.579767905312811 0.40985672348121416 1
1487 -1.0021969234481094 5.597668577983353 -0.24017901293494595 0.5461273348172752 0.7165653831654416 2
1492 -3.861947503879256 7.029723583169387 -0.5615336442331649 0.3927974124672723 0.41594552533864804 3
1497 -4.007229018945852 6.628362348994943 -0.5513045190274177 0.4269622334373027 0.47993812553403603 2
1518 -2.4718832009049563 6.434533982557149 -0.22797141145783786 0.40750189114084623 0.46824239238528026 2
1523 -6.712936437059092 2.2639023210631595 -0.0 0.6640744030364881 0.5073191157880437 2
1545 8.07706029225591 -3.6602557315487565 -3.141592653589793 0.5656991304985645 0.5341015962328083 2
1550 -3.647851912340717 -4.4329184033527715 0.08265729888958336 0.5850375638494836 0.5030481226551642 2
1555 4.442863378509975 7.755013443726483 0.16023364418499433 0.4752975768307156 0.4867153710221748 0
1560 -3.72597133842337 8.253506699088323 2.47036104431279 0.4492146381116761 0.42430351769886837 3
1581 -2.3557894914215733 5.962310538814372 -0.23880225652281967 0.4036677364418923 0.42608646687785395 3
1586 8.107729186110072 -3.154490819665957 -3.141592653589793 0.4026304516409404 0.3858994777668968 2
1620 -3.2398393763549675 7.470380244615826 2.8511935844389127 0.5843930626062029 0.5657524045722833 2
1625 -5.0725446947399435 -5.177222795546287 0.12739390661088462 0.5032279498469201 0.5021427115434876 0
1641 10.553471135776816 -2.27881743712228 -3.141592653589793 0.539255100730579 0.530687615307487 2
1646 -6.739724053258275 -6.4663308745540675 0.36026444302413496 0.43581202478058867 0.43267197854274936 3
1651 -6.680106594458081 -7.02027513720035 0.29677652643231345 0.5126865181460766 0.46963887144565847 2
1656 -6.170184342766617 -5.013779314709393 -3.029868428380219 0.4340732379288981 0.4061398696899414 3
1674 -5.577502560163157 7.802833023371692 -0.45864128969733664 0.5162571944075024 0.410337437066384 0
1679 10.452984022684873 -2.7331922648756124 -3.141592653589793 0.3470503524401725 0.3559003067016602 2
1684 9.946005093478773 1.534815544422574 -3.141592653589793 0.7140431529498471 0.4627883140640173 0
1689 10.178278810660451 -3.2653488203467282 -3.141592653589793 0.5372479670035013 0.5317490810191736 2
1695 10.228131014720374 -3.74986504578084 -3.141592653589793 0.4486760571493599 0.4835349193703168 3
1719 7.098352831854201 5.644056200000051 -0.7183282217706565 0.4711885579387589 0.503577394452526 2
1741 -9.064228632091309 2.4247336501542915 1.4560808174379931 0.47165806958414297 0.4192692893367791 2
1760 -9.543731611372255 2.39141117800695 1.5162032698626569 0.4103470497169132 0.45404518537672933 3
1765 -6.863497885863769 6.368846524799474 -0.2364039976044179 0.5690449477085616 0.4610849901742557 2
1770 -5.773212810135123 -1.5710911365752664 -3.141592653589793 0.47581144680564313 0.467059185342418 3
1775 -3.5737979239515054 -8.830007649410772 3.091720420065476 0.532194735907439 0.4734702301025391 2
1780 4.381324374937484 6.253373254447053 -0.8267861403242052 0.5631299209594736 0.5541219627288921 2
