0 -1.6542885017930944 -0.38578594096365465 -0.0 0.3798066332445369 0.39252090037865756 1
5 -2.0558627683650723 -1.4282475938939863 0.007438013690177986 0.39859615020099126 0.4914941102832003 1
124 -0.18390860280674304 -8.441237161388937 -2.5048802750035324 0.6034644931444155 0.6282787755497782 2
214 -1.5168961532264942 -7.884851070514028 -2.59501626798254 0.6807728758786561 0.41524418112457107 2
229 -7.4379063302984525 5.343028203605314 2.8393721041164297 0.6138807841829264 0.661607443909442 2
239 -6.920896753601589 7.440093997618039 2.063937708512161 0.5755713317549004 0.6206753644779638 0
245 -7.508643332426292 7.400852575850497 2.081648943073473 0.40050468848990467 0.38349877755244016 0
313 5.094262230036485 -0.8657307462445731 -0.6141695972259746 0.5464654486187333 0.4852228962176588 1
319 4.709438849675954 0.7498727747276458 -0.490665672215193 0.45249252213646185 0.5035651786937773 0
400 6.4764145137319495 3.6175191647025926 -0.05382360844866886 0.5254444835087863 0.5345117428877899 2
415 10.658908319861357 1.6662484560704545 -0.09475973914337646 0.38754018037526927 0.6412746595819293 3
420 10.815507465252827 2.829160202715716 0.007088767172981262 0.5155214238104457 0.5489422930330168 3
425 -6.657918385810991 1.666823966869175 -0.03614823330494233 0.3714904285324639 0.385288721000657 2
435 6.288419112452432 4.160335491590241 -0.09463347344211775 0.5404015541594207 0.5998995594583071 2
522 -5.633756459058013 -4.226123232243821 3.101566387728603 0.5253433042048647 0.5737078363128171 2
527 -5.676503356037714 -3.7088355207294943 3.1020535307572707 0.5124755444379768 0.4392262229859356 0
562 0.5889272083918529 10.675297991037507 2.99928857302342 0.5066147096035227 0.5401834345635775 0
582 8.08733328974232 6.529268711517361 -3.141592653589793 0.46642650651889894 0.49326628147850493 3
234 -5.898243086792011 5.991475462992687 2.2394775633897757 0.5267256041859498 0.49200348490777124 0
637 3.7548097806945693 5.84085958685788 -1.5263766519615554 0.4112333299689927 0.46394318367012705 0
721 -8.392188250296682 -7.693368040000528 -2.5608322393427727 0.4523766323096837 0.4940094412173366 0
752 8.914353425701167 -0.6541232672269826 0.024071355979158042 0.5902392507879658 0.5950141146983717 2
807 6.702227475350086 2.506338993798662 -0.40603700690450784 0.5000701703067596 0.4987021294885725 0
812 6.582287790641704 1.9854011192013283 -0.48243119966959136 0.4615345061973311 0.4531034348290905 3
860 -1.0701023023055962 -8.50069836123821 -3.141592653589793 0.5614776881400182 0.529354736856605 2
900 -4.75366569798842 -2.9508588813056433 3.11871970045969 0.45369236914609923 0.40267185486715107 0
926 8.74125351651599 0.4357068818102866 0.0772520910528076 0.4825867446105737 0.46132684348393926 2
931 -4.710800391729942 -3.454109038907002 3.1191054548518955 0.37619654703820943 0.5325030172351981 3
965 -6.848853755581401 2.942398387829111 -3.102685682837566 0.615365985977976 0.653056031850849 2
999 -2.996916425706422 -2.019713606117893 -0.0 0.4177976596850008 0.40637930692509716 3
1095 -4.947656491893883 8.184672182100892 2.56662126613581 0.5056519885334176 0.513689623020691 3
1100 -3.64434016534236 3.349632837283798 -3.125781953804996 0.5577792545992801 0.6322441236387795 2
1139 -3.6486780054883297 3.908555500726597 -3.1149820037485667 0.49638154670206175 0.5719208736711432 0
1278 -6.190257115275828 -9.136218669112427 -2.42994991827162 0.5155888215084069 0.5225134412542803 2
1333 -0.6291282819197624 3.910897802838493 2.90614569326102 0.5886753361000768 0.61935957626002 1
1353 -3.5358330118748875 6.0839125450998095 -0.29945764319702367 0.5675470213963222 0.5514842246586869 2
1370 6.252822408572668 -2.040321826232937 -0.01670681959698773 0.6008186036994035 0.5204954844040651 1
1387 6.1995551108646865 2.9458310286782097 -0.4941135230832251 0.48641838092613576 0.6276523645852842 2
1415 1.4925675763467383 6.221453989068231 0.09605639806811757 0.4736398303102267 0.5380712394063639 2
1420 1.7054632109183787 6.792899869501417 0.2560459063252114 0.4713609943843574 0.5230203863116971 2
1432 2.2913123387101586 1.0441608085163163 -0.16710560905849947 0.6755340694701099 0.4624384657003681 1
1437 2.183286437180668 0.4700560993953711 -0.22686754211363985 0.47485811851670107 0.5170853178653031 1
1442 6.314886168477592 6.3468054824371976 0.3853546760651805 0.44641761535958835 0.4195716738478518 0
1447 -1.313989463564305 -4.0280121078887055 -2.9737017379058015 0.6277697822099995 0.6871926506042842 1
1467 3.434890696376915 -3.5489467968002675 -0.41812921217556054 0.6587581709924923 0.4896681646974834 1
1487 4.5502556795430005 3.1716401548566395 -0.48083076564614474 0.6957247930569876 0.41906729352145483 2
1492 -0.20381553216038195 5.369155741954559 -0.24244996155364307 0.49363795659725485 0.5549920027276773 2
1497 -0.5694306245337708 4.896430060380891 -0.2253955305297002 0.5278411134482759 0.5895007063392506 2
1518 2.9755033017043035 5.047206134865762 -0.22797141145783786 0.4971923979979381 0.5558805190616785 0
1523 -1.424578824963379 1.5688456034391947 -0.13123092687420979 0.6344276706018807 0.49456127596830834 1
1545 7.4975033034441285 -1.7047400149696903 0.725124009884587 0.5291090488023245 0.502606069868005 2
1550 0.11378048647570049 -4.786623663894228 0.16055267685118055 0.485837442654211 0.5521894614038254 1
1581 3.3290041735145843 3.707535906455839 -0.8506287871007174 0.4976964948290996 0.556402346708555 1
1586 8.547774110400821 -1.5589845569437075 0.17282752822953087 0.4779160382378507 0.4940214328737025 3
1625 -5.241868557474942 -5.01847562276697 0.23289188282105677 0.5678932184105915 0.49558480686772705 3
1641 7.503651078166679 -2.7167570493337174 -3.141592653589793 0.4317922864427188 0.5412314002567706 2
1646 -2.0020374932331464 -5.691028464104911 0.2249413987602892 0.5164163902921787 0.49832146174460745 3
1651 -2.038819087314619 -6.3114539927857045 0.274157581709718 0.58502592928672 0.5461380339599362 0
1674 -1.627128118641937 5.982226756673818 -0.4110347766201293 0.4271174041428985 0.5805399010708205 2
1679 7.628532082620594 -3.1115603379849723 -3.141592653589793 0.35104961191658385 0.3559003067016602 1
1684 4.788109432673155 1.8505673496780934 2.964897075798591 0.4684286845449866 0.4627883140640173 0
1689 5.799184554834087 -2.82036614369373 -3.141592653589793 0.6265168881434957 0.5947503462275135 3
1695 5.816442886494727 -3.348905990701945 -3.141592653589793 0.4659382694549309 0.45015863747679175 2
1741 -9.779626130237357 5.939843999344816 1.7789730173482157 0.45560469572971596 0.4192692893367791 0
1765 -3.714714025174596 5.020699848010855 -0.7694042137757042 0.5138188450847746 0.5912680882841955 2
1775 -3.500472414331996 -8.630775126902059 3.091720420065476 0.532194735907439 0.4875703699935299 0
1780 9.866238066740623 3.9159841465749397 -0.004210651083235223 0.5339050661139844 0.41120103709443906 0
1799 -5.769324888474687 -4.9196007089387335 0.28349793967639464 0.5737559681982035 0.4557821657254653 2
1813 -5.419956899097582 3.3486313360200737 -0.6729060249167602 0.6870642773038256 0.4551213692182172 2
1818 5.307530585954154 -0.41256500763609155 -0.5788248389499691 0.4000680849566714 0.297885252234836 2
1838 -2.8707821174052586 -6.923438472750338 0.8020793145697226 0.5316635683128814 0.41196716569146813 2
1843 0.9020307499757797 7.14892032802815 -2.568897810108353 0.5500136903361011 0.5682394716352518 2
1873 -2.664728566871731 6.48949640941985 -0.19642400997119244 0.571615088505599 0.5392219320832881 2
1878 -2.5618197133602756 7.047423812486214 -0.1916090771107548 0.4704436970574161 0.5353977266721618 2
1905 -4.7484965372470676 -8.605279111646473 1.45006645687525 0.5089912885784184 0.44836788527794513 2
1910 -4.245576908066942 -8.693817728124635 1.5707963267948972 0.4568761496930561 0.4250376594532439 2
1929 -2.334508887450416 -2.697535245825278 -0.04591522019050381 0.5412758637367163 0.4827666125654474 1
1934 -4.7404192312580165 7.084198298942731 -0.9393677742878417 0.6000497503307348 0.4604364982299136 2
1953 -3.838947173617196 -5.828735447138368 0.5314031503778106 0.3223703929624585 0.5415688385423648 2
1958 -4.1376582682753105 -5.520404905792068 0.5282819393477749 0.45669984391719093 0.4847092207824157 2
1980 -5.59456530596731 9.262051711956104 2.1848307406900433 0.5186562768323142 0.4531906199824727 3
1985 8.490320369108014 -5.580110813460379 -3.141592653589793 0.7058375507455814 0.7952110377217572 2
1991 -2.834498343547486 -2.9056472845538726 -0.06911674834042832 0.3825287376428277 0.4286943786837242 2
1996 6.809753657696787 5.464182153777485 -0.0 0.6641592476422467 0.5022152496489953 2
2014 9.648989044334433 -3.9591766035872116 -3.141592653589793 0.5936650476836265 0.4584802322750933 2
2019 7.10402822969366 -8.68680708314928 2.7621401898926528 0.7391056506288356 0.446603006569225 2
2024 -5.355854536291734 10.745719760794831 1.9627715728400013 0.5250150479447128 0.49249840843438736 3
2029 -5.452221299594793 7.599102708843643 -1.017312809206786 0.44477762725108894 0.4482635204602288 0
1760 -10.326061877323284 5.894077686345235 1.8208433437915033 0.48737218585261505 0.47403655475740897 3
