0 -1.6542885017930944 -0.38578594096365465 -0.0 0.3798066332445369 0.39252090037865756 1
5 -2.0558627683650723 -1.4282475938939863 0.007438013690177986 0.39859615020099126 0.4914941102832003 1
10 -5.205090592808001 -3.807073839807041 -2.928753990843998 0.40818302237157433 0.37878074610234164 3
15 -5.541142341457501 -3.43669240032756 -2.903362106278812 0.4970479414372687 0.47293184416578865 0
25 -7.779425239287576 -3.873756625667335 -3.1125522556469543 0.5946129022768837 0.4824156222027963 0
124 -0.15589856967252352 -8.420525249324918 -2.5048802750035324 0.6034644931444155 0.6467078478156518 2
214 -0.9508993749867614 -7.557533548231247 -2.7074058330997053 0.46000533900534657 0.55020002757819 2
229 -5.754143234711716 4.465295970227803 3.0361172926004816 0.5513430853334135 0.6112869551153087 2
239 -6.067527009369934 5.730712296909713 2.9042749999580604 0.5755713317549004 0.6206753644779638 2
245 -6.765756050748668 5.339955017490867 2.8592357522886864 0.39286211239570984 0.38349877755244016 0
267 -9.623401198253807 7.042396796630365 2.554847285566491 0.505011543511567 0.6052498682430396 3
282 9.143489280703227 4.295180453123964 0.02230999816575213 0.46009629415312997 0.5178284843186374 0
313 3.694734260105077 -0.06946804256540998 -0.6141695972259746 0.5528058731216233 0.4394308014482205 1
319 2.927964393534708 1.5593948827833923 -0.490665672215193 0.5193136692011135 0.43723662910785316 1
400 5.551585006229681 3.7568865994048215 -0.4367543303542295 0.5254444835087863 0.5345117428877899 2
410 8.815730413490284 3.854428697000168 0.22382779861538696 0.5694158199503575 0.5031176221522674 2
415 8.848615610083478 2.0792588851691347 -0.11680955412477524 0.4431996480331561 0.6412746595819293 2
420 9.044467958016968 3.098635689410528 0.007088767172981273 0.5155214238104457 0.5489422930330168 2
425 -6.643985056016754 1.6663200821194142 -0.03614823330494233 0.3714904285324639 0.385288721000657 3
435 5.426689449346218 4.392270532596199 -0.09463347344211775 0.5404015541594207 0.4771733350306345 3
522 -4.208710971077046 -4.493825445225721 -2.9767340313542023 0.4797633839444517 0.6154027324126912 2
527 -4.2695245100134125 -3.978595999443005 -3.00935125437491 0.375447705864591 0.5453745849856937 2
562 0.5889272083918529 10.675297991037507 2.99928857302342 0.5066147096035227 0.5401834345635775 0
582 8.08733328974232 6.529268711517361 -3.141592653589793 0.46642650651889894 0.49326628147850493 0
234 -4.883979704069585 5.44893001303275 3.1024352355661406 0.5812035738699065 0.6521258873787317 2
591 -10.331907347085082 2.837276599447027 3.133039874526323 0.6103943707863153 0.5905130296200601 2
637 3.7548097806945693 5.84085958685788 -1.5263766519615554 0.4112333299689927 0.46394318367012705 0
681 -5.886637194878364 -8.899532470213245 -2.3918407062356404 0.4658544730780456 0.4987459103837815 0
715 -9.954029597757035 6.645286866856527 2.5599292502836963 0.5090856683719244 0.49955552083738564 3
721 -5.41642841951054 -6.203360793646311 -2.6961211554444584 0.4523766323096837 0.4940094412173366 3
752 7.016844536848732 -0.6263947578216386 -0.05492146586195449 0.7150801744798785 0.6132903702858478 1
807 5.070118792505786 3.106197401764031 -0.40603700690450784 0.42879885516680283 0.4987021294885725 2
812 4.987065858006458 2.4957470825654586 -0.697059549494103 0.4615345061973311 0.4531034348290905 3
817 10.441869514386312 -5.60822911884771 0.03718074251551927 0.5702637067361686 0.5011879152924953 2
860 -0.808248159883033 -8.393016334309484 -3.141592653589793 0.4142090056319045 0.4644284859829271 2
900 -3.424498842277117 -2.9650152594674735 3.11871970045969 0.45369236914609923 0.5394876540753679 2
926 6.606083882433634 0.3903139645628549 0.07725209105280784 0.4664084679421783 0.5175066955927229 3
931 -3.3692318340695193 -3.439929243529929 3.1191054548518955 0.44724735625084383 0.47025245732635307 2
965 -4.674887851706523 3.0219009497585 3.115409370211816 0.533572638999337 0.553672607447211 2
999 -2.996916425706422 -2.019713606117893 -0.0 0.4177976596850008 0.40637930692509716 3
1095 -3.5329576436001346 8.181007588588525 2.6779222870753 0.6162369879224234 0.5859392348341429 0
1100 -1.571807752797489 3.287679190109376 -3.125781953804996 0.5863685635623573 0.6322441236387795 1
1139 -1.4191210876901998 3.9365631514046457 -3.1149820037485667 0.5975238277523189 0.5544621611836227 2
1186 10.977012920508388 -1.0386700146301406 0.22053358802260686 0.5230220946603977 0.4292204141216478 0
1268 -4.811513935242094 8.964645608916603 2.5284876899135336 0.4237108797193917 0.4810383090912294 3
1273 -7.343660944214606 -9.4946210294472 -2.3971680884932764 0.5827150835572134 0.5170429667791002 2
1278 -4.981335238189981 -7.825054480373594 -2.5941532676931702 0.5076756503036126 0.5068483873511314 2
1306 -7.257659863670953 -5.908637977469938 1.8779803822205072 0.5223552631546581 0.42425670101768687 0
1333 1.4897888670380444 3.12968951840266 2.5465250328122173 0.526017927301307 0.48259732773080627 3
1353 -4.393494367146215 6.305272155022011 -0.29945764319702367 0.6547489206666975 0.49576955409267837 2
1370 4.984305412782065 -2.008494965590972 -0.016706819596987686 0.6246327394645534 0.5206838949240429 1
1387 4.19568769139296 3.4958911742458647 -0.48213216785859864 0.6359162973904711 0.5273145276094084 0
1415 -0.4835834679296055 6.137636275492608 -0.21787236073916316 0.41438116133820435 0.5177369908744512 2
1420 -0.13478793908061257 6.458526683584188 -0.22655773197675622 0.38734331901755903 0.6225398621008765 2
1432 0.960573719932522 1.323256979950787 -0.16710560905849947 0.5324616717844018 0.4624384657003681 2
1437 1.0296907172335938 0.8138471102269695 -0.22686754211363985 0.47485811851670107 0.6863364518747465 1
1442 4.505432608184648 5.372187166067106 0.3853546760651805 0.44641761535958835 0.4195716738478518 0
1447 1.0294855742306634 -3.752941770103353 -2.9737017379058015 0.5857725245853916 0.6332800415452188 1
1467 2.208264113697659 -2.551063675018726 -0.017575300029020524 0.589396870507564 0.5753845814659001 1
1487 2.628681892955421 3.812752388280195 -0.48083076564614474 0.451068381280073 0.4298951500436463 3
1492 -1.6123290293512884 5.731635512666524 -0.24244996155364307 0.44870888125245273 0.5250417039999135 2
1497 -1.7921279255898013 5.215320511459604 -0.2253955305297002 0.5278411134482759 0.5167106554914376 2
1518 1.6640597692188364 5.453752955081671 -0.22797141145783786 0.4971923979979381 0.5558805190616785 0
1523 -3.2779634917565708 1.8730324977967214 -0.13123092687420979 0.6981855528042893 0.5807005846606542 1
1545 6.7879611975505405 -2.4529376997392736 1.8434155139014163 0.41707194811538495 0.4536587978244085 2
1550 -1.4188000466785704 -4.562970727311608 0.16055267685118055 0.5564614752628582 0.5890883881625719 1
1581 1.2116467359579588 4.606620702241613 -0.23880225652281967 0.5445385110741293 0.5660387532785297 2
1586 7.255935532399659 -2.105480116869585 1.7215690986077576 0.4779160382378507 0.5973360850815503 2
1620 -5.939995419841283 9.177169012471031 2.4223434294804824 0.4792995356911473 0.6124231037386781 3
1625 -5.249056218517723 -4.952512660282925 0.23289188282105683 0.5678932184105915 0.49558480686772705 0
1641 8.551227948467673 -2.2153540274365144 -3.141592653589793 0.5855189018761606 0.530687615307487 2
1646 -3.5460979771223253 -5.9134432769650775 0.2249413987602892 0.5214314643571923 0.5490858180992104 2
1651 -3.6686099521499287 -6.580280753361507 0.274157581709718 0.5016240909771379 0.685712316101367 2
1674 -3.107202662591148 6.610705028940231 -0.45864128969733664 0.4654472493285882 0.4537253637345126 0
1679 8.421733852911897 -2.725298515407212 -3.141592653589793 0.32380948488564015 0.3559003067016602 3
1684 6.5071028734962075 1.2309893481630723 3.1309380928160233 0.7069160702715703 0.4627883140640173 2
1689 7.299285510997248 -3.110347285863022 -3.141592653589793 0.4212039080803802 0.35681358621312603 3
1695 7.420328481805758 -3.575617593797885 -3.141592653589793 0.4486760571493599 0.39824301460041467 2
1719 9.17154325834282 4.801895259052395 -0.042934156657819425 0.4711885579387589 0.503577394452526 0
1741 -9.831828147181472 4.752313562604373 1.5829986120472195 0.5602707072125466 0.4192692893367791 2
1760 -10.394875391749407 4.65931231769374 1.5688176765967587 0.48187019932956493 0.47227292418183275 2
1765 -4.999222362473612 6.1243742074605 -0.28932877715958616 0.6096844386781087 0.5223410144590986 3
1775 -3.500472414331996 -8.630775126902059 3.091720420065476 0.532194735907439 0.4875703699935299 2
1780 7.363071242999813 4.110600658618822 -0.7637990616065337 0.5339050661139844 0.41120103709443906 0
1799 -5.806977797841411 -4.9305707082400945 0.28349793967639464 0.5737559681982035 0.6394412430602286 0
1813 -6.552820095438561 4.503439050479644 -1.2188416308581376 0.549747398696607 0.4583468886956419 2
1818 3.974009417451293 0.30875246900753184 -0.5788248389499691 0.4187287608412335 0.278903002167717 2
1838 -3.415918401398793 -7.620206604407679 0.7320746077436245 0.5316635683128814 0.41196716569146813 3
1843 1.7607298940108134 7.574898548506934 -2.9328003053237373 0.5500136903361011 0.440040111635955 2
1873 -4.311105112184558 6.96763684042643 -0.19642400997119244 0.520481052849004 0.4943580974994892 2
1878 -4.401912447209086 7.544227372349358 -0.19160907711075484 0.40079626160242676 0.41301284654324966 3
1883 -5.603196822408158 9.786695291937336 2.136080271580912 0.5284025888958793 0.4554001198729631 3
1905 -5.24507190586682 -10.046720601878235 1.5707963267948972 0.4022576786633786 0.44836788527794513 2
1910 -4.816854001754049 -10.009921159990984 1.5707963267948972 0.4288408826095644 0.43595529848319786 2
1929 -3.642273999527505 -2.295766595179771 -0.0 0.4146837420462379 0.42509644638359184 3
1934 -6.177678481410611 8.296013279012607 -1.4231699033760146 0.4118609055365958 0.4604364982299136 2
