0 -1.6958729836162243 -0.3804270361596591 -0.0 0.23795839133448468 0.31160837295645555 1
5 -2.0558627683650723 -1.4282475938939863 0.007438013690177986 0.39859615020099126 0.4914941102832003 1
10 4.931497858898603 -2.6191204727895387 -2.9640954521668523 0.43939557976875154 0.44779560332134805 2
15 4.972846000908953 -2.1294889862200934 -2.903362106278812 0.5823642289785347 0.6989130672574518 3
25 2.4445935764362474 -3.0107830518445065 -3.009280214059454 0.5517163276310515 0.6526894343227189 2
36 0.9790522330225853 -4.537147643328572 -3.1035690478556432 0.4221737521775641 0.42826449434565195 3
51 -0.4329302665213116 -4.080123481056672 -2.6627950914570393 0.4786000567699518 0.45984672285002076 1
62 -4.300656217733615 -8.264435216387195 -2.6206300524980692 0.4622427418503887 0.5004142268889821 2
67 -1.142530300012068 -7.120581294557183 3.0219423150344222 0.5344443208563966 0.5500132904203958 2
72 -1.3552895827244809 -8.818245911649388 -3.120346856704308 0.47179440012881907 0.5004806879054983 3
82 9.534073633908353 -0.01693160431228708 0.0993411626184264 0.6120023213844369 0.6136581795355668 1
88 -6.476875457724576 2.270668654509972 2.9772334810525023 0.6253816355685515 0.767472716405575 2
94 5.547120362964818 -5.931165286078002 -0.03570831291599472 0.500346708172571 0.48923883755823677 2
99 -4.074222051761762 -3.5233524202419777 3.0990583465218466 0.5448827355879321 0.5874206326633171 2
104 -4.394690117606396 -4.0083288700558475 -3.1342620540195014 0.4940381384872145 0.5038715360218311 2
109 -7.5849773128790545 -8.344488531054148 -2.641337291638148 0.5767921725201822 0.6063191021784161 2
114 7.6116451688086775 -6.181208094589108 0.17055995434816532 0.49679172839772645 0.4629322650843094 2
119 8.938257818962036 -4.244517727447529 0.14201245034173368 0.47569864648855875 0.5487736067705975 2
124 0.21852770126163348 -7.934886409481062 -2.5048802750035324 0.5414210845159277 0.5024680428272071 3
129 -5.562495167762676 -4.3399456433416725 -2.6813829489921415 0.4468342594346512 0.46842130424219214 2
134 -4.7754487877419844 -5.010941864490509 -2.663799899742415 0.5799737064466328 0.5715532058728702 3
144 -9.334623543274144 -2.6081266632244344 2.9380081121758743 0.46589141871776124 0.37102176225787376 0
149 -9.480441755067226 -3.301771065367677 2.904194766121461 0.45494054504130294 0.4572496511393616 0
154 3.652979863462113 -0.9844126711033778 0.29280696322524863 0.5328372699566097 0.44065269408732705 1
159 1.5451260389770123 -4.851447517272141 0.03126994909699444 0.5657093310498713 0.6032240863837228 2
164 -0.035848630873941856 -5.395569711286861 0.010028687790278355 0.40067785058350064 0.5022837224881631 0
169 -7.912386542643353 -7.421255765879565 -2.7792144721074044 0.49544531716386286 0.40257048944372203 0
174 3.0579058322694825 -6.252452200253626 0.21031040715107713 0.4008631751886536 0.4353133880173579 0
179 -3.7548075497610625 -8.678428768408509 -3.0317861756522633 0.5220357957701636 0.5132169640484724 2
189 4.814801491031121 -6.043051183041775 -0.06524987981946054 0.5143333097013523 0.4898641178253744 2
194 2.9530922972176055 -5.789238747759108 0.17935215482614705 0.5187725935891998 0.6022428995032156 2
214 -0.6364303000766507 -7.728621964555153 -2.60609774384883 0.6411660083666714 0.5075743121563226 2
229 4.274788937377693 3.058756269071636 -3.0524316575424058 0.6880924097274395 0.4823755436465311 2
239 3.0500677379426846 3.0767408414454516 2.7880501103923283 0.5652463281443261 0.4679264392558658 2
245 2.477958530289681 2.6812761026837015 2.744679336902334 0.5066009008028953 0.40199411103432264 2
251 -0.13662335434180053 2.632744569371377 3.1124318984824964 0.5173261713699712 0.6311004358541088 1
256 -1.9600694808900712 -3.0658671669164477 -2.4779698092047084 0.5762859716220092 0.445590865384076 1
262 -1.2687150793031547 3.470746139134735 3.0239460580223745 0.5991362403882 0.5854569533397369 1
267 -0.822732696207073 4.332662108869821 3.068161269910501 0.6343027668042012 0.4530165929446634 2
282 3.9600468904254935 5.327569627014196 0.1878850083516065 0.4288208017095922 0.46664328225203694 0
287 10.562594057199906 2.957497427980014 -0.06490410036592856 0.6378586073812988 0.6326675822129377 2
292 1.1291275139849477 7.966168180319663 -3.116842950444367 0.5809296958721468 0.7001653012245378 2
303 -5.546769269889879 9.852423207233066 2.3879399229401157 0.4551223607878055 0.4636188377391856 3
313 2.1825311475896085 1.0603467882214432 1.0412639636802314 0.43871849419753844 0.565072055277256 1
319 2.16808278161026 1.4981049035152896 -0.490665672215193 0.42835829701895145 0.6004329574719447 1
325 -8.328223579512828 2.3669327006814096 -3.1166816009904132 0.6135755230768164 0.5114800798086327 2
330 -5.059974345816562 4.963531866071459 2.925244748924704 0.5773555632715042 0.6629075060333175 2
335 -5.44748688397017 3.6815249527292195 2.9495784137500367 0.5056485344325979 0.4737811941367372 3
340 -8.26554574829579 1.3231099528037955 3.048966335654235 0.42358044818784457 0.4088188461020564 0
345 -8.276134018643276 0.7701270267229345 3.0770774834318093 0.3910141201842183 0.4933714186925395 0
350 -6.660755048442255 4.118093052743375 2.8617172013854812 0.48115365355724693 0.49421487833777017 2
355 7.717190243224422 3.308055492165531 -0.037263696383026804 0.5219068692236825 0.775926853040816 2
360 7.745790644224338 3.892713706146103 -0.05290702281514676 0.38577073703938275 0.4243460343506005 3
365 -5.778226011312859 4.683426975434451 2.935402577146189 0.38716398563035487 0.4096845214663302 0
370 -4.803790161873479 8.75787089256822 2.9422381084280795 0.5966288225303372 0.46946920703143497 2
375 -8.44119409863895 4.964930194301479 3.0985870645291933 0.6364604075899217 0.5492890671764266 3
380 -10.117962572856596 4.661565311937117 3.0698700586573904 0.452459621810261 0.506560739775165 0
385 3.802001650915237 4.1710159308763295 -0.14299304801187795 0.40541493355213376 0.5048878434529355 2
400 -0.4621017249653889 5.499887919689499 -0.28806976430682085 0.5076942225267828 0.5368692861352441 3
410 -3.039238209208968 2.392309198516944 -0.09716629677548737 0.7240969129549057 0.5054638159946987 2
415 -1.2735035601177422 1.7169353589124028 -0.30807316704679427 0.6917559603715038 0.504214639117025 1
420 -1.0029811105367457 2.5152486044748232 -0.31610091618977576 0.5439091041903116 0.49774807140021393 1
425 -7.109358689250899 1.748785072078604 -0.03913165603283985 0.33327754423149253 0.385288721000657 3
430 1.4943464768281662 4.6272637070070575 -0.23511604275015913 0.4638059636977276 0.6939548587599967 2
435 -0.4107431640354207 6.025146583857902 -0.3031869793833699 0.48575069895595596 0.5095270319831502 0
440 3.9460123273117804 4.760540022875605 -0.16428025064925864 0.5828710579379117 0.5159848650025481 2
522 5.989344909670133 -2.721079685804595 -2.89012925202436 0.434057388655355 0.5722644688339688 0
527 5.869903135406099 -2.1789425236744333 -2.9169359664616366 0.6038173239710127 0.5511563768062084 3
532 0.3020722035524559 -2.8852111331641654 3.1365104435885174 0.5018235180838321 0.5712842162858907 1
542 0.9519114825463734 -4.085465884446134 -3.126772122666345 0.43559520637964094 0.5665395175286679 2
552 0.1246793601392624 -3.485394262838924 -2.839296333671454 0.5724617228319144 0.5108581130994609 1
562 1.5105958264343433 10.633558267559266 1.6510034137569214 0.5066147096035227 0.5056507911005304 3
567 6.680941805668055 7.1359789082091005 0.3123856905082235 0.4878428935892737 0.4115842675100276 0
572 6.970974875798935 6.633723758448607 0.4066004836613724 0.46294216524027465 0.4577310312789185 2
577 2.78320129786129 10.258384304903284 1.738806277177754 0.44037638998906214 0.4393333983224793 0
582 8.08733328974232 6.529268711517361 -3.141592653589793 0.46642650651889894 0.49326628147850493 3
234 3.1225943533881884 3.645043675434051 2.8680637510718894 0.4389072771143802 0.49114654790137013 3
591 1.178376678499974 3.2897695342806865 3.079442824292453 0.4754660484300093 0.6821614308675351 1
596 -0.37489960765318003 3.0936024945867557 3.088812326105632 0.4252532418449201 0.38250290498164435 2
601 1.9879331531210904 7.115230627007483 1.3469120486211033 0.43726153077984203 0.451974422797018 2
637 3.753058907241257 5.880250279259787 -1.5263766519615554 0.4112333299689927 0.3867557714136062 0
671 -6.058594644281481 9.44562609230813 2.3297321603280587 0.4549441863081345 0.4640280469753082 3
681 4.09718539129731 -4.123884366450422 -2.965247099750207 0.5674902230971519 0.4484551453778277 0
705 -10.005902607019985 5.1632722012746415 3.0412116480350284 0.3988389581472142 0.5427953008663882 3
710 -4.111370156716333 8.078181245281781 2.8996320003592952 0.5743233010049175 0.6443420472318464 2
715 -0.7417570563544417 3.7524177367219425 3.0290603002144527 0.44616007245555706 0.534667167625429 1
721 6.078182765774914 -3.167680481970245 -2.9028231652959593 0.4585276227809211 0.4476227944475942 2
726 -6.460332415779071 -9.14459479005194 -2.6309379358808007 0.42354082608757354 0.41101639763564 0
752 -5.284217091728614 2.9370112536854704 -0.06566540997350027 0.6811530209278758 0.5372500296180784 2
757 -2.2704924441599332 7.507654336607223 3.108431404420589 0.4984565183689374 0.5618031818761433 3
762 -5.039213902100518 4.232924628298158 2.9388028910722617 0.41980461513915607 0.4456880106656221 3
772 -7.256550203347613 -4.737180673083886 1.4200507244427447 0.39539076633319675 0.474716898085136 0
777 -7.787398060052494 -4.859694506022471 1.4600776354204799 0.44020910974927435 0.45327505418943415 0
807 -5.326849140927375 6.043233403220121 -0.03412473572677618 0.506640304533863 0.452454640586167 0
812 -5.376860094928999 5.515226112821148 0.00496811426413125 0.4566121315307497 0.4476745122459278 0
817 1.5571645734894928 -5.601544519210123 0.33489181594117245 0.4874995859444882 0.5196610130731188 3
822 -3.3903425334620665 -7.548706115184745 -3.0119523746645207 0.541543422214901 0.5238245244500168 2
860 -0.5943936247480259 -8.42570487605377 -3.141592653589793 0.4142090056319045 0.558361289900296 3
890 -1.2827614237328089 7.909151773724793 3.0629014594651953 0.5197665154044896 0.4610638201329219 3
895 4.127633419451948 -6.593274051841368 -3.1359149297817295 0.6271542593702172 0.7223030169859145 2
900 6.438021314781002 -4.871339823866832 3.11871970045969 0.4669545438594143 0.42430649002456716 3
926 -6.710157634867419 3.018356313605651 0.04661388432484342 0.5074582874208774 0.6409450890496599 2
931 6.355358586108425 -5.421638827518696 -3.141592653589793 0.45112684655048474 0.42778279842814043 2
936 -5.50629478693751 -9.227185940409822 -2.9940152411600094 0.4279435423834349 0.4298761623138992 0
960 0.3944352846263576 -4.97277252985415 -0.0 0.444941379075073 0.4437384961598604 2
965 8.03906313294036 -0.4607236683143068 3.0523022616398428 0.604940770216972 0.6441402409428707 2
989 -7.493628149445838 -0.9216172893865274 -3.141592653589793 0.42898978537889 0.46190275653306706 0
994 -6.345332504628488 -6.422130090571854 -1.9395853362828461 0.4331777830737851 0.41590975301816135 3
999 -2.996916425706422 -2.011411208785545 -0.0 0.4177976596850008 0.40637930692509716 3
782 1.6959186893061302 -1.7778064449062796 0.14351664556921262 0.5666098714803195 0.5498250691950455 2
1085 -5.120375163928097 7.762859169261087 -0.8312607485571597 0.502004383303746 0.5103137216613245 2
1090 -3.7390375301191874 8.505391175032932 2.8939909232823817 0.44454881540274893 0.5128887486317673 3
1095 9.27107887618977 3.765658753665408 2.7773587130857837 0.4576547332592942 0.5625910110668038 3
1100 10.454855136470853 1.7115473257599436 -3.141592653589793 0.55510065269358 0.6851003825495595 2
1106 9.348242519382728 4.415255265909122 -0.0 0.5910923842523208 0.4590644139599739 2
1139 10.542048947836522 2.294552902287927 -3.141592653589793 0.5597496816271982 0.4468205729365939 2
1145 -5.1466936844849185 -8.113144559662635 -2.5621160574451216 0.4261169818858394 0.42014803251935556 2
1155 -7.938813513958627 -5.9011348005696425 0.8264847444968826 0.4631188934214627 0.47289528058647046 3
1181 -2.0234950471668793 8.03155169057416 -3.141592653589793 0.46544980588253954 0.5216758080929197 3
1186 -3.6925970317436576 -6.8275462790802495 0.86447238317243 0.5206377067197686 0.43525351855930916 2
1191 -5.253597398271744 -1.1598446987399254 -3.141592653589793 0.6360088570170044 0.40407562498526206 3
1196 4.116058329046393 -8.526807280733813 -2.894194207579779 0.4246158397117672 0.5083612442245135 2
1201 3.947135818298103 -8.040139603220116 -2.950261958865206 0.42975978824880606 0.4205271006184948 3
1226 -6.8661271549506315 5.909567408887182 -0.0 0.512928775914225 0.4391202077574856 3
1231 1.8823162374015245 -1.2555851620882243 0.20380258292125333 0.45003300477919983 0.4329850541006888 1
