0 -1.6958729836162243 -0.3804270361596591 -0.0 0.23795839133448468 0.31160837295645555 1
5 -2.0558627683650723 -1.4282475938939863 0.007438013690177986 0.39859615020099126 0.4914941102832003 1
10 8.138108234622994 -1.6155872014776873 -3.141592653589793 0.4328337597154036 0.4934153285624615 2
15 8.181399167973883 -1.1024113452589779 3.128401505124898 0.516434638249716 0.6291702955296742 2
25 6.456623121901786 -2.3121786813188696 -3.009280214059454 0.5517163276310515 0.6583576300105777 2
36 4.6047059078983485 -4.308038302514443 3.137513936369409 0.5473186846900367 0.45434699328683303 3
41 10.894212562249841 -2.597383465444447 0.20167188775333694 0.4213058299949137 0.7812516194153141 2
46 9.724105337610723 0.163880326592456 0.15337178952750108 0.530159814620652 0.5424921444012081 2
51 2.3475825421931735 -2.966258294861895 -2.9826375586536233 0.43628206961005256 0.44249411527209404 3
57 9.842348620762248 -4.027085906903059 0.2668510132787227 0.4966019149629835 0.4755333609627522 3
62 -0.03439598128309368 -5.083287869417914 -2.913529499811393 0.5290326240968347 0.7495301498948429 2
67 2.8755182988449963 -7.9575507179304 3.0219423150344222 0.41525010376884297 0.479944240449497 0
72 2.8781130181224412 -8.467290798829795 3.050138098623896 0.4408487791078244 0.48004912917422166 0
77 3.3106852421119903 -8.976156721232895 -2.164484118260556 0.4457347170600535 0.5363286559750167 0
82 5.455410396895416 -0.2354306674898306 0.0993411626184264 0.6120023213844369 0.5275403555984782 1
88 -2.163715602854519 1.2522524089176759 3.0650282580155523 0.5535153340870996 0.7207410502273557 1
94 2.8339926615137347 -5.6494680398377595 0.31208679503704273 0.5009844743007738 0.5683050079385349 2
99 -1.6753375754437092 -3.394728730042098 3.0990583465218466 0.5758513440005494 0.6062613218413675 2
104 -1.806993541754035 -3.937152666150399 -3.1342620540195014 0.48468265133901933 0.5874655227112872 2
109 -3.448451195348793 -6.2687000525766 -2.846802636904809 0.4273360589207482 0.5677116563306192 3
114 4.69077185435837 -6.162319320935573 -0.05559479293601366 0.49378175221371484 0.4527169715411905 3
119 4.247831066497503 -5.248683643758974 0.5074699256223135 0.4921691070591076 0.4772883128207161 2
124 0.21852770126163348 -7.934886409481062 -2.5048802750035324 0.5414210845159277 0.5024680428272071 3
129 -3.0428235752041535 -3.7913674183065953 -2.666799154686931 0.5773124564873076 0.6685079378014659 2
134 -2.926771540419544 -4.38540150351264 -2.705673778011994 0.6126634454200961 0.5713125206555458 2
139 -5.05826624687311 -6.688632374864493 -2.613645861044746 0.5769436118410108 0.42259648991089355 2
144 -5.7635391519450785 -3.5345180682153634 2.9380081121758743 0.46589141871776124 0.37102176225787376 3
149 -6.084285603397755 -3.9845311235876917 2.904194766121461 0.45494054504130294 0.4572496511393616 0
154 0.4399444010757594 -1.7225202642019892 0.060020764224035614 0.47064557796650064 0.5130177152715264 1
159 -2.036466848008174 -5.013867637245284 -0.13451235101728984 0.5352290359824424 0.46074169910465723 2
164 -3.105138246794166 -5.078194723473449 -0.2624113791361448 0.6907392362210787 0.7620240676413313 2
169 -4.404530270166266 -6.266932562672574 -2.7792144721074044 0.49544531716386286 0.40257048944372203 0
174 0.5688314071146776 -7.1062957225879515 0.4531587170339654 0.44141929020276593 0.4353133880173579 0
179 -2.5617890442278712 -9.046533147692873 -3.0317861756522637 0.5220357957701636 0.41376015859102255 0
184 -4.356992864434397 -6.880471396319528 -2.485892410498155 0.4019586479374992 0.42086545666113095 0
189 1.2238750285274027 -5.742803421020381 -0.06524987981946054 0.618337259317808 0.5194135027733808 2
194 0.3114219843346713 -6.197406492845947 0.17935215482614705 0.4347598121126316 0.4838364982059189 2
199 -4.670944868051639 -7.84844776884211 -2.3737464227166845 0.519554417947198 0.5186421866338999 3
204 -6.060601814357475 -8.573233003158997 -2.4166821176665305 0.4474639076789921 0.5173416817661796 3
209 -6.2610062077415 -9.55667335551325 -2.4248354930025386 0.508077663567 0.5168467377708879 3
214 -0.6247906786504722 -7.737084074817575 -2.8169835090037747 0.5864234690328942 0.5363562019298348 2
219 -4.359634832926668 -8.717510602686279 -2.789972683336909 0.5703580026890296 0.4555667406698829 0
224 -6.032790233197272 -10.045793057351379 -2.591379112792009 0.5194723609010758 0.517291957789056 0
229 7.005957045346453 2.1366325718176356 3.06111674690665 0.5979771703566431 0.6108000776697929 2
239 5.624171905985708 2.2926680098855483 2.8210574073899872 0.5652463281443261 0.5247678931877566 2
245 4.974470556301514 1.9575955673105865 2.744679336902334 0.3657874713835661 0.48310695611254795 3
251 3.0093068538317693 2.5501600578866235 3.010636912134003 0.6156247925265098 0.5509059937068291 2
256 0.593540225444199 -0.7969612791391905 -2.702330707076262 0.5333549083565463 0.45039504159598515 1
262 1.702325587688452 2.529225460564665 -3.1045846080756956 0.6773222984923821 0.5112885947715455 1
267 2.2347886498091913 3.3665608724153717 3.068161269910501 0.4534204290191408 0.48736377911419937 2
277 8.652487100835774 3.860055438847207 -0.03919125171153173 0.43484319479094385 0.42874916959050896 0
282 3.7538507741311986 5.367845754566307 0.18788500835160657 0.4288208017095922 0.3736848900088506 3
287 7.121774235173496 3.1659276163784624 -0.06490410036592856 0.41810590432521966 0.5097425964631496 0
292 5.334504093166919 7.938131184529727 -2.9870679961741176 0.5809296958721468 0.6210047333155122 2
298 5.0274271742222565 9.21105551508314 0.5937994471530192 0.47476515405131364 0.44453308926942536 0
303 -2.7670944572428597 8.047016623691754 3.0600683109166082 0.4551223607878055 0.41018615962503086 0
308 -4.399258958056418 8.430867600753919 2.1789243352179986 0.6359521075266754 0.46770639527794444 2
313 2.1825311475896085 1.0603467882214432 1.0412639636802314 0.43871849419753844 0.565072055277256 1
319 2.1464236998196924 1.509676127359167 -0.490665672215193 0.42835829701895145 0.5027759129538594 1
325 -2.9368914769480803 1.505110338655579 -3.1166816009904132 0.4206039720637605 0.46073256898932635 3
330 -1.5160256528194407 4.29296984955035 2.925244748924704 0.6304603878171243 0.5211582589703784 2
335 -2.14723439799778 3.0323211754137347 2.9495784137500367 0.45577420306623667 0.5585014803629066 1
340 -4.769906596864686 1.5775479193728101 3.0489663356542365 0.42358044818784457 0.4088188461020564 0
345 -4.8324429908869755 1.153635372293014 3.0770774834318093 0.3910141201842183 0.4933714186925395 2
350 -3.070535651058591 3.74629045544988 3.010803409836279 0.45170198019347746 0.4249295789907653 2
355 4.162561566459887 3.935228717821413 0.016403013681493935 0.47807680182744705 0.4989891545914121 3
360 4.021892928747405 4.534279533705384 -0.05290702281514676 0.44390035911741893 0.5577364334562965 2
365 -2.6115795718421486 4.295176057096797 2.9354025771461885 0.35930647346275246 0.4096845214663302 3
370 -2.0192844612012855 7.265072680421253 2.3959219791391044 0.5686386686719677 0.4123759938019338 2
375 -4.7797881953640555 4.285419553610353 2.9745719292562245 0.8614813707365662 0.5059927936808725 2
380 -6.556757907204277 4.247521104528539 3.0698700586573904 0.43566961096900964 0.506560739775165 0
385 -0.3320564581031707 4.744103616533341 -0.10630179110742256 0.5240044248256838 0.5759590397911771 1
400 -2.252874176774927 6.102027837340261 -0.6588844527376712 0.4772641017001601 0.5280129412390328 0
405 -9.783154275156482 2.401853512727471 -2.0599554607825166 0.5060421959830234 0.3867155497790516 0
410 -7.433174403861176 2.7935124942130227 -0.04046759595186394 0.8226503955393794 0.6372652650790985 2
415 -4.737137386089084 2.2138644071429434 -0.1527045700203219 0.6784649920949475 0.4596929087449615 2
420 -4.286266732976637 3.1736679521142492 -0.11679102136357652 0.5638770251115588 0.47281127352105295 2
425 -7.109358689250899 1.748785072078604 -0.03913165603283985 0.33327754423149253 0.385288721000657 3
430 -2.2583799842421723 5.396929311835751 -0.6580364523890917 0.5686270179888068 0.5037196627263595 2
435 -2.35766775383818 6.845728411150784 -0.7838892314080094 0.4914578992470944 0.5651839174035832 2
440 -0.6773050098715218 5.374743494954785 -0.0001848167685247434 0.4514466373112657 0.721617405046019 2
522 9.453702367738572 -1.854772476900094 -3.0323179258150175 0.49908975080220436 0.4727390121588156 2
527 9.406186656850883 -0.7785013945670282 -2.9169359664616366 0.5489987681358558 0.4586107413385208 2
532 5.278427979580163 -3.3598823149447017 3.1365104435885174 0.5141289868310441 0.5008679748713168 2
542 4.650050938032983 -3.7318869333506646 -3.126772122666345 0.5377315458445339 0.7134005717364141 2
547 9.410090404908381 0.8467130327194151 0.23032893498111914 0.5191290326362523 0.5758145483348803 2
552 2.321373978524994 -2.269622092993872 -2.928941446163438 0.4380916621094692 0.5108581130994609 1
562 1.8479716033486986 9.619942569805751 1.4747708157965738 0.5066147096035227 0.5056507911005304 0
567 2.708523864609765 7.217169238043742 0.02144267807520207 0.4320050748208924 0.40067764659305377 2
572 2.800967350147303 6.777907767812582 0.053740937010906785 0.4522183779808798 0.39956653111169393 0
577 3.6949778462716942 8.433701153501024 2.688733650470618 0.44037638998906214 0.4393333983224793 0
582 8.08733328974232 6.529268711517361 -3.141592653589793 0.46642650651889894 0.49326628147850493 0
234 5.568029696274646 3.140973172008028 2.8680637510718894 0.5228294583359062 0.5238450425919746 3
591 4.208432751662393 3.090041934010768 2.996953591733813 0.39773701079974083 0.4694886299146481 2
596 3.225694233568886 3.211617858240715 2.9336644748578973 0.7585308041540066 0.42056763780106793 2
601 1.4435461768823872 6.198722374339158 -0.469129655036432 0.3631479345594433 0.5281038652570116 2
637 3.753058907241257 5.880250279259787 -1.5263766519615554 0.4112333299689927 0.3867557714136062 0
647 -5.662879278633304 -7.567559427135471 -2.5774884751663025 0.4144995031970419 0.5183064956341922 0
671 -2.8554806910866177 7.534396665597975 3.0424973569691334 0.37576532481478964 0.4244060947212734 0
676 10.559097431241499 -2.1976558954143393 0.25590169496503035 0.45564007584404753 0.44351193626790286 3
681 8.208104854858362 -3.604130817740126 -3.1346912043251582 0.589166973891181 0.4484551453778277 2
686 -3.931432167766809 -7.821445484345513 -2.471959899040483 0.4152117847075129 0.44278370687571805 0
705 -6.45276629064433 4.67502201181739 3.041211648035029 0.41002906979182446 0.49807979583740236 0
710 -0.4455192508725539 7.6877203402042005 -2.9881758281339588 0.6380822551834452 0.6355206391376181 3
715 2.263227022409789 2.802611072523464 3.0290603002144527 0.3897326908793398 0.4871695612727624 2
721 9.647373391597634 -2.4033880154798157 -2.973542878091168 0.4287590751970446 0.40315368806620455 0
726 -3.3168551552785743 -7.295111447268174 -2.6309379358808007 0.42354082608757354 0.41101639763564 0
731 2.047355808680436 -9.029387138693899 -0.0 0.47882908970090216 0.46542357822453767 3
752 -9.760204637716386 3.081492867451798 0.3240826594742159 0.5119599556040134 0.4513929222217407 2
757 1.7176658787841543 7.733563317438051 3.10843140442059 0.4288426710462368 0.7452345360129896 2
762 -1.9160694508424239 3.4543983129852616 2.938802891072262 0.4186280575355527 0.5028473073734365 1
772 -7.531405440744593 -7.555510295062075 1.4200507244427447 0.3916402053833008 0.5130950886819055 3
777 -7.995038369427267 -7.514946876724364 1.4600776354204799 0.4892232662867331 0.4286654480767702 3
807 -8.509491102100261 7.25908769175169 -0.44077489805793885 0.46923748710465624 0.3831992340087891 0
812 -8.740076810795733 6.737983758793535 -0.42359040241288937 0.4221222465515518 0.421794021455589 2
817 -1.0566064683025522 -6.212759916897354 0.33489181594117245 0.4630910667955446 0.4775707586362231 2
822 1.1701216583204415 -7.434583861570243 2.8558967553705243 0.5384967688449793 0.654480609269459 2
855 -5.1107675410554405 10.447055641085267 1.8489132760001552 0.5881821936178748 0.38743453758394164 2
860 -0.7491923530901241 -8.334122236105394 -3.141592653589793 0.4142090056319045 0.558361289900296 2
890 2.589255466853568 7.999726393514312 3.0629014594651958 0.5581229701283958 0.6486801005144583 2
895 8.32608608601155 -6.043346602262484 -3.13591492978173 0.47341575319398865 0.5156059634403569 2
900 10.042169307885409 -5.830099565751679 3.11871970045969 0.45108981029826084 0.5119747108188671 2
782 -2.44289356873984 -2.8552916001764874 -0.0 0.38182509058957514 0.27967882090249857 2
787 -2.3660922686420753 -2.404589273329801 -0.0 0.5014913726052346 0.42569999480668624 2
