0 -1.6958729836162243 -0.3804270361596591 -0.0 0.23795839133448468 0.31160837295645555 1
5 -2.0558627683650723 -1.4282475938939863 0.007438013690177986 0.39859615020099126 0.4914941102832003 1
10 5.643397558846532 -2.5241721910434416 -2.9640954521668523 0.3563154487586701 0.3828365964858651 2
15 5.596182091328097 -1.9436241377788377 -3.0832292992019834 0.516434638249716 0.4286631635765374 3
25 4.102633489593197 -2.7901145234806517 -3.009280214059454 0.5517163276310515 0.9028072698161608 2
36 1.7197289146364423 -4.641310771431039 -3.1035690478556432 0.4746539363539189 0.4625955907199463 3
51 0.23908281099244183 -3.924338388805721 -2.6627950914570393 0.4786000567699518 0.45984672285002076 2
62 -3.4105213235621563 -7.469084599411814 -2.715529326394799 0.4622427418503887 0.6247857034695603 2
67 -0.30961119529911396 -7.053705579158645 3.0219423150344222 0.4618104951215683 0.44287167575207836 2
72 -0.1899038381796836 -8.87003789441524 -3.120346856704308 0.47179440012881907 0.5004806879054983 2
82 8.717651899280133 0.08971448348120734 0.0993411626184264 0.6120023213844369 0.6136581795355668 1
88 -5.36009154406494 1.8605362057660375 2.9772334810525027 0.6253816355685515 0.6885275568369865 2
94 5.063766574015052 -5.779168175728668 0.09375796580868379 0.5590661386600561 0.6597376224447037 2
99 -3.658797094815943 -3.5410328965236633 3.0990583465218466 0.5448827355879321 0.6152086175573634 2
104 -3.8106245201960047 -4.075481925189155 -3.1342620540195014 0.4940381384872145 0.5855836612766351 2
109 -6.592249068820545 -7.887086492660452 -2.641337291638148 0.5797506819709289 0.5677116563306192 2
114 7.0167270628793394 -6.415927578969173 -0.06302128967420623 0.5660961771134928 0.5667687790960928 2
119 7.890723207841312 -4.414326761410089 0.14201245034173368 0.6787739128045313 0.5487736067705975 2
124 0.21852770126163348 -7.934886409481062 -2.5048802750035324 0.5414210845159277 0.5024680428272071 2
129 -5.1871316360393775 -4.277264918479804 -2.6813829489921415 0.6160108045933251 0.46842130424219214 2
134 -4.534594362383981 -4.908593675318376 -2.663799899742415 0.44808094440195406 0.5073344752194806 3
139 -8.19824944246122 -7.630214958764982 -2.613645861044746 0.45913616445290656 0.42259648991089355 0
144 -8.617352123141929 -2.7531325098093244 2.9380081121758743 0.46589141871776124 0.37102176225787376 0
149 -8.755713737751071 -3.2914985621906236 2.904194766121461 0.45494054504130294 0.4572496511393616 0
154 2.8280167930209106 -1.0247069233453068 0.29280696322524863 0.586857604873213 0.5278935353411003 1
159 0.7406261082028628 -4.913864906510402 0.03126994909699444 0.42893969109289154 0.5463855538857336 2
164 -0.2652203188802146 -5.397870085454042 0.010028687790278351 0.40067785058350064 0.5022837224881631 2
169 -7.038386097001767 -7.019687993557763 -2.7792144721074044 0.49544531716386286 0.40257048944372203 0
174 2.680032824573386 -6.1565379287867685 0.1322861835982189 0.44141929020276593 0.4353133880173579 0
179 -3.7548075497610625 -8.678428768408509 -3.0317861756522633 0.5220357957701636 0.5132169640484724 2
184 -6.517926117802558 -8.718444115285648 -2.485892410498155 0.4019586479374992 0.42086545666113095 0
189 4.146753098267475 -5.91254408202546 -0.06524987981946054 0.5856815470171595 0.42769072957815574 2
194 2.4226522625942084 -5.670498075175561 0.17935215482614705 0.469225657375657 0.49620123679597555 0
214 -0.8059032400376566 -7.64844129717609 -2.721613495161357 0.4923212437155776 0.6351733525427242 2
229 5.005328527094832 2.98246392285774 2.978105806244404 0.5979771703566431 0.4823755436465311 3
239 3.5605681351662524 2.942537786033232 2.7880501103923283 0.5652463281443261 0.4679264392558658 2
245 3.0621056339350132 2.5871199250525243 2.744679336902334 0.3657874713835661 0.32669482042788345 3
251 0.6276407353876865 2.4161428723109957 -3.117292484500423 0.5711421895724605 0.5767223930318872 1
256 -1.5598351661421814 -2.4376405324794588 -2.4779698092047084 0.5762859716220092 0.445590865384076 1
262 -0.5815000587394271 3.1690720224024314 3.0239460580223745 0.5264612350623468 0.6296402285738446 1
267 -0.2469907932067319 3.990492589840929 3.068161269910501 0.5137912150813451 0.48736377911419937 2
277 11.277966411098173 3.310981734668123 -0.039191251711531865 0.43484319479094385 0.4339663834641056 0
282 3.998831441921614 5.334943637113932 0.1878850083516065 0.4288208017095922 0.5442175903200491 2
287 9.798396107609225 2.983381116308096 -0.06490410036592856 0.6001707564519977 0.5918481577253076 2
292 1.6851625558710972 7.6008603739529095 -3.116842950444367 0.5809296958721468 0.6210047333155122 0
303 -5.0715721786841845 9.2349360926439 2.3879399229401157 0.4551223607878055 0.4636188377391856 2
308 -5.452132656050346 10.410484823809712 1.9873605595897972 0.43806947187905837 0.46770639527794444 3
313 2.1825311475896085 1.0603467882214432 1.0412639636802314 0.43871849419753844 0.565072055277256 1
319 2.1464236998196924 1.509676127359167 -0.490665672215193 0.42835829701895145 0.5027759129538594 1
325 -7.153702322518667 2.1439870633103655 -3.1166816009904132 0.4206039720637605 0.46073256898932635 2
330 -4.0171961301069645 4.839089224274194 2.925244748924704 0.5773555632715042 0.4915763674466843 2
335 -4.534606273586262 3.6952816138098745 2.9495784137500367 0.4865063439603097 0.424070701136525 3
340 -7.209111532535422 1.2542993487281642 3.048966335654235 0.42358044818784457 0.4088188461020564 0
345 -7.224554833807943 0.7914455511065437 3.0770774834318093 0.3910141201842183 0.4933714186925395 0
350 -5.759675459916946 4.08138014704581 2.8617172013854812 0.43178982395619403 0.49421487833777017 2
355 6.908843569666365 3.451486817022315 -0.037263696383026804 0.47807680182744705 0.5764163415357328 3
360 6.757797082964675 4.261637284888245 -0.05290702281514676 0.5352394564188329 0.5344141768737473 3
365 -5.602644739771331 4.477655618746423 2.935402577146189 0.35930647346275246 0.4096845214663302 0
370 -4.06285614553351 8.416458126442704 2.395921979139104 0.5966288225303372 0.46946920703143497 2
375 -7.654086968409026 4.949406931320608 3.0985870645291933 0.6364604075899217 0.4783872731192113 3
380 -9.385864719036501 4.50162909146078 3.0698700586573904 0.452459621810261 0.506560739775165 0
385 2.926807924804571 4.136803570097749 -0.14299304801187798 0.5221437673079938 0.47981599747384296 2
400 -0.7247033123377569 5.577699887253702 -0.28806976430682085 0.5076942225267828 0.5368692861352441 2
410 -4.037499076258872 2.5928763800434145 -0.09716629677548737 0.8155927934239461 0.7356423987524633 2
415 -2.0606443388071245 1.9471622097898134 -0.30807316704679427 0.6917559603715038 0.504214639117025 1
420 -1.5894969500175418 2.628504656636792 -0.31610091618977565 0.5439091041903116 0.4257458816295663 1
425 -7.109358689250899 1.748785072078604 -0.03913165603283985 0.33327754423149253 0.385288721000657 3
430 0.5579950446005957 4.671740070379308 -0.3775811075663842 0.5633440647613315 0.42483965806368956 0
435 -0.7680436602286778 6.114471707906294 -0.3031869793833699 0.48575069895595596 0.5095270319831502 3
440 2.994791165288211 4.88649844104618 -0.16428025064925864 0.5213121566704582 0.461147223398626 2
522 6.973502371612237 -2.2652006488637433 -2.89012925202436 0.45823915935158255 0.5722644688339688 0
527 6.798608137633133 -1.8019137845759388 -2.9169359664616366 0.6038173239710127 0.5511563768062084 2
532 1.5528808829831746 -3.129323251644243 3.1365104435885174 0.5504725175510146 0.5056284659326709 3
542 1.702919621467635 -4.103801343146245 -3.126772122666345 0.5277505504179053 0.5665395175286679 3
552 0.7132921765658404 -3.3851016804011014 -2.839296333671454 0.5724617228319144 0.5108581130994609 2
562 1.532602897114269 10.359768762572003 1.6510034137569214 0.5066147096035227 0.5056507911005304 3
567 5.8389613263571665 7.005913852150619 0.02144267807520207 0.4320050748208924 0.4842904489898451 2
572 6.0653832072157865 6.507645108592725 0.05374093701090679 0.5129953245057604 0.44762844691126674 2
577 2.8390233587005107 9.929261931577146 1.738806277177754 0.44037638998906214 0.4393333983224793 0
582 8.08733328974232 6.529268711517361 -3.141592653589793 0.46642650651889894 0.49326628147850493 3
234 3.791720307894669 3.59471161678104 2.8680637510718894 0.6067174600304622 0.5775465944544101 2
591 1.8819535392450049 3.3717579892804137 2.996953591733813 0.6511252318450546 0.6821614308675351 1
596 0.5094482807200547 2.9493159472413732 3.088812326105632 0.46224890602742374 0.42056763780106793 2
601 2.0113050435198145 6.780992330279531 0.23028572035351721 0.3631479345594433 0.451974422797018 0
637 3.8173182055749986 5.883106535210635 -1.5263766519615554 0.4112333299689927 0.3867557714136062 3
671 -5.245978392829908 8.700586880491905 2.3297321603280583 0.4549441863081345 0.4640280469753082 0
681 4.989150319652825 -4.037064009694544 -2.965247099750207 0.5674902230971519 0.4484551453778277 2
686 -6.289485483448246 -9.558973646426002 -2.471959899040483 0.5183137369084483 0.44278370687571805 0
705 -9.405554429064516 4.987930812894843 3.0412116480350284 0.3988389581472142 0.5427953008663882 2
710 -3.326237509492067 7.838039053439102 2.899632000359295 0.6446840569015175 0.5710872401554271 2
715 -0.017704446940159435 3.463929591199983 3.0290603002144527 0.3896926261726181 0.5063563186096509 1
721 6.7296620212231115 -2.8459302199282375 -2.9028231652959593 0.4764995687969878 0.46785855538611354 2
726 -5.688811770837125 -8.829654598023946 -2.6309379358808007 0.42354082608757354 0.41101639763564 0
752 -6.280997585966853 3.050021693779843 -0.06566540997350027 0.6811530209278758 0.5733147445744959 2
757 -1.3265671466741455 7.790199627831555 3.1084314044205894 0.4288426710462368 0.4933168791213426 0
762 -4.0629534160098935 4.239270988966893 2.9388028910722617 0.41980461513915607 0.4456880106656221 2
772 -7.3614775944866935 -5.2921294473813525 1.4200507244427447 0.39539076633319675 0.474716898085136 3
777 -7.730282943955719 -5.384941074209641 1.4600776354204799 0.44020910974927435 0.45327505418943415 0
807 -6.067836648660032 6.077367500650702 -0.44077489805793885 0.506640304533863 0.3831992340087891 0
812 -6.40378460566512 5.70588007890756 -0.42359040241288937 0.4221222465515518 0.421794021455589 0
817 0.7649027985571988 -5.60132209076377 0.33489181594117245 0.4874995859444882 0.5196610130731188 3
822 -2.4571957353712457 -7.301526252182314 -3.011952374664521 0.6386918384683938 0.5238245244500168 3
860 -0.798697010649807 -8.42570487605377 -3.141592653589793 0.4142090056319045 0.558361289900296 0
890 -0.5027076845162266 7.965470239045316 3.0629014594651958 0.5581229701283958 0.4610638201329219 0
895 5.176013643708441 -6.426932005185204 -3.1359149297817295 0.5396601533676026 0.6172918628402003 2
900 7.396217607350735 -4.996574308226715 3.11871970045969 0.5333954682213384 0.5119747108188671 3
926 -7.645492952475803 3.058160918146987 0.04661388432484342 0.5074582874208774 0.47907400173349945 2
931 7.263341001117265 -5.670892509737206 -3.141592653589793 0.45112684655048474 0.42778279842814043 0
936 -4.671768195367891 -9.144532607856574 -2.9940152411600094 0.4279435423834349 0.4298761623138992 0
960 -0.3133255646660467 -4.954189040646854 -0.0 0.4090842995270664 0.6216145733719101 2
965 9.105587071637729 -0.6004737461756686 3.0523022616398428 0.604940770216972 0.542079378218138 2
989 -6.847109224270342 -0.9297568025651344 -3.141592653589793 0.42898978537889 0.46190275653306706 0
994 -6.02271872263965 -5.412402715371894 -1.9395853362828461 0.4331777830737851 0.41590975301816135 2
999 -2.996916425706422 -2.011411208785545 -0.0 0.4177976596850008 0.40637930692509716 3
782 0.7980208857551266 -2.0246821623975437 4.23808512193702e-05 0.48127800915466556 0.45100201247639204 2
1085 -5.937781575464202 8.464304590949789 -1.4691783064764383 0.502004383303746 0.42769972862153 2
1090 -3.0665675461494915 8.351153679314953 2.8939909232823817 0.35969842325094986 0.5128887486317673 2
1095 10.491991940143484 4.491521521285918 -3.067961575771282 0.6469410864616716 0.5625910110668038 2
1100 11.232178692643263 1.7391301722563823 -3.141592653589793 0.55510065269358 0.6274515879689515 2
1106 8.450738217385494 4.710378044901186 -0.0 0.4774329266245669 0.4590644139599739 2
1139 11.498391179141846 2.3396172725998263 -3.141592653589793 0.5896740259757135 0.6001551777282597 2
1145 -4.272693238843351 -7.711576787340829 -2.5621160574451216 0.4261169818858394 0.42014803251935556 2
1150 -8.507909969808662 -6.359758932258593 1.312611898245007 0.4631188934214627 0.47289528058647046 3
1155 -4.408657697830168 -1.1844029375589735 -3.141592653589793 0.43485846278905727 0.3937864723409569 3
787 0.9593603765272062 -1.5379431409291473 -0.0 0.46679955919104293 0.442649582635262 1
