0 -1.6958729836162243 -0.3804270361596591 -0.0 0.23795839133448468 0.31160837295645555 1
5 -2.0558627683650723 -1.4282475938939863 0.007438013690177986 0.39859615020099126 0.4914941102832003 1
10 5.908874221302929 -2.212282540897807 -2.9640954521668523 0.3563154487586701 0.3828365964858651 2
15 5.920297593541229 -1.684417558780515 -3.1006236019796156 0.516434638249716 0.6008257862670181 2
25 4.396088839861551 -2.75105855156444 -3.009280214059454 0.5517163276310515 0.8014805956234594 2
36 2.156262737027518 -4.6247041774660556 -3.1035690478556432 0.4746539363539189 0.4625955907199463 2
51 0.5578931590349812 -3.874676678822552 -2.6627950914570393 0.4786000567699518 0.49858486766523774 3
62 -2.91596286404221 -7.100768815950519 -2.715529326394799 0.4622427418503887 0.6247857034695603 2
67 0.06815090396994403 -7.159673929064316 3.0219423150344222 0.4618104951215683 0.6147000021230637 2
72 -0.1899038381796836 -8.87003789441524 -3.120346856704308 0.47179440012881907 0.5004806879054983 2
82 8.263666933504142 0.05341939310785887 0.0993411626184264 0.6120023213844369 0.6820735826060689 1
88 -4.8341089912100035 1.6061600035844423 3.065028258015553 0.6253816355685515 0.6885275568369865 2
94 4.805863193476631 -5.839475448960587 0.09375796580868379 0.5590661386600561 0.6817191642897124 2
99 -3.4537336832895953 -3.575577091895717 3.0990583465218466 0.5448827355879321 0.6152086175573634 2
104 -3.587403132134054 -4.073845549265956 -3.1342620540195014 0.4940381384872145 0.5855836612766351 2
109 -6.05211595118969 -7.601918490356342 -2.641337291638148 0.5797506819709289 0.5677116563306192 2
114 6.621397028085594 -6.477961532091487 -0.06302128967420627 0.5660961771134928 0.5667687790960928 2
119 7.557084759585655 -4.366055539597651 0.14201245034173368 0.4921691070591076 0.6014280326492142 2
124 0.21852770126163348 -7.934886409481062 -2.5048802750035324 0.5414210845159277 0.5024680428272071 3
129 -5.009170037528038 -4.189047578585702 -2.6813829489921415 0.6160108045933251 0.46842130424219214 2
134 -4.566589088823349 -4.846804959918129 -2.663799899742415 0.5853959309720721 0.5073344752194806 2
139 -7.705229564072547 -7.311202096278206 -2.613645861044746 0.45913616445290656 0.42259648991089355 2
144 -8.178914639271436 -2.837991377655218 2.9380081121758743 0.46589141871776124 0.37102176225787376 0
149 -8.303133109239594 -3.40464371931851 2.904194766121461 0.45494054504130294 0.4572496511393616 0
154 2.490842973242158 -1.126355483947403 0.29280696322524863 0.586857604873213 0.5278935353411003 1
159 0.35523160914737967 -4.838863636805308 0.03126994909699444 0.42893969109289154 0.5463855538857336 2
164 -0.6619544408964539 -5.485960352946124 0.010028687790278346 0.40067785058350064 0.5022837224881631 2
169 -6.632369726564049 -6.787678639021913 -2.7792144721074044 0.49544531716386286 0.40257048944372203 0
174 2.39381270293603 -6.194623316078804 0.4531587170339654 0.44141929020276593 0.4353133880173579 0
179 -3.7548075497610625 -8.678428768408509 -3.0317861756522633 0.5220357957701636 0.5132169640484724 2
184 -6.053907408730871 -8.283426575530948 -2.485892410498155 0.4019586479374992 0.42086545666113095 0
189 3.530676131778153 -5.857000171733191 -0.06524987981946054 0.45958707096087126 0.42769072957815574 0
194 2.055766920176718 -5.737014501720339 0.17935215482614705 0.469225657375657 0.49620123679597555 2
199 -6.439210442474726 -9.57042443095919 -2.3737464227166845 0.519554417947198 0.38974564201896783 0
214 -0.6261471961100228 -7.6567569249905425 -2.7624879870385075 0.4747427844630319 0.5127485503866333 2
229 5.442089910083181 2.9104161381080678 2.978105806244404 0.5979771703566431 0.4823755436465311 3
239 3.8070165875263102 2.8515864080987288 2.7880501103923283 0.5652463281443261 0.4679264392558658 2
245 3.3136022667519716 2.5765362878053346 2.744679336902334 0.3657874713835661 0.3676255165664138 3
251 1.021249848969687 2.4162113247254315 -3.0124194374485436 0.6632953936760635 0.5767223930318872 1
256 -1.2850841538748063 -2.114090693572898 -2.4779698092047084 0.5762859716220092 0.42114605082454293 1
262 -0.21969801528098118 3.107880616211353 3.0239460580223745 0.5264612350623468 0.5747132691772718 1
267 0.07781774948017198 3.8774675208788625 3.068161269910501 0.4842287939059465 0.48736377911419937 2
277 10.83603276265768 3.5629051817846538 -0.039191251711531844 0.43484319479094385 0.4339663834641056 3
282 3.9600468904254935 5.327569627014196 0.1878850083516065 0.4288208017095922 0.46664328225203694 2
287 9.365431213120033 2.9351019895959922 -0.06490410036592856 0.5814029359937031 0.5918481577253076 2
292 2.0093863397710816 7.910292891159387 -3.0487839088361923 0.5809296958721468 0.6210047333155122 2
303 -4.812489322401715 8.946734135972322 2.522865301298128 0.4551223607878055 0.4636188377391856 2
308 -5.440584769938692 10.148234245307936 1.9873605595897972 0.6351261456101364 0.46770639527794444 2
313 2.1825311475896085 1.0603467882214432 1.0412639636802314 0.43871849419753844 0.565072055277256 1
319 2.1464236998196924 1.509676127359167 -0.490665672215193 0.42835829701895145 0.5027759129538594 1
325 -6.248133845614316 1.9862120424409133 -3.1166816009904132 0.4206039720637605 0.46073256898932635 0
330 -3.7452512842322268 4.753105310224189 2.925244748924704 0.4907447509271127 0.4364907176357144 3
335 -4.181027657561674 3.72356790309185 2.9495784137500367 0.4865063439603097 0.424070701136525 3
340 -6.756530904023945 1.2542993487281617 3.048966335654235 0.42358044818784457 0.4088188461020564 0
345 -6.786117349937447 0.7914455511065492 3.0770774834318093 0.3910141201842183 0.4933714186925395 0
350 -5.248440585877249 4.0578610795477745 2.8617172013854812 0.481512788442988 0.4249295789907653 0
355 6.465894030006343 3.657261220782969 0.016403013681493935 0.47807680182744705 0.5764163415357328 0
360 6.439025712117675 4.278518282850898 -0.05290702281514676 0.5352394564188329 0.5344141768737473 2
365 -4.994489520209022 4.548371341951341 2.935402577146189 0.35930647346275246 0.4096845214663302 0
370 -3.774575662278592 8.293457295159534 2.395921979139104 0.5966288225303372 0.46946920703143497 2
375 -7.174772426934046 4.701184935053487 3.0985870645291933 0.6364604075899217 0.4783872731192113 2
380 -9.046429247652899 4.501629091460786 3.0698700586573904 0.452459621810261 0.506560739775165 2
385 2.309301087471728 4.24432681779242 -0.14299304801187807 0.5221437673079938 0.47981599747384296 3
400 -1.1037132905256748 5.6542977682193145 -0.28806976430682085 0.5076942225267828 0.5368692861352441 2
410 -4.618255551793365 2.597098626685936 -0.09716629677548737 0.8155927934239461 0.7356423987524633 2
415 -2.433743219205058 2.0152721045141426 -0.30807316704679427 0.6917559603715038 0.504214639117025 1
420 -1.9175701986143427 2.6397715255238743 -0.3161009161897755 0.5439091041903116 0.4257458816295663 1
425 -7.109358689250899 1.748785072078604 -0.03913165603283985 0.33327754423149253 0.385288721000657 3
430 0.1895762563122223 4.797008626853639 -0.3775811075663842 0.36452676295810293 0.6160642052468213 0
435 -1.0989824156610304 6.217999823280656 -0.3031869793833699 0.48575069895595596 0.6183655360877258 2
440 2.4967696552777823 4.969057581299314 -0.16428025064925864 0.5213121566704582 0.461147223398626 2
522 7.35467495248254 -2.14032561801685 -2.89012925202436 0.45823915935158255 0.5722644688339688 3
527 7.072771092632217 -1.6351753359495487 -2.9169359664616366 0.6038173239710127 0.5511563768062084 2
532 2.0130651987799406 -3.1316620251124 3.1365104435885174 0.5504725175510146 0.5056284659326709 2
542 2.1413833115234233 -4.097302602649915 -3.126772122666345 0.5277505504179053 0.5665395175286679 2
547 12.119620014851842 0.9894968685891057 0.08286530806123704 0.5745371297410262 0.516027962036308 2
552 1.1319595151996622 -3.2738808831936845 -2.839296333671454 0.41833044767791217 0.5108581130994609 3
562 1.6240953350456468 10.253457690135129 1.6510034137569214 0.5293320838501056 0.5056507911005304 2
567 5.435875790665275 7.176462555974199 0.02144267807520207 0.4320050748208924 0.4842904489898451 3
572 5.66433731834192 6.64840115813892 0.05374093701090679 0.602774685250098 0.6748540289022332 2
577 2.869725492162082 9.748244626247772 1.738806277177754 0.44037638998906214 0.4393333983224793 0
582 8.08733328974232 6.529268711517361 -3.141592653589793 0.46642650651889894 0.49326628147850493 3
234 3.9968706148139166 3.510459840968238 2.8680637510718894 0.5560921247388008 0.5650287339791155 2
591 2.1815410657925067 3.382312158590511 2.996953591733813 0.6511252318450546 0.6821614308675351 2
596 0.9255414363747444 3.1122355266323987 3.088812326105632 0.610814643002187 0.42056763780106793 2
601 1.7991578739050438 6.766849185638547 0.4893687257509584 0.3631479345594433 0.451974422797018 2
637 3.753058907241257 5.880250279259787 -1.5263766519615554 0.4112333299689927 0.3867557714136062 0
647 -7.050747230263865 -9.352182617375968 -2.4467988206431173 0.4635291585180925 0.5183064956341922 2
671 -5.076260657138101 8.403580843031229 2.512972562841238 0.4549441863081345 0.4640280469753082 2
681 5.492777898561719 -4.019707929402733 -2.965247099750207 0.5674902230971519 0.4484551453778277 2
686 -5.825466774376574 -9.268961953256218 -2.471959899040483 0.5183137369084483 0.44278370687571805 0
705 -9.011231006065028 4.9429186018181195 3.0412116480350284 0.3988389581472142 0.5427953008663882 3
710 -2.8671736398811225 7.788579591086265 2.8996320003592944 0.5901797212822524 0.6469983274159967 2
715 0.2886160490877161 3.3158047913192465 3.0290603002144527 0.3896926261726181 0.5063563186096509 1
721 7.084140574384834 -2.69750346148448 -2.9028231652959593 0.4764995687969878 0.46785855538611354 3
726 -5.311796569716373 -8.655647582122077 -2.6309379358808007 0.42354082608757354 0.41101639763564 0
752 -6.8816448337545095 3.1631610896489075 -0.06566540997350027 0.6263266518702093 0.5733147445744959 2
757 -1.0791744962054857 7.517069478798516 3.10843140442059 0.4288426710462368 0.4933168791213426 2
762 -3.885738756734438 4.11625731516395 2.9388028910722617 0.41980461513915607 0.48753032986502287 2
772 -7.361638118474025 -5.564010160379637 1.4200507244427447 0.3161540611314835 0.474716898085136 3
777 -7.753199252124402 -5.591072400651856 1.4600776354204799 0.44020910974927435 0.45327505418943415 2
807 -6.308270107556787 6.218798947060541 -0.44077489805793885 0.506640304533863 0.3831992340087891 2
812 -6.644218064561871 5.804882091394456 -0.42359040241288937 0.4221222465515518 0.421794021455589 0
817 0.5029009546845612 -5.692498686508962 0.33489181594117245 0.4874995859444882 0.5196610130731188 2
822 -1.9444628661765233 -7.183376859560454 -3.011952374664521 0.5384967688449793 0.6525233480813012 3
860 -0.798697010649807 -8.42570487605377 -3.141592653589793 0.4142090056319045 0.558361289900296 0
890 -0.07620816248534079 7.931839035476485 3.0629014594651958 0.5581229701283958 0.4610638201329219 2
895 5.5828382549395235 -6.159512429980228 -3.13591492978173 0.514699164692056 0.6923088899835006 2
900 7.81092324774542 -5.383925539651761 3.11871970045969 0.5333954682213384 0.5119747108188671 0
926 -8.140503014910246 2.9167294717371446 0.04661388432484342 0.5074582874208774 0.47907400173349945 2
931 7.577423664820162 -5.880280952205812 -3.141592653589793 0.45112684655048474 0.42778279842814043 2
936 -4.265751824930167 -9.115531438539604 -2.9940152411600094 0.4279435423834349 0.4298761623138992 3
960 -0.7251187504634685 -5.023377108161694 -0.0 0.4688758840772914 0.6216145733719101 2
965 9.604847074645033 -0.6440124573251906 3.0523022616398428 0.5332733321947819 0.6319381181446644 2
989 -6.422814885040831 -0.9297568025651282 -3.141592653589793 0.42898978537889 0.46190275653306706 0
994 -5.971694306920355 -5.280376088558372 -1.9395853362828461 0.4331777830737851 0.41590975301816135 3
999 -2.996916425706422 -2.011411208785545 -0.0 0.4177976596850008 0.40637930692509716 3
1051 -6.451017263449419 10.02687107902085 1.9926124721457743 0.5306783931844973 0.42539080965343873 0
782 0.3425451108026313 -2.1898322134370862 4.2380851219370175e-05 0.48127800915466556 0.4321036075857114 2
1085 -6.030556921791954 9.093523172651144 -1.1104331445733369 0.502004383303746 0.5816158770096159 2
1090 -2.719741431486813 8.272212799266219 2.8939909232823817 0.35969842325094986 0.5128887486317673 2
1095 10.993549960544929 4.454402397532655 -3.067961575771282 0.6469410864616716 0.5625910110668038 2
1100 11.776354079787202 1.7638944363771265 -3.141592653589793 0.55510065269358 0.5318598799207176 2
1106 8.085178820518498 4.909196883403827 -0.0 0.4774329266245669 0.4590644139599739 2
787 0.5014423697265239 -1.7195870085721214 -0.0 0.4579312910404959 0.4134272261827702 1
1115 7.582069104467437 7.606364965438846 0.5226459713628071 0.4335098457336426 0.4829151396673999 2
