0 -1.6958729836162243 -0.3804270361596591 -0.0 0.23795839133448468 0.31160837295645555 1
5 -2.0558627683650723 -1.4282475938939863 0.007438013690177986 0.39859615020099126 0.4914941102832003 1
10 -3.131764835227739 -3.6946127639908983 -2.928753990843998 0.40818302237157433 0.39168604517457756 2
15 -3.3768585266599156 -3.1074748070700586 -2.903362106278812 0.4970479414372687 0.7455152468748276 2
25 -4.754884771964569 -3.7332072415560793 -3.1125522556469543 0.5946129022768837 0.7088907238624118 2
36 -6.483569466049855 -8.431133468472419 -2.716728869440213 0.42980274776870186 0.5059949052848054 3
51 -7.120523930401728 -3.691036543168985 3.120251086351481 0.43723919510629355 0.4477837120213176 0
124 -0.21334096110164918 -8.463000806362853 -2.5048802750035324 0.6034644931444155 0.7879650996545529 2
164 9.401741269357807 -4.55539980723239 0.09646137022232197 0.36281579569196465 0.4036229088332548 3
194 9.643535930946214 -5.844009924113666 -0.04611839431848618 0.47368279366739324 0.6233901390411181 3
214 -0.6470515990610801 -7.6801864419629595 -2.7288028266473052 0.6015936095485466 0.55020002757819 2
229 -3.2528543062518036 3.9888264478232283 3.135433407872183 0.5903660632585592 0.46373425345362856 2
239 -3.9135437925080776 5.27988935016896 2.7215593953208934 0.5755713317549004 0.5791091906728727 0
245 -4.543291373259527 4.930329792811596 2.7697677837155754 0.3781358834049076 0.38349877755244016 2
262 -8.48616359319582 5.137578734383702 2.5394995186996687 0.5764853712049056 0.49481691753210666 2
267 -7.592335196546146 5.942397778371148 2.554847285566491 0.5371333930757254 0.6052498682430396 2
282 6.353577094496061 5.460829027517443 -0.7810716773257989 0.46009629415312997 0.5178284843186374 2
313 2.097715122299105 1.034662291232856 1.0412639636802314 0.47584891376815 0.4982240314461764 1
319 2.2012469487841146 1.5587721873006972 -0.490665672215193 0.46882013213508045 0.645311897056669 2
400 4.3143750934652685 4.172984947301347 0.21889782008950853 0.5742646977610979 0.62659432962958 2
410 5.635575630695711 3.3004832230140253 0.223827798615387 0.5523962470226107 0.5383592606583363 2
415 6.245401160687007 1.9369356634919481 -0.054417296463817384 0.6434215998078793 0.4981000370786349 2
420 6.631412197065959 2.6349194336172364 -0.12574123453205047 0.5245857705583503 0.5489422930330168 2
425 -6.512396404390037 1.6416471314502359 -0.03913165603283985 0.33327754423149253 0.385288721000657 3
435 4.168364174616989 4.91668607890245 0.20467810983854304 0.5225157627383141 0.5890735648688755 2
522 -2.4322787441468696 -4.736778365412585 -2.9767340313542023 0.4797633839444517 0.4953938863358643 2
527 -2.374153023132551 -3.5234273696850558 -3.00935125437491 0.5431137414951043 0.6554855235698664 1
542 -6.698362170520715 -7.95996462308131 -2.7412435221791416 0.6007532605032645 0.5488614237458584 2
552 -7.04726506573872 -3.1886704383436877 3.1351397758313366 0.396401005171609 0.47032335424041155 0
562 0.5889272083918529 10.675297991037507 2.99928857302342 0.5066147096035227 0.5401834345635775 0
582 8.08733328974232 6.529268711517361 -3.141592653589793 0.46642650651889894 0.49326628147850493 0
234 -3.0757097593847744 5.2959125629787085 2.9356638053965174 0.4745758801371158 0.5714245785719921 0
591 -7.630249393007363 3.161698393103918 3.133039874526323 0.47427047406977113 0.5730037647981737 2
637 3.7548097806945693 5.84085958685788 -1.5263766519615554 0.4112333299689927 0.46394318367012705 0
681 -4.035769054687172 -7.013009397226629 -2.3918407062356404 0.5807621960312048 0.492349995052109 2
715 -8.01267462740248 5.555855823850553 2.5599292502836963 0.5508641272663412 0.49955552083738564 2
721 -2.897981385244716 -5.2402926785949155 -2.9714930778632462 0.4523766323096837 0.4940094412173366 3
752 4.260382120397913 -0.4245850460286773 -0.23002207495779475 0.7436493936195476 0.5844203294017969 1
807 3.13165313265005 4.406020297151504 -0.40603700690450784 0.42879885516680283 0.8675399472074218 2
812 2.9724558007116872 3.905994361004348 -0.48431306131046553 0.5460958794640284 0.888283413367159 2
817 8.633816404179962 -5.646781094194631 0.03718074251551927 0.5774438322406075 0.5616533871115194 3
860 -0.9880351394766004 -8.42570487605377 -3.141592653589793 0.4142090056319045 0.4644284859829271 2
900 -1.4602746437479945 -3.41014492380154 3.11871970045969 0.4965099989795642 0.6409384799465533 1
926 3.2279983013468 0.3792994873973232 -0.060849220729008294 0.5551002554865616 0.5233961354822767 1
931 -1.4294267327448253 -3.9121547907246876 3.1191054548518955 0.43865283961392904 0.47025245732635307 2
960 9.816900977817335 -4.8552493509603805 0.017182547596723153 0.45313113176290076 0.4439010770598947 2
965 -1.4459200382020334 3.126290134816701 -3.0317919585203055 0.563588986845012 0.5415575437039137 3
999 -2.9221948497152908 -2.011411208785545 -0.0 0.4177976596850008 0.40637930692509716 3
1085 6.759811715244533 7.777468326470532 0.2553414389286455 0.5931945124880208 0.5386382404356761 0
1095 -0.695606398447974 6.967196259546986 2.7232879172576006 0.49067345396695644 0.6195691605907228 3
1100 1.3349720481960003 3.021363234969356 -3.125781953804996 0.6723368248619364 0.6444737732968915 1
1139 1.2154909171386186 3.778676847615793 -3.1149820037485667 0.6641850038812188 0.4951539238056449 2
1186 7.743168131431634 -2.2823873720777277 0.6171776084530745 0.5468575534109726 0.4976914350885273 2
1196 -4.809701902304457 -9.04450137285965 -2.7124085140954444 0.5018655587871585 0.4843304643236865 3
1201 -5.089993468951887 -7.361914647245741 -2.7688770449444617 0.4895217112697202 0.4383069150508008 3
1226 5.31660393273227 7.188165892594906 0.14145029292555414 0.604315177297957 0.5586813290185931 0
1268 -3.3053459138297687 8.436374573264324 2.5284876899135336 0.43903469579790977 0.4810383090912294 2
1273 -4.455401055933539 -7.950454731390618 -2.8148444963529586 0.5104163644807463 0.41423245941133346 0
1278 -2.1299022747678817 -6.933308731454093 -3.089924708237223 0.5320658189535584 0.59305958436953 2
1301 -5.215284228858085 -8.54752682946595 -2.7183346948652103 0.43607602217787267 0.42676732353914937 0
1306 -7.257659863670953 -5.908637977469938 1.8779803822205072 0.5223552631546581 0.42425670101768687 3
1333 4.452813407908603 1.2486514578029624 2.120398991218951 0.5540546622215643 0.7684702349737256 2
1338 -4.776037048767326 9.08238210679425 2.2710670449772836 0.5327168553814301 0.5012021337999576 0
1353 -5.229810251553112 6.530740421050031 -0.29945764319702367 0.48974257408631083 0.49576955409267837 0
1370 2.791138825497963 -2.0664693702210752 0.05304811614210157 0.5572528255758333 0.4733869170623113 1
1387 1.0705290350545456 4.788841999140031 -0.48213216785859864 0.6359162973904711 0.5873067398056705 2
1415 -2.9142711545318356 6.092039276024094 -0.22907707385194284 0.5662881331457166 0.44217849064729975 3
1420 -2.7533740888150113 6.581195866378018 -0.23908142875343838 0.4451444343428419 0.43377462277256223 2
1432 -0.8896911358822328 1.8221392195034496 0.029162331407758903 0.5054160141305889 0.492493933265467 1
1437 -1.0226847900493088 1.3127202306508143 0.05630584001783623 0.4554384640434159 0.5141514549349997 1
1442 3.6118737426146645 4.796062197456523 0.10921430988414016 0.44641761535958835 0.4195716738478518 0
1447 4.56668644990022 -3.0459549235866126 -3.039289898996573 0.44799980062085826 0.5326099397651434 2
1467 0.08458420608072686 -1.9812102401588485 0.3385232276555439 0.5206176040825543 0.40985672348121416 1
1487 -0.5066851335578997 5.330652075579214 -0.24017901293494595 0.5461273348172752 0.565030469530317 2
1492 -3.5541080117807224 6.991243646657077 -0.3294091415785549 0.3927974124672723 0.41594552533864804 0
1497 -3.737869463359637 6.493682571201839 -0.22539553052970024 0.4269622334373027 0.47993812553403603 0
1518 -1.7805944539824616 6.294034878530604 -0.22797141145783786 0.47814202747593554 0.46824239238528026 2
1523 -6.193541334747733 2.2825124480787786 -0.0 0.7008452859113853 0.5073191157880437 2
1545 7.747396125520601 -3.5342048494193987 -3.141592653589793 0.5398497056600472 0.6350879443108858 2
1550 -3.4659887877719786 -4.395777969702618 0.16055267685118055 0.4670356245511053 0.5030481226551642 2
1555 5.242088172626537 7.786355592515335 0.16023364418499433 0.4752975768307156 0.4867153710221748 0
1560 -4.033810830521891 8.71526593723613 2.2280891412698387 0.4492146381116761 0.42430351769886837 0
1581 -1.6753618680371158 5.782251500128658 -0.23880225652281967 0.4036677364418923 0.6424081231392195 2
1586 7.889679733554174 -3.019683338247408 -3.141592653589793 0.4927253147054307 0.49084779011702023 2
1620 -3.6438787097342824 7.643539958921252 2.659711732194176 0.5843930626062029 0.5657524045722833 0
1625 -5.245499460259803 -4.951669011939936 0.12739390661088476 0.5678932184105915 0.5532570195129171 0
1641 10.280037044117858 -2.217074255134773 -3.141592653589793 0.539255100730579 0.530687615307487 2
1646 -6.099560664245316 -6.377005750505723 0.36026444302413496 0.43581202478058867 0.43267197854274936 2
1651 -6.14415585016815 -6.901174971802569 0.29677652643231345 0.5126865181460766 0.46963887144565847 2
1656 -7.048548062575106 -4.909566669986347 -3.0742226566529065 0.4340732379288981 0.4061398696899414 0
1674 -5.108960948750421 7.571487007027653 -0.45864128969733664 0.5162571944075024 0.410337437066384 0
1679 10.160826871584018 -2.638071331959055 -3.141592653589793 0.3470503524401725 0.3559003067016602 2
1684 9.503955143333304 1.4145749768861056 -3.141592653589793 0.47623874498937324 0.4627883140640173 3
1689 9.73169598281508 -3.2408599311235373 -3.141592653589793 0.4392414910191612 0.5826860810536115 2
1695 9.90312819096158 -3.6279889868712916 -3.141592653589793 0.4486760571493599 0.4835349193703168 3
1719 7.204431097515942 5.551331656509984 -0.7183282217706565 0.4711885579387589 0.503577394452526 2
1741 -9.201048285758265 2.6524769084406943 1.4560808174379931 0.47165806958414297 0.4192692893367791 2
1760 -9.694462645304878 2.5878422596150252 1.5162032698626569 0.4103470497169132 0.45404518537672933 2
1765 -6.552715716319494 6.354211705971406 -0.16699112038021513 0.6258988229993069 0.5697503391044445 2
1770 -6.085275542021256 -1.5710911365752664 -3.141592653589793 0.47581144680564313 0.467059185342418 3
1775 -3.5737979239515054 -8.830007649410772 3.091720420065476 0.532194735907439 0.4734702301025391 2
1780 4.777142540192153 5.965549435359286 -0.8267861403242052 0.5631299209594736 0.49679628993615854 2
1799 -5.837351977580535 -5.034841363158917 0.28349793967639464 0.5135304965294669 0.524690978732245 2
