0 -1.6958729836162243 -0.3804270361596591 -0.0 0.23795839133448468 0.31160837295645555 1
5 -2.0558627683650723 -1.4282475938939863 0.007438013690177986 0.39859615020099126 0.4914941102832003 1
10 0.2502555496524907 -2.99868803384358 -2.9640954521668523 0.36135513872269637 0.3291387410242984 2
15 0.3212283324414966 -2.5613962098730814 -2.903362106278812 0.4495036395971695 0.572666497191122 1
25 -1.5374374981509198 -3.4440166686727016 -3.009280214059454 0.5946129022768837 0.6833455826161483 1
36 -3.2379432844793676 -6.502916485176364 -2.786463458748522 0.5065955810414728 0.5432277473574308 2
51 -3.5595639204186496 -4.066745637441847 -2.811964356272273 0.5038375690187367 0.4477837120213176 3
67 -6.279152258972067 -8.661714965698526 -2.745386336039275 0.5344443208563966 0.4715907329217606 3
72 -4.352190792250191 -8.109913039799583 3.0855087628959987 0.47179440012881907 0.5004806879054983 0
94 10.500642832551133 -5.708435100982378 -0.03570831291599439 0.5772233202046062 0.6497384718413493 2
99 -9.706988984540228 -3.4198313998104064 3.13258229776667 0.48404700840797754 0.4631854701444483 0
104 -9.599137294577439 -3.9832013332496556 -3.1342620540195014 0.4940381384872145 0.5038715360218311 0
124 0.21852770126163348 -7.934886409481062 -2.5048802750035324 0.5414210845159277 0.5024680428272071 3
129 -6.320382248494106 -4.535761608608034 -3.110995892399286 0.5286668205789933 0.4211907426348054 0
134 -6.617209921362988 -5.165353677433249 -3.0756386655722356 0.4992801621211367 0.5171114032773475 0
154 8.577239477676095 -1.1749025329098366 0.07559665414175712 0.5328372699566097 0.5439764759077939 2
159 6.779031243837751 -4.804075851654424 -0.026297632310753237 0.5775361426424168 0.5571189831082243 2
164 4.918447562871768 -4.405313103385891 0.2659255866783017 0.48295192302951645 0.7240845782240315 2
174 6.619814121994101 -6.381024954901325 -1.082694415226919 0.5208716369524246 0.5937020636765731 2
179 -3.667844561985081 -8.719239822237554 -3.0317861756522633 0.4163152297126883 0.4894217610483439 2
189 9.477763835060665 -5.6312082268288695 0.12202369603050418 0.5514218193024293 0.623063140163058 2
194 7.0387441836868945 -5.739601646074561 -0.17276859321129148 0.47368279366739324 0.5610244742711465 0
214 -0.6081649673928067 -7.740208510408359 -2.6111908671459645 0.6333538871850093 0.48803473475703163 3
229 0.6344090335143274 4.00006452781106 3.0103924913954745 0.5491457320387173 0.5559014726894947 2
239 -0.9702899273417656 4.136302572530259 2.721559395320894 0.585741032896282 0.492461690531279 1
245 -1.7313650277106867 3.899113086651939 2.769767783715576 0.3724057896545198 0.40199411103432264 2
251 -6.374018626793828 2.9935919079557527 2.7727295285797826 0.6941780949171654 0.5636910944093337 2
256 -4.574738203640118 -6.6262707481422805 -2.4779698092047084 0.5196998692788044 0.5290725764197841 2
262 -5.489774501909083 4.151628162694465 2.071849458781781 0.47230549283822426 0.5383733835136415 3
267 -5.011366291428871 5.074979343262165 2.074329692426293 0.45413466247371065 0.49748451153074014 2
282 4.410235747762533 5.593211479241366 0.1878850083516065 0.48645006230564575 0.591048704152918 2
292 -3.901966507654936 8.294042734172711 2.8055817501852496 0.6012055827719951 0.6070043905017897 2
313 2.1544630145150205 0.9749745485224599 1.0412639636802314 0.47584891376815 0.39178259992305997 1
319 2.117552439518972 1.4835745375112546 -0.490665672215193 0.3864217884084019 0.6641789576256519 1
330 -9.451196959874414 6.101895600437026 2.5814042234578736 0.4437649995608644 0.5173393448991359 0
335 -10.164263779078448 4.367634273191504 2.9495784137500367 0.5025208272987164 0.5084266854618313 2
385 9.946050378203426 3.14885386401758 -0.04366001851258906 0.5720721929288081 0.6317715121845872 2
400 2.1085189276770016 4.300287139396938 -0.21369523689352937 0.432413023802728 0.5093089016504713 2
410 1.6393270238151076 3.1666748517959666 0.45393182943189764 0.745508983543757 0.6303308311434695 1
415 2.5901566777079275 2.4486141613371877 -0.36743924492229857 0.5692576194334602 0.7078346771539223 1
420 3.2120150082071635 2.733763754806198 -0.4453697425136522 0.47707355001431284 0.5823974201408958 2
425 -6.636691381850241 1.6744197235483913 -0.03913165603283985 0.33327754423149253 0.385288721000657 3
430 7.510399901973028 3.816904110037828 -0.06003849075206408 0.5515769358978492 0.5297670097440887 0
435 1.9325906088716507 4.805033467408686 -0.3031869793833699 0.46716524321642616 0.686902625933345 2
440 9.959811233779567 4.007767316901051 -0.055218673330283935 0.535704848417034 0.562737826487397 2
522 0.9075118351628346 -4.164764484395619 -2.976734031354203 0.4585203586109382 0.4557056710028551 2
527 0.9824193632501628 -3.6337575835136326 -3.0158820458539726 0.5091169520809224 0.5020832464967019 2
532 -5.795332022811177 -4.217658415723289 3.141046511639205 0.5538725895467077 0.466878774843766 2
542 -3.4627584437657433 -5.9322858622901915 -2.7412435221791416 0.5122604044190147 0.5488614237458584 0
552 -3.2828304654822182 -3.5385412574610347 -2.781688724856977 0.5991874778421713 0.42156925051360095 2
562 0.5889272083918529 10.675297991037507 2.99928857302342 0.5066147096035227 0.5401834345635775 3
582 8.08733328974232 6.529268711517361 -3.141592653589793 0.46642650651889894 0.49326628147850493 2
234 -0.5936633246321695 4.577125802702186 2.9121728063261187 0.39437143188804 0.6829457331584377 2
591 -3.733611066185838 3.0707167956840684 3.079442824292453 0.5646952351236793 0.6013260408638629 2
596 -6.212756260477723 3.657996374346097 2.7805604409188995 0.6194687358659354 0.4843465064876147 2
601 1.8802613037274571 10.197315092810676 1.5708467714330416 0.4725920458767056 0.408256493210442 0
637 3.7548097806945693 5.84085958685788 -1.5263766519615554 0.4112333299689927 0.46394318367012705 0
681 -0.8938206054379133 -5.390096328236614 -2.820430751102834 0.5807621960312048 0.6009159130317658 2
715 -4.9543581913066 4.51041599196974 2.0728331160291713 0.4918532865379142 0.43917179991383276 1
721 0.7530489258607171 -4.674455831952108 -2.9714930778632462 0.4523766323096837 0.46301286194410307 3
752 0.055251037130057676 0.8436638566383758 -0.23002207495779475 0.5532805918857558 0.5183056914463781 1
757 -6.29846049080183 9.707075540126572 2.362153323765141 0.4536828690120251 0.5618031818761433 0
762 -9.775210107722724 5.697202009064831 2.536625964562648 0.4187413096612309 0.48937243066454256 0
772 -10.879616072506918 -0.7501897163717133 3.024698379921147 0.39539076633319675 0.474716898085136 0
777 -10.821415357710054 -1.299130794376008 2.978820289043308 0.44020910974927435 0.45327505418943415 0
807 -0.45647106300656415 5.591290348614826 -0.11483446527532211 0.47456329038817346 0.4203403302459191 3
812 -0.563118498245766 5.101198480519123 -0.14752616016424241 0.4985387854131045 0.5374429543263475 3
817 5.417438054701186 -5.793303372950456 0.03718074251551927 0.5247244160206326 0.48335989838044296 2
860 -0.9880351394766004 -8.42570487605377 -3.141592653589793 0.4142090056319045 0.4644284859829271 3
890 -4.9989411176255905 10.083865639300178 2.103892789525934 0.5994014209710894 0.5191298968525059 0
900 1.9644017959941678 -3.6177945989598905 3.11871970045969 0.6195332183744438 0.5606774756273267 1
926 -1.1634995686770653 1.4032644456400765 -0.15346052979895147 0.5074582874208774 0.579453718765426 1
931 1.9073417687171872 -4.194022545837372 3.1191054548518955 0.5338167834373647 0.47025245732635307 2
960 5.146013159841834 -4.868130621460163 0.27300846170522086 0.5125939730521705 0.636426640982574 3
965 3.1115326722251058 3.4415784354700367 2.693162145479505 0.6847429834267316 0.5900492398562096 2
999 -2.996916425706422 -2.011411208785545 -0.0 0.4177976596850008 0.40637930692509716 3
782 7.593939011960987 -0.5071145137602424 0.13815744373332314 0.5869696894708614 0.6847576519410267 1
1085 1.1737059159686796 7.034967963106991 0.25534143892864575 0.5760584163098734 0.451676475893899 3
1095 3.4017513153666035 4.9597885165595015 -3.1412842692879477 0.49067345396695644 0.5000383249909086 2
1100 4.7579524864540295 2.9522126836753126 2.5757132795381983 0.5547558304059896 0.5287395328573941 2
1139 5.064717769856935 3.4347574396820866 2.5499316991581136 0.557310214675613 0.44203912173129456 2
1155 -9.857630287528862 -1.9644282406497582 2.961748666801173 0.4631188934214627 0.47289528058647046 0
1181 -5.771859631574022 10.03422590892945 2.289805347306299 0.46544980588253954 0.4727401972119219 3
1186 2.9697247889820733 -4.915996591520316 0.29158935116590423 0.47876968310733004 0.5510404511306793 2
1196 -0.11395176627147957 -6.880482697085654 2.534819039245685 0.4246158397117672 0.4843304643236865 3
1201 -0.7899706786009617 -6.910792295420507 2.6458555734522067 0.42975978824880606 0.4393906631524736 2
1226 -0.32553002759419625 6.290651251824486 -0.0 0.6641534102438882 0.5223306853963794 2
1268 2.7290231989555047 7.207833557977841 -3.088190204424175 0.5387838224265682 0.5379796370840986 0
1273 0.3370723202937812 -7.233905046747786 2.57927356438374 0.5104163644807463 0.5822014381730355 2
1278 2.6548364284129717 -7.804165936265411 2.9258385821851642 0.4926218636255017 0.6162020939524241 0
1301 -1.980688406163541 -7.098075047946788 -2.7183346948652103 0.6065589191767339 0.8453756301430249 2
1306 -7.198634158409841 -5.984833454457286 1.8834742074783968 0.5223552631546581 0.745223991004827 3
1327 7.679816291542474 0.11518719974252523 0.1466357746455518 0.6345487828435974 0.6182850055650319 1
1333 6.908066362129156 -3.4100760644604913 1.626026797130859 0.5540546622215643 0.6863352318402656 2
1338 -1.2811069702188813 7.27753185785466 -3.141592653589793 0.5327168553814301 0.4665719726485493 3
1353 -7.12061768488479 6.821561866273161 -0.29945764319702367 0.3821086616943901 0.4764869380221255 0
1358 5.632308780971185 7.806419907521028 -3.141592653589793 0.4971341866422728 0.4822491262198069 0
1370 -1.3093094809435326 -2.202660017393507 0.07447097105200065 0.679913410223303 0.5510721334889034 1
1387 -4.205758086525771 6.76085169861554 -0.5586210037703678 0.7399778513066062 0.6653429536979518 2
1392 4.27623592870881 9.077215811524065 0.7006188181003304 0.47341725297171455 0.4172224071057766 0
1404 -9.205306080907475 -4.521041817144978 -3.141592653589793 0.35130111839928274 0.39529383189943107 0
1415 -6.514942321365941 5.458496608788386 -0.2867555878039362 0.4456006705405395 0.4401853202893389 0
1420 -6.3708260963567245 5.965562613356056 -0.2741519276980774 0.396765386968652 0.42283003378868833 0
1432 -4.470729569601153 1.7163305185470494 0.30417082728507483 0.5360045944273075 0.5870206216907075 2
1437 -3.926043644055 1.2072849847928289 -0.0 0.6086395129344703 0.4870917545769361 2
1442 1.3800659702231115 6.376781294837207 -1.840057822508388 0.546353198689012 0.6001973676618546 2
1447 10.182156787720594 -2.503623931544499 -3.141592653589793 0.6142376541623478 0.6909773919567066 2
1462 -5.9670386840302445 -9.298249687392351 -2.665359091938315 0.43766019313383814 0.4824300965205455 3
1467 -3.185654064648507 -2.6187033704409313 0.13880439358572788 0.5480727568028934 0.4688825422781208 2
1487 -5.463350228424047 7.129541676606801 -0.5399497549595769 0.5006172579777308 0.4907622215881406 0
1492 -6.478758271402016 8.707693308723709 -1.0080529638857825 0.4779838632814419 0.4199094162497008 0
1497 -6.928963775963934 8.403215635363708 -0.913021100418253 0.4269622334373027 0.4381523459808773 0
1502 -5.995804332703419 -9.94826051457222 -2.418130951386426 0.48116161975823274 0.475416017435781 0
1518 -6.669911721362447 7.489379578748878 -0.5824186977671543 0.5515980599970857 0.41842265153008024 2
1523 -10.505186503266746 2.760032145280087 -0.0 0.4364155298337414 0.4445517893084215 2
1528 -5.097379646187339 -4.892499951507057 -3.141592653589793 0.4266080794458073 0.41442565197093345 2
