0 -1.6542885017930944 -0.38578594096365465 -0.0 0.3798066332445369 0.39252090037865756 1
5 -2.0558627683650723 -1.4282475938939863 0.007438013690177986 0.39859615020099126 0.4914941102832003 1
10 -7.172482976471536 -3.8104328366592832 -3.1363315856441103 0.40818302237157433 0.37878074610234164 0
15 -7.173388220788244 -3.3089196708097166 3.117989910269101 0.4970479414372687 0.47293184416578865 0
124 -0.15391908685146943 -8.419061528310186 -2.5048802750035324 0.6034644931444155 0.6413524207290134 3
214 -1.2542889275988907 -7.721130349334082 -2.6460266546953246 0.46000533900534657 0.41524418112457107 2
229 -6.521396636467607 4.961506827439275 2.8393721041164297 0.47206379853976094 0.4543457917232014 3
239 -6.471927510790744 6.4126956370277375 2.083817359775013 0.5755713317549004 0.6206753644779638 2
245 -7.16193374004341 6.63661892309382 2.081648943073473 0.40050468848990467 0.38349877755244016 2
313 4.330347660390012 -0.45894099899713403 -0.6141695972259746 0.5528058731216233 0.4394308014482205 1
319 3.7385852919357156 1.186441844213018 -0.490665672215193 0.45249252213646185 0.43723662910785316 2
400 6.343816873499112 3.478296768095052 -0.278989055558477 0.5254444835087863 0.5345117428877899 0
410 10.277624835850133 3.98050953555983 0.22382779861538696 0.5694158199503575 0.5031176221522674 0
415 9.616939438072759 1.9410268541152704 -0.11680955412477524 0.69982443811681 0.6412746595819293 2
420 9.822625157119592 3.018507442135692 0.007088767172981268 0.5155214238104457 0.5489422930330168 0
425 -6.560385077251322 1.6632967736208488 -0.03614823330494233 0.3714904285324639 0.385288721000657 2
435 5.864183300800429 4.332520939735161 -0.09463347344211775 0.5404015541594207 0.4771733350306345 3
522 -4.778437074849997 -4.332864927810616 3.101566387728603 0.4797633839444517 0.5705369583018878 3
527 -4.927176619463364 -3.8061800544818856 3.1020535307572707 0.5124755444379768 0.4392262229859356 0
562 0.5889272083918529 10.675297991037507 2.99928857302342 0.5066147096035227 0.5401834345635775 0
582 8.08733328974232 6.529268711517361 -3.141592653589793 0.46642650651889894 0.49326628147850493 3
234 -5.534009413925241 5.68944332082512 2.5180827051645904 0.5267256041859498 0.49200348490777124 2
591 -11.17515953676942 2.9401194829053585 3.133039874526323 0.5640052555489721 0.49056182737255705 2
637 3.7548097806945693 5.84085958685788 -1.5263766519615554 0.4112333299689927 0.46394318367012705 0
721 -6.649398881941083 -6.735100368959718 -2.6961211554444584 0.4523766323096837 0.4940094412173366 0
752 8.106026053228785 -0.5819769654192797 0.02407135597915802 0.5902392507879658 0.48727209936886257 2
807 5.914805053347478 2.698822276870557 -0.40603700690450784 0.42879885516680283 0.4987021294885725 0
812 5.749950124054353 2.15194614576632 -0.5198758921823321 0.4615345061973311 0.4531034348290905 3
817 10.996312655937496 -5.587605006642977 0.03718074251551927 0.5702637067361686 0.5011879152924953 3
860 -0.808248159883033 -8.393016334309484 -3.141592653589793 0.4142090056319045 0.4644284859829271 0
900 -4.108714412450377 -3.0421088445741633 3.11871970045969 0.45369236914609923 0.40267185486715107 3
926 7.759674722657539 0.41388133904126234 0.07725209105280768 0.4825867446105737 0.6571588829355517 2
931 -3.9262561321824303 -3.529007447461161 3.1191054548518955 0.37619654703820943 0.47025245732635307 2
965 -5.904877363645883 2.891902204582644 -3.102685682837566 0.6231988802786614 0.553672607447211 2
999 -2.996916425706422 -2.019713606117893 -0.0 0.4177976596850008 0.40637930692509716 3
1095 -4.13867191209355 7.97722091619051 2.56662126613581 0.5056519885334176 0.5859392348341429 3
1100 -2.6856359812588186 3.3938908556266987 -3.125781953804996 0.5577792545992801 0.6322441236387795 2
1139 -2.4353013481781676 3.9529156165391863 -3.1149820037485667 0.5154279850298767 0.6553494936990086 2
1268 -5.999761086064147 9.61882529041646 2.263813846675257 0.4237108797193917 0.4810383090912294 3
1278 -5.540114008888932 -8.553962204701564 -2.42994991827162 0.6620070229495041 0.606584644414411 2
1333 0.47041735978397187 3.517211247982773 2.837827453637156 0.5628065163835195 0.48259732773080627 1
1353 -3.668526920639175 6.189547302377781 -0.29945764319702367 0.3839358404379087 0.49576955409267837 3
1370 5.623178706232826 -2.0191694996193603 -0.0167068195969877 0.6246327394645534 0.5206838949240429 1
1387 5.365259292235397 3.2861357442381998 -0.4941135230832251 0.48641838092613576 0.5273145276094084 3
1415 0.2839796080641317 5.9677082130034895 -0.21787236073916302 0.41438116133820435 0.7103125030628252 2
1420 0.6702100277829415 6.321339469975044 -0.22655773197675622 0.4713609943843574 0.4787840992077913 0
1432 1.6294288779941062 1.2297418832571143 -0.16710560905849947 0.5698206777516883 0.4624384657003681 1
1437 1.5327579041830706 0.6977182838125846 -0.22686754211363985 0.47485811851670107 0.48977474732198645 1
1442 5.197008204002745 5.57185753136967 0.3853546760651805 0.44641761535958835 0.4195716738478518 0
1447 -0.19307889738680892 -3.8693997619510503 -2.9737017379058015 0.6277697822099995 0.6871926506042842 1
1467 2.849467405954577 -3.017827583154763 -0.017575300029020535 0.6408792971278766 0.5753845814659001 1
1487 3.6508385767422458 3.436770870625844 -0.48083076564614474 0.7254429506639309 0.6636809199706926 2
1492 -0.871300053774055 5.493541325904165 -0.24244996155364307 0.44870888125245273 0.5734269121552392 2
1497 -1.1549235518519834 5.030678704368621 -0.2253955305297002 0.5278411134482759 0.7685956120185055 2
1518 2.5523842930543235 5.1412325812323605 -0.22797141145783786 0.4971923979979381 0.5558805190616785 0
1523 -2.3310622188283405 1.7151801316287656 -0.13123092687420979 0.6344276706018807 0.6218427131233742 1
1545 7.053976995099025 -2.1081903528684895 1.2489972489010777 0.5952695848676424 0.5767542052303344 2
1550 -0.5755028067056729 -4.590814188443759 0.16055267685118055 0.485837442654211 0.5521894614038254 2
1581 2.3011029097856612 4.074206453112728 -0.23880225652281967 0.5445385110741293 0.657893067703194 2
1586 7.801988788671174 -1.6888539446248518 0.9110043434676073 0.4779160382378507 0.6130838707654386 2
1620 -6.636303260732309 9.467176640764727 2.164879330714873 0.4792995356911473 0.4091794997849284 0
1625 -5.201008584164224 -4.94111596020665 0.23289188282105677 0.5678932184105915 0.49558480686772705 3
1641 8.119025674555127 -2.50642902823476 -3.141592653589793 0.5855189018761606 0.530687615307487 3
1646 -2.62718675252391 -5.849377863768225 0.2249413987602892 0.5164163902921787 0.47605411960180294 2
1651 -2.799426093666022 -6.454053596706398 0.274157581709718 0.58502592928672 0.7935276929941932 2
1674 -2.4157211924822986 6.277654046599437 -0.4110347766201293 0.5224616764223031 0.4537253637345126 2
1679 8.01987614347425 -3.0314595764704544 -3.141592653589793 0.32380948488564015 0.3559003067016602 0
1684 5.52151571433301 1.4431194154225204 3.1309380928160233 0.4684286845449866 0.4627883140640173 2
1689 6.533745033444999 -2.9720755082549086 -3.141592653589793 0.5631744950777227 0.43717141934360904 3
1695 6.580361612279795 -3.5126573611286136 -3.141592653589793 0.48437899923330546 0.7075295014829803 2
1741 -9.806257627922939 5.512146613389895 1.7409322150265174 0.6074802230542693 0.4192692893367791 2
1760 -10.34686859839115 5.396602344761196 1.7332639801418626 0.48187019932956493 0.47227292418183275 2
1765 -4.38579210893101 5.6361282318606625 -0.28932877715958616 0.475878480123906 0.4318255626248114 0
1775 -3.500472414331996 -8.630775126902059 3.091720420065476 0.532194735907439 0.4875703699935299 2
1780 8.460197948208792 4.124676500699202 -0.254277074157153 0.5339050661139844 0.41120103709443906 0
1799 -5.806157837635909 -4.930331816663511 0.28349793967639464 0.5737559681982035 0.5174183519617125 3
1813 -6.148261204863494 3.842623576038445 -1.2188416308581376 0.549747398696607 0.4583468886956419 2
1818 4.635677979172827 -0.06016100596033119 -0.5788248389499691 0.3361648963793969 0.31471275160450074 2
1838 -2.9880241504385876 -7.365106020298958 0.7320746077436245 0.5316635683128814 0.41196716569146813 3
1843 1.3879982429010644 7.256040220075371 -2.568897810108353 0.5500136903361011 0.5682394716352518 2
1873 -3.4323305785401432 6.686685982397485 -0.19642400997119244 0.520481052849004 0.8520983913089246 2
1878 -3.6465412657615652 7.304199257292577 -0.1916090771107548 0.40079626160242676 0.6739515914478315 2
1905 -5.107084710660126 -9.314735346558889 1.5707963267948972 0.5089912885784184 0.44836788527794513 2
1910 -4.60882288012799 -9.348294521822899 1.5707963267948972 0.4288408826095644 0.43595529848319786 2
1929 -3.0859604780824568 -2.504304907455377 -0.47033429330422766 0.4059747983556625 0.35945503829063463 2
1934 -5.50471433885129 7.567184231575454 -1.0273888866642737 0.5771056298810133 0.4604364982299136 3
1953 -4.672952628777829 -6.086245394996227 0.5314031503778106 0.40867998123168947 0.42351009368896486 2
1958 -4.987364037210636 -5.771807203934772 0.5282819393477749 0.45669984391719093 0.48224585744254783 2
1963 -6.022947289664636 -10.054990769369596 -2.4070113930510897 0.4560395540957663 0.5306466294416345 2
1980 -5.0047085831077665 8.810932881063843 2.1848307406900433 0.5186562768323142 0.4531906199824727 2
1985 9.55881840889923 -6.224397721642375 -3.141592653589793 0.57093424361431 0.5756255699563694 2
1991 -3.4398767451072416 -2.7475395488890886 -0.6843430549784846 0.4081710017433247 0.5405496832134521 2
1996 6.660194786591851 5.454546320978177 -0.0 0.5133210556853238 0.4290108649272175 2
