0 -1.6958729836162243 -0.3804270361596591 -0.0 0.23795839133448468 0.31160837295645555 1
5 -2.0558627683650723 -1.4282475938939863 0.007438013690177986 0.39859615020099126 0.4914941102832003 1
10 -0.14695898509931818 -3.1323122805171897 -2.9640954521668523 0.36135513872269637 0.3291387410242984 3
15 -0.09916497395549673 -2.634508089246408 -2.903362106278812 0.4495036395971695 0.572666497191122 1
25 -1.8605322676447373 -3.487017350827879 -3.009280214059454 0.5946129022768837 0.49699038323362704 2
36 -3.841878654751142 -6.7498946682844005 -2.786463458748522 0.48163394055977926 0.5002073558469337 3
51 -3.883605491048678 -4.046493039277479 -2.6561371453316784 0.5038375690187367 0.4477837120213176 0
67 -6.681267595525753 -8.935884513348771 -2.745386336039275 0.5344443208563966 0.4715907329217606 2
72 -4.352190792250191 -8.109913039799583 3.0855087628959987 0.47179440012881907 0.5004806879054983 0
124 0.17838517772191792 -7.964569645255841 -2.5048802750035324 0.5414210845159277 0.5024680428272071 3
129 -8.492129740348437 -4.515509010443653 -3.1390643713837703 0.5286668205789933 0.4211907426348054 0
134 -8.645720279806064 -5.178092814836126 -3.096217068560444 0.4992801621211367 0.5171114032773475 0
154 9.035724081641135 -1.253312885681217 0.07559665414175712 0.5328372699566097 0.5439764759077939 2
159 7.464754603154088 -4.790753181614823 -0.026297632310753223 0.6042311572119275 0.5571189831082243 2
164 5.663791090181585 -4.257504218674859 0.2659255866783017 0.48295192302951645 0.7805366447145586 2
174 6.6198141219941515 -6.746584351768252 -1.082694415226919 0.5208716369524246 0.5937020636765731 0
179 -3.667844561985081 -8.719239822237554 -3.0317861756522633 0.4163152297126883 0.4894217610483439 2
189 9.980043700447872 -5.619712101606389 0.01597980921915532 0.5514218193024293 0.5988404008066609 2
194 7.094652462011865 -6.06360370683254 -0.046118394318486015 0.47368279366739324 0.5610244742711465 2
214 -0.6293153548433504 -7.591740483351179 -2.6940532643527675 0.4597138072833112 0.581368273996343 2
229 -0.12104069605251247 4.320279621253964 3.0103924913954745 0.5807446324405927 0.5559014726894947 2
239 -1.2665161307967465 4.304244674223542 2.7215593953208934 0.48908764647903263 0.492461690531279 2
245 -1.9810530118900906 4.095510043974498 2.7697677837155754 0.3724057896545198 0.40199411103432264 3
251 -6.766842195738874 3.157906881684776 2.772729528579782 0.537071032458167 0.5229465061448638 3
256 -4.858274577941388 -6.889554524279183 -2.4779698092047084 0.5196998692788044 0.5290725764197841 2
262 -5.825314491327213 4.35643322307323 2.5394995186996687 0.47230549283822426 0.5383733835136415 2
267 -5.345657566387439 5.076622166694024 2.554847285566491 0.45413466247371065 0.6015907901501233 2
282 4.410235747762533 5.593211479241366 0.1878850083516065 0.48645006230564575 0.591048704152918 0
292 -4.192015423303707 8.554612342457286 2.5710570664033385 0.6012055827719951 0.6070043905017897 2
313 2.1544630145150205 0.9749745485224599 1.0412639636802314 0.47584891376815 0.39178259992305997 1
319 2.117552439518972 1.4835745375112546 -0.490665672215193 0.3864217884084019 0.6641789576256519 1
335 -10.393732768944208 4.45472810449384 2.9495784137500367 0.5025208272987164 0.5084266854618313 0
385 10.724409010504043 3.142342650535402 -0.043660018512589036 0.5720721929288081 0.6317715121845872 2
400 2.369907275672095 4.198545283324349 -0.21369523689352937 0.41511396719567534 0.5506624776595257 2
410 2.049847016339753 3.124918658044637 0.2446242245943938 0.5620423852626008 0.47829730042084206 3
415 2.8768110372622617 2.310226405046304 -0.4497677979832028 0.5692576194334602 0.7078346771539223 2
420 3.612172303213796 2.6731338616234503 -0.4453697425136522 0.47707355001431284 0.5823974201408958 3
425 -6.636691381850241 1.6744197235483913 -0.03913165603283985 0.33327754423149253 0.385288721000657 3
430 7.874939650136892 3.562327662950781 -0.06003849075206408 0.5515769358978492 0.5297670097440887 3
435 2.3665730021802664 4.677391587023795 -0.3031869793833699 0.46716524321642616 0.686902625933345 2
440 10.562006651635864 3.9718034244170384 -0.055218673330283935 0.535704848417034 0.562737826487397 2
522 0.22835679966015518 -4.211160650078133 -2.9767340313542023 0.4345303512042312 0.4557056710028551 2
527 0.4412452989018699 -3.6953151852473636 -3.0158820458539726 0.4957776335445157 0.5421015753309608 1
532 -8.502162123690571 -3.7169801069599355 -3.105720393061888 0.5538725895467077 0.48157986376099166 0
542 -3.9776115995461314 -6.271105154984679 -2.7412435221791416 0.47169550578785036 0.5488614237458584 2
552 -3.6402195042350245 -3.3214682260042943 -2.781688724856977 0.5259040095794479 0.42156925051360095 2
562 0.5889272083918529 10.675297991037507 2.99928857302342 0.5066147096035227 0.5401834345635775 3
582 8.08733328974232 6.529268711517361 -3.141592653589793 0.46642650651889894 0.49326628147850493 0
234 -0.8795990611268207 4.744974459406302 2.9121728063261187 0.5364339336665206 0.6829457331584377 2
591 -4.246850346288789 3.0310694843838517 3.133039874526324 0.5990851158163591 0.7409941377833816 2
596 -6.829914795305882 3.831755461638779 2.7805604409188995 0.6194687358659354 0.4843465064876147 2
601 1.9187412402398079 10.601354426190026 1.5708467714330416 0.4725920458767056 0.408256493210442 0
637 3.7548097806945693 5.84085958685788 -1.5263766519615554 0.4112333299689927 0.46394318367012705 0
681 -1.2959359419915715 -5.5363200869833396 -2.820430751102834 0.5807621960312048 0.6009159130317658 2
715 -5.437523478251985 4.626455861466375 2.5599292502836963 0.3756252733706929 0.5298842937893388 2
721 0.2322115242433241 -4.695729468392333 -2.9714930778632462 0.4523766323096837 0.46301286194410307 2
752 0.6180455478476353 0.6074054455689895 -0.23002207495779475 0.5532805918857558 0.5183056914463781 1
807 0.2573718447841404 5.635111178089169 -0.1148344652753221 0.5565060855581238 0.4203403302459191 3
812 -0.07143683145003514 4.982861307284482 -0.14752616016424241 0.4985387854131045 0.6475062142158908 2
817 5.92211618824986 -5.823782537319167 0.03718074251551927 0.4774838568757075 0.6092002802875089 2
860 -0.9880351394766004 -8.42570487605377 -3.141592653589793 0.4142090056319045 0.4644284859829271 0
900 1.4154450060552048 -3.7043706327039274 3.11871970045969 0.6195332183744438 0.7857790254289393 1
926 -0.49391779789599843 1.3809826772200122 -0.15346052979895147 0.5074582874208774 0.4734682184854182 1
931 1.456922951859553 -4.247217240627328 3.1191054548518955 0.4279804067656789 0.47025245732635307 2
960 5.897605088489973 -4.703472792836848 0.27300846170522086 0.41226935318814645 0.636426640982574 3
965 2.7292241762231675 3.520785465887282 2.693162145479505 0.4642493152446822 0.4001185559337062 3
999 -2.996916425706422 -2.011411208785545 -0.0 0.4177976596850008 0.40637930692509716 3
782 8.203126559078745 -0.4138885049893097 0.13815744373332314 0.5869696894708614 0.6847576519410267 1
1085 2.0579683869577488 6.609238122944491 0.2553414389286455 0.5215193103946593 0.5386382404356761 2
1095 2.8205780854797293 5.002417272380363 -3.1412842692879477 0.49067345396695644 0.5000383249909086 2
1100 4.576062806905597 3.1219763845872555 2.5757132795381983 0.5547558304059896 0.5287395328573941 3
1139 4.882828090308505 3.616647119230592 2.5499316991581136 0.557310214675613 0.44203912173129456 0
1186 3.6932944530604175 -4.681413998704893 0.29158935116590423 0.47876968310733004 0.8832043144063836 2
1196 -0.8589347311141796 -6.9659094396861345 3.1039963534233292 0.4246158397117672 0.4843304643236865 3
1201 -1.4045012315425804 -6.85501738178407 3.075969601102613 0.5547572817177523 0.48063665899455527 2
1226 0.4366121804525817 6.345190091246917 -0.0 0.604315177297957 0.5223306853963794 2
1268 2.1712281816735994 7.268463451160713 -3.135269041014541 0.5387838224265682 0.5379796370840986 0
1273 -0.2886927915745273 -6.920148887022537 2.57927356438374 0.5104163644807463 0.44814883517044 3
1278 1.7226599664021742 -7.529996388615089 2.9258385821851642 0.4926218636255017 0.6162020939524241 2
1301 -2.409456691646694 -7.296654342217871 -2.7183346948652103 0.5094215926051221 0.4571828292211218 3
1306 -7.2379137365043125 -5.863331197870407 1.8834742074783968 0.5223552631546581 0.49257737061849693 3
1327 8.199004834781244 0.1712512371952387 0.1466357746455518 0.5685506641882285 0.5163432659182096 1
1333 6.752033289901111 -2.6288218639881604 1.626026797130859 0.5540546622215643 0.6863352318402656 2
1338 -1.7925870153701382 7.277531857854747 -3.141592653589793 0.5327168553814301 0.5012021337999576 2
1353 -6.856129062725714 6.739903094991639 -0.29945764319702367 0.3821086616943901 0.4764869380221255 0
1358 5.207899528691484 7.80641990752108 -3.141592653589793 0.4971341866422728 0.4822491262198069 0
1370 -0.7365412965766209 -2.094197639127209 0.10932662391449238 0.6176209806790205 0.5510721334889034 1
1387 -3.5038542334022877 6.412260609574764 -0.5586210037703678 0.6511865106064814 0.6310464433371382 2
1392 4.737995166856647 9.44277520839112 0.7006188181003304 0.47341725297171455 0.4172224071057766 0
1415 -5.921285689793449 5.579430970059831 -0.2867555878039362 0.4456006705405395 0.6452469528227559 0
1420 -5.716035610779516 6.046615690712247 -0.2741519276980774 0.49657977121312935 0.5865794651481459 0
1432 -3.9916455439613117 1.8659149812348903 0.30417082728507483 0.6395742405753926 0.439098704062446 2
1437 -3.560484247187984 1.3014235519587447 -0.0 0.5778144924382891 0.4870917545769361 2
1442 1.326549251166092 5.828254513345717 -1.5603435052890164 0.546353198689012 0.6001973676618546 2
1447 9.35250365766187 -2.5660709413338654 -3.141592653589793 0.6142376541623478 0.6909773919567066 2
1462 -6.786886184362964 -9.727277454280477 -2.665359091938315 0.43766019313383814 0.4824300965205455 3
1467 -2.6392995488390683 -2.6298102074433976 0.13880439358572788 0.586917727825509 0.4835167910409023 2
1487 -4.779821224935596 6.708545865012656 -0.5399497549595769 0.7182804322332429 0.4907622215881406 0
1492 -5.868411163407933 8.47675115975299 -0.879586693311768 0.4779838632814419 0.4199094162497008 3
1497 -6.343880436082221 8.053581578570817 -0.9130211004182531 0.4269622334373027 0.5688312626289097 2
1518 -5.876807819747386 7.200011256991403 -0.5824186977671543 0.5899494757726828 0.7256687807320976 2
1523 -10.02688503502934 2.798075971585768 -0.0 0.5677838714015707 0.509197716896377 2
1545 10.524313204031612 -4.62767660682703 -3.141592653589793 0.5749255790300963 0.6545214440506466 2
1550 -5.63543175427844 -4.298833829577057 0.11952135556549989 0.474314844144592 0.4364180987542078 2
1555 0.4053399011563593 6.9300012768371735 -0.0 0.4752975768307156 0.4867153710221748 3
1560 -0.926071709089997 7.6573605991840985 -3.141592653589793 0.4492146381116761 0.42430351769886837 3
