0 -1.6958729836162243 -0.3804270361596591 -0.0 0.23795839133448468 0.31160837295645555 1
5 -2.0558627683650723 -1.4282475938939863 0.007438013690177986 0.39859615020099126 0.4914941102832003 1
10 7.782116537747781 -1.7038152204365478 -3.141592653589793 0.4328337597154036 0.4934153285624615 2
15 7.788675382558688 -1.2176875183255496 3.128401505124898 0.516434638249716 0.7389483442872408 2
25 6.048558690636385 -2.3664879755707298 -3.009280214059454 0.5517163276310515 0.5617158538736148 2
36 4.268807623333889 -4.27306416730327 3.137513936369409 0.5473186846900367 0.45434699328683303 2
41 11.247598049256373 -2.525133373218843 0.20167188775333694 0.4213058299949137 0.48656718644684904 3
46 10.079087585308866 0.21875554026967914 0.15337178952750108 0.530159814620652 0.6711045617771132 2
51 1.9217846058484844 -3.1872829601561405 -2.6627950914570393 0.43628206961005256 0.44249411527209404 2
57 10.640857043355943 -3.8087969462541915 0.2668510132787227 0.4966019149629835 0.4755333609627522 3
62 -0.5890558498950635 -5.37657818284898 -2.808898388317946 0.5290326240968347 0.7495301498948429 2
67 2.277081078255139 -7.834403608872734 3.0219423150344222 0.41525010376884297 0.479944240449497 0
72 2.1599720009331476 -8.413662443926917 3.050138098623896 0.4408487791078244 0.48004912917422166 0
77 3.191255494634232 -9.316412940244403 -1.9189487779944925 0.4457347170600535 0.5363286559750167 0
82 5.89819610657646 -0.19129854964484017 0.0993411626184264 0.6120023213844369 0.929617465573018 1
88 -2.557868282845295 1.2076684704358318 3.0650282580155523 0.5535153340870996 0.7207410502273557 1
94 3.226870514496815 -5.522713870705374 0.31208679503704273 0.5009844743007738 0.5683050079385349 3
99 -2.0129070066020733 -3.4406007531524914 3.0990583465218466 0.5758513440005494 0.6062613218413675 2
104 -2.154957086982967 -3.9754208346805022 -3.1342620540195014 0.48468265133901933 0.5874655227112872 2
109 -3.626306344957124 -6.322703432168184 -2.846802636904809 0.4273360589207482 0.5677116563306192 3
114 4.9859964789656175 -6.33485592153328 -0.209402176997402 0.6116956777873572 0.4527169715411905 2
119 4.97532391108038 -5.144670430290352 0.14201245034173351 0.4921691070591076 0.5990725697840026 3
124 0.21852770126163348 -7.934886409481062 -2.5048802750035324 0.5414210845159277 0.5024680428272071 2
129 -3.620178947630978 -3.6923922116048997 -2.666799154686931 0.5773124564873076 0.6685079378014659 2
134 -3.520622780629983 -4.401897371296306 -2.705673778011994 0.6126634454200961 0.5713125206555458 0
139 -5.361130760270752 -6.720849781753104 -2.613645861044746 0.4245276566222033 0.42259648991089355 0
144 -5.9511580812010285 -3.4717150403443413 2.9380081121758743 0.46589141871776124 0.37102176225787376 0
149 -6.381211223502984 -3.918547652453238 2.904194766121461 0.45494054504130294 0.4572496511393616 0
154 0.9169371142502682 -1.6546565846525367 0.060020764224035614 0.47064557796650064 0.6110885213671313 1
159 -1.718730607372661 -4.970180832599573 -0.13451235101728984 0.6015400197739901 0.589055281341856 2
164 -2.613621015029725 -5.360644343159121 -0.2624113791361448 0.4036926863681209 0.41886277869755045 2
169 -4.717951758055122 -6.316420166023499 -2.7792144721074044 0.49544531716386286 0.40257048944372203 0
174 0.8963146573611116 -6.7956066002609505 0.4531587170339654 0.44141929020276593 0.4353133880173579 0
179 -2.5617890442278712 -9.046533147692873 -3.0317861756522637 0.5220357957701636 0.41376015859102255 0
184 -4.577822628082336 -7.0503420681000355 -2.485892410498155 0.4019586479374992 0.42086545666113095 0
189 1.7109445545426776 -5.6939957257449105 -0.06524987981946054 0.45958707096087126 0.5194135027733808 3
194 0.5236746643196198 -6.141098234020381 0.17935215482614705 0.469225657375657 0.6088927489368258 2
199 -4.992672691036795 -8.159075391804407 -2.3737464227166845 0.519554417947198 0.5186421866338999 3
204 -6.3410315666790655 -8.771183416562515 -2.4166821176665305 0.4474639076789921 0.5173416817661796 0
209 -6.1889304910601926 -9.517476942790841 -2.4248354930025386 0.508077663567 0.5168467377708879 2
214 -0.613420699958706 -7.733257933922707 -2.773233171193692 0.5864234690328942 0.5127485503866333 2
219 -4.143421690910331 -8.824475274239823 -2.789972683336909 0.5703580026890296 0.4555667406698829 0
224 -6.197748911033505 -10.293231074105783 -2.591379112792009 0.5194723609010758 0.517291957789056 0
229 6.986876013181476 2.2949130851911517 3.06111674690665 0.5979771703566431 0.6733971525761334 2
239 5.302474192342933 2.399466354716439 2.8210574073899872 0.5652463281443261 0.5247678931877566 2
245 4.8627850841710965 2.0044095949339207 2.744679336902334 0.3657874713835661 0.48310695611254795 0
251 2.6828223813925685 2.615983491630768 3.010636912134003 0.5589290778697571 0.5509059937068291 2
256 0.2784352999815064 -0.9450225322138063 -2.702330707076262 0.5333549083565463 0.45039504159598515 1
262 1.3555550722616783 2.5507648670819725 -3.1045846080756956 0.6095281674968606 0.6332236494266349 1
267 1.859150346057883 3.5433504770328037 3.068161269910501 0.5761580903256512 0.48736377911419937 2
277 9.318701687059225 3.669041337054107 -0.039191251711531754 0.43484319479094385 0.42874916959050896 3
282 3.9600468904254935 5.327569627014196 0.1878850083516065 0.4288208017095922 0.46664328225203694 2
287 7.799528818664472 3.1771208190981337 -0.06490410036592856 0.544542337031885 0.7320599739036041 2
292 5.134555021658796 7.906985832353845 -2.9870679961741176 0.5809296958721468 0.6210047333155122 0
298 5.143511106394949 9.28942058121636 0.5937994471530192 0.47476515405131364 0.44453308926942536 0
303 -3.1915252747851914 8.081694927692022 3.0600683109166082 0.4551223607878055 0.41018615962503086 3
308 -4.696292872942849 8.685300164097427 2.1789243352179986 0.6359521075266754 0.46770639527794444 2
313 2.1825311475896085 1.0603467882214432 1.0412639636802314 0.43871849419753844 0.565072055277256 1
319 2.1464236998196924 1.509676127359167 -0.490665672215193 0.42835829701895145 0.5027759129538594 1
325 -3.4599485533990557 1.5960767867340673 -3.1166816009904132 0.4206039720637605 0.46073256898932635 3
330 -1.9565025502847966 4.275740114597685 2.925244748924704 0.5057703850987707 0.6960835455620529 2
335 -2.4554396766961544 3.125001700598681 2.9495784137500367 0.518984726780668 0.5585014803629066 1
340 -5.06905603663417 1.5247568417664592 3.048966335654236 0.42358044818784457 0.4088188461020564 0
345 -5.16678648239406 1.08324726881788 3.0770774834318093 0.3910141201842183 0.4933714186925395 0
350 -3.4107502531285356 3.834652844587613 3.010803409836279 0.5366524016736982 0.4249295789907653 2
355 4.5947731767301185 3.888274674756333 0.016403013681493935 0.47807680182744705 0.5502754015559419 3
360 4.231610935883588 4.523173613993111 -0.05290702281514676 0.44390035911741893 0.5577364334562965 3
365 -2.972019923183897 4.370566716041342 2.9354025771461885 0.35930647346275246 0.4096845214663302 3
370 -2.283216063639596 7.5088246710939215 2.3959219791391044 0.5686386686719677 0.4123759938019338 3
375 -5.071791388469609 4.411536548830719 2.9745719292562245 0.6477623266196948 0.6363461560381022 2
380 -7.304383593219858 4.30981079522482 3.0698700586573904 0.452459621810261 0.506560739775165 0
385 0.09333438673197852 4.593312614477306 -0.10630179110742256 0.5240044248256838 0.6665248156650624 1
400 -2.0428210783176275 6.116903576010934 -0.2880697643068208 0.4772641017001601 0.5280129412390328 2
405 -10.018276242291865 2.1961217914840008 -2.624287191604866 0.5060421959830234 0.3867155497790516 0
410 -7.011630914247905 2.67829092307805 -0.040467595951863986 0.5095176733090518 0.38390541054281513 2
415 -4.228156949842759 2.343273010225796 -0.30807316704679427 0.47673171440265316 0.3996237476728188 2
420 -3.995753352803004 3.0145854774238003 -0.3331038787796648 0.7217603063250061 0.47281127352105295 2
425 -7.109358689250899 1.748785072078604 -0.03913165603283985 0.33327754423149253 0.385288721000657 3
430 -1.9035155959364711 5.233183159059656 -0.4520886517794034 0.612926695286989 0.542731322062874 2
435 -1.9815701496974754 6.615716532215122 -0.44595041449745043 0.4391808108372458 0.4671050029747391 2
440 -0.05841385540366144 5.374629113490246 -0.00018481676852474352 0.4514466373112657 0.8945027002817698 2
522 9.197699841993618 -1.4255141173651964 -2.89012925202436 0.47546218535293366 0.4727390121588156 3
527 8.950150657170196 -0.9347562249771197 -2.9169359664616366 0.5489987681358558 0.5531209157815904 2
532 4.750068209591284 -3.3571970565182996 3.1365104435885174 0.5141289868310441 0.5008679748713168 2
542 4.11587799784665 -3.739804239611511 -3.126772122666345 0.5377315458445339 0.6945857108152313 2
547 9.89902432866181 0.9613633232013108 0.23032893498111914 0.5191290326362523 0.7138182048151551 2
552 2.189257251599437 -2.4668827046075177 -2.928941446163438 0.5703352302692103 0.5108581130994609 1
562 1.856466782470651 9.708138424286647 1.4747708157965738 0.5066147096035227 0.5056507911005304 0
567 2.834559419078244 7.219872192139291 0.02144267807520207 0.4320050748208924 0.40067764659305377 0
572 3.0030422016219993 6.788777926351855 0.053740937010906785 0.4522183779808798 0.39956653111169393 0
577 3.619934500480003 8.470216201031448 2.688733650470618 0.44037638998906214 0.4393333983224793 0
582 8.08733328974232 6.529268711517361 -3.141592653589793 0.46642650651889894 0.49326628147850493 3
234 5.3620539497246655 3.198761946791219 2.8680637510718894 0.5228294583359062 0.5238450425919746 3
591 3.8633061637563553 3.140311765774289 2.996953591733813 0.39773701079974083 0.5525130756470864 2
596 2.8803989631658786 3.2243347778181293 2.9336644748578973 0.6749885235144051 0.42056763780106793 2
601 1.4435461768823872 6.198722374339158 -0.469129655036432 0.3631479345594433 0.5281038652570116 2
637 3.753058907241257 5.880250279259787 -1.5263766519615554 0.4112333299689927 0.3867557714136062 0
647 -5.844333824253153 -7.699526369404496 -2.5774884751663025 0.4144995031970419 0.5183064956341922 0
671 -3.2392238226501804 7.572548769879438 3.0424973569691334 0.37576532481478964 0.4244060947212734 0
676 11.08729758158583 -2.05945868315129 0.25590169496503046 0.45564007584404753 0.5576112702308997 3
681 7.732424858728618 -3.676676394668722 -3.1346912043251582 0.589166973891181 0.4484551453778277 2
686 -4.133035490790224 -7.9810460846686615 -2.471959899040483 0.4152117847075129 0.44278370687571805 0
705 -7.358817652515661 4.76186395115346 3.041211648035029 0.4186453331841947 0.5427953008663882 2
710 -1.0111945235996858 7.69084417367948 3.1360704010330283 0.6380822551834452 0.5554832666778055 3
715 1.9494558857865205 2.8625826021672744 3.0290603002144527 0.45440793072481267 0.5163628425248186 2
721 9.073457350148947 -1.944428790045836 -2.9735428780911675 0.4764995687969878 0.4464791595587148 2
726 -3.6074475508496393 -7.457906711670744 -2.6309379358808007 0.42354082608757354 0.41101639763564 0
731 2.326686395275949 -9.365023508898961 -1.0713553483674136 0.47882908970090216 0.46542357822453767 3
752 -9.173797520268327 3.213152591985623 0.3240826594742159 0.4530815599598025 0.6505579825801665 2
757 1.1501937275364582 7.642565948474406 3.10843140442059 0.4288426710462368 0.6314251694975827 2
762 -2.2813414188117713 3.5295041046723816 2.938802891072262 0.4186280575355527 0.5028473073734365 1
772 -7.456972591917667 -7.065491470045715 1.4200507244427447 0.3916402053833008 0.5130950886819055 2
777 -7.982345158163603 -7.175524744335303 1.4600776354204799 0.4892232662867331 0.5073202841644874 2
807 -8.050557991935719 7.051435811634336 -0.44077489805793885 0.46923748710465624 0.3831992340087891 2
812 -8.397578855794142 6.583556257882045 -0.42359040241288937 0.4221222465515518 0.421794021455589 3
817 -0.7787257248012697 -6.116057466864575 0.33489181594117245 0.4630910667955446 0.4775707586362231 2
822 0.606831383482495 -7.2691278275327225 2.8558967553705243 0.5384967688449793 0.5173905314678247 2
855 -5.226891520773744 10.831029263078594 1.8489132760001554 0.5881821936178748 0.38743453758394164 2
860 -0.7491923530901241 -8.334122236105394 -3.141592653589793 0.4142090056319045 0.558361289900296 3
890 2.1800747678310577 7.9542066545118235 3.0629014594651958 0.5581229701283958 0.681471146281472 2
895 7.904114094154029 -6.142203386512816 -3.13591492978173 0.5410529648979342 0.6148581557011175 2
900 9.63773409697038 -5.718643932925693 3.11871970045969 0.5333954682213384 0.5119747108188671 2
926 -10.736728664304138 2.7801914526871974 0.15505745578577182 0.5074582874208774 0.47907400173349945 2
931 9.640277642551458 -6.252092720823818 -3.141592653589793 0.45112684655048474 0.42778279842814043 3
936 -3.671980205126353 -8.670882125803745 -2.9940152411600094 0.4279435423834349 0.4298761623138992 2
782 -1.8018020902137895 -2.756230785055168 0.06002060901676678 0.44815855718602815 0.3468001846627264 2
787 -1.8433660256668465 -2.298528117314165 0.018102531701366577 0.43142936702346224 0.4032312912142965 2
