0 -1.6958729836162243 -0.3804270361596591 -0.0 0.23795839133448468 0.31160837295645555 1
5 -2.0188664768931908 -1.42797240989675 0.007438013690177986 0.39859615020099126 0.41892278450321035 1
10 10.064479459456907 -1.8007762529033597 -3.141592653589793 0.490111553980944 0.39179964564800246 2
15 10.244649977879698 -1.0505624381927137 3.128401505124898 0.5916622717758704 0.5106910400542573 2
20 10.745887971951554 -1.6761047540968255 -0.21580618882789254 0.48603701266331967 0.5526992281628929 3
25 8.913643246627753 -1.978424117845118 2.957420581261898 0.5517163276310515 0.5340900631068919 0
31 10.533321177517681 -4.695169181230311 -0.12013502004342147 0.4051470299658763 0.5471271939303791 3
36 7.1640730475241785 -4.019488841543016 3.137513936369409 0.4153752594361364 0.38733761110257225 3
41 8.57302588501524 -2.5808429436471663 0.5259685908495129 0.5854761573149644 0.40642966132965375 3
46 7.3105554179624 -0.3877169318267987 0.033808100217100505 0.569008374527333 0.7182169698478974 2
51 3.9539756137644315 -2.067648874166959 -3.1119621312822163 0.6098727482121117 0.44440861648923946 1
57 5.639443148956483 -4.406842920929485 0.2471398761168111 0.5695739587897227 0.792393565445671 1
62 3.4831545457919844 -4.992429737054601 -2.9998827553555643 0.5785904263803451 0.597543656914932 1
67 5.018325220448897 -8.090296923882146 2.8149003643661796 0.47946650235716626 0.479944240449497 2
72 4.999052484872807 -8.611081093378292 2.836083809683923 0.4408487791078244 0.48004912917422166 2
77 4.337977822583486 -8.851425175949489 2.972838628311304 0.4457347170600535 0.5298684486655316 2
82 2.6814939800222666 -0.6732509009753124 0.0993411626184264 0.5834745561119533 0.5003669263919127 1
88 0.8555168027513812 0.6626752988388626 2.6305388034162887 0.5056667424692354 0.4006831057692273 1
94 0.5219831436725918 -5.674268686340592 0.31208679503704273 0.48880553403720317 0.4909806819835658 3
99 0.32997496596054776 -3.2400089167776147 3.0990583465218466 0.43886768709904445 0.46118189918526287 1
104 0.014101391398977155 -3.679093431432954 -3.141592653589793 0.43550109409395404 0.48597015409209526 2
109 -0.3742149152839244 -5.0365961393671785 -2.8993027060990584 0.5401897943466797 0.4951707316982758 2
114 2.5412497025993934 -5.949361191382753 0.24909934619842675 0.46258145440873893 0.4656731744234415 2
119 1.226535582044156 -6.386235821977124 0.5074699256223135 0.7036036984606254 0.5257660663654351 2
124 0.2670101215892463 -7.862917527360996 -2.5048802750035324 0.4125596742068143 0.5024680428272071 2
129 -1.4412927020590542 -3.2778973169193995 -2.666799154686931 0.9391258887718305 0.4446823657731507 1
134 -1.0563010209400114 -4.078889971764678 -2.705673778011994 0.5839918257488244 0.5102921576450279 2
139 -2.662018312435855 -4.599825971990658 -2.607316484192918 0.4231821236111616 0.42259648991089355 2
144 -3.3836443219382253 -3.3237204045401225 -3.141592653589793 0.47613898046169256 0.4132001472510467 2
149 -3.4982801715150633 -3.783385391077902 -3.141592653589793 0.4200067034988113 0.5086368658478689 3
154 -1.6827028837818006 -2.0775965671889214 0.060020764224035614 0.536624149480793 0.871231550726519 1
159 -4.7713578311442095 -4.598995531140932 -0.0 0.4814231143358243 0.4459553926622942 2
164 -5.36346861986544 -4.934937229192077 -0.15212688890728535 0.47633927490537364 0.5384481249982882 2
169 -1.8556266556983945 -5.238152856521451 -2.7792144721074044 0.458023644459955 0.40257048944372203 2
174 -0.6499368275419067 -7.708995531836834 0.4531587170339654 0.5136884036217918 0.5016043715198153 2
179 -1.197982101490328 -8.724862578132283 -2.5339869920229248 0.5220357957701636 0.41376015859102255 2
184 -2.722711404822968 -5.49701014054048 -2.607880325872281 0.4019586479374992 0.42086545666113095 0
189 -1.3360212161100058 -5.866049101577752 0.020267313724875703 0.4511123833412309 0.3903772691102001 2
194 -1.4917223463635536 -6.836855873712085 0.4589700744393938 0.4347598121126316 0.4254120716698747 3
199 -3.0845657342019672 -6.99656563765241 -2.3737464227166845 0.44555035088209355 0.5186421866338999 3
204 -3.99828512782026 -7.4721688436306035 -2.4166821176665305 0.523431020826622 0.49221743184851796 0
209 -4.558998492672606 -7.960338887397328 -2.4248354930025386 0.508077663567 0.5168467377708879 0
214 -0.9187812734886495 -8.379131625714198 -2.6189971802970247 0.41806997776031496 0.3897650553529483 3
219 -3.435078444672105 -8.43753758160346 -3.062091379094191 0.4326168571094757 0.49390737389514816 2
224 -4.514593064364485 -9.114532337874131 -2.591379112792009 0.5194723609010758 0.517291957789056 0
229 9.159377996369527 1.5363574726863738 -3.141592653589793 0.40778667084319653 0.4209740112259811 2
239 6.9190581921392855 1.799513103617845 2.8738692615145087 0.4373293170159875 0.4808777782410724 3
245 6.284535383725323 1.4419325281400905 2.744679336902334 0.4109987573271846 0.4997048933880238 0
251 5.072298271556554 2.0717084694234775 -3.141592653589793 0.6417793341892343 0.4848744425137508 2
256 2.657380736820706 0.5631005753498557 -2.8726959923513187 0.5104042129058427 0.4152133892186352 1
262 3.893294458323111 2.1702349754743286 2.735085857012959 0.4277270573762892 0.6432556525784565 2
267 4.171263487602621 2.79012843566329 2.9074181678445448 0.587240680385108 0.4118541114244494 2
272 8.765322250535045 4.695392865830462 0.026712135011538015 0.5235242491731524 0.4568100166320801 0
277 6.645112484678707 4.168258968360459 -0.03919125171153161 0.5089166811720375 0.5130822036804124 3
282 3.8992858830639507 5.297386545748469 0.8312950335275284 0.5948414804435053 0.4853853064622377 0
287 5.4112073188543945 3.7582451659823732 -0.06490410036592856 0.5839895629804693 0.5097425964631496 0
292 7.395941807356152 7.852724987758554 -3.115169380318044 0.5809296958721468 0.5090796049477847 2
298 3.683622777036185 8.236569275841099 0.5937994471530192 0.5523653931199963 0.44453308926942536 0
303 -0.4553327524195513 7.952259600293242 3.1141394631546224 0.3998342408380245 0.41018615962503086 3
308 -2.405875147554583 7.886783302896528 -3.115202355712446 0.5603429879998076 0.49056442581963483 2
313 2.18428223102864 1.039439238501826 1.0412639636802314 0.41500784629135734 0.5223785645351204 1
319 2.133979781303717 1.5397952145743685 -0.490665672215193 0.3875969986296543 0.5526093394686159 1
325 0.7016540485749332 2.142913632750209 -2.8189987475252547 0.5661551659633266 0.5195300440931211 1
330 0.6917102244204015 3.5973656109952943 3.087637757018652 0.5452267410442418 0.416115304141956 2
335 -0.020266730772913577 2.854108349556115 2.650677199105122 0.9115484061324733 0.6213163649065578 1
340 -1.7445031878041304 1.7113095405146244 2.6138114978011417 0.39663604653860635 0.41425717551862595 1
345 -1.9522004635684287 1.3380328574591578 2.680829681188378 0.4369909491635199 0.3941015511229466 1
350 -0.6992174097652241 3.4160798682286044 2.736820974092286 0.45170198019347746 0.4986282375620654 1
355 1.7111172703787558 4.049952583781347 -0.13954992788682588 0.4841595770723715 0.4818768754219446 2
360 1.5271100024952318 4.799046046102005 0.1943189991043056 0.4247237674796884 0.4214694379886625 2
365 -0.43399390588476244 3.8760077471129226 2.677317600872861 0.33579965940217904 0.4096845214663302 3
370 -0.845134773181698 6.121539560418138 3.0091858094196944 0.4697048338772259 0.4123759938019338 2
375 -2.688550486805574 3.449739674072033 3.035758780167435 0.7159077139003405 0.4761846403941865 2
380 -4.924564556629739 3.8908735246469166 3.0271999592727306 0.4451540305183014 0.4410130986820535 3
385 -3.2487170484894943 5.122265468437647 0.23026063118681653 0.5964911943656546 0.5540446089000727 2
390 -9.343648142268314 6.765168857695279 -2.984940827786425 0.45477970746067575 0.4708514370312519 3
400 -3.4532135005572875 6.935876152772425 -0.19610519395236348 0.6004612412578038 0.6631300455529293 2
405 -8.860131039175954 4.477735418940777 -1.967452701531407 0.5060421959830234 0.45292256274400283 0
410 -10.408696365405847 2.8684457228107716 -0.0 0.5258995927270063 0.46873616722274525 2
415 -6.894245773860401 2.413146410937661 -0.0 0.6595627720295427 0.3782500804354969 2
420 -6.67949057872716 3.380995052062927 0.00032131575134666313 0.6504629705056684 0.46048973566851614 2
425 -7.109358689250899 1.748785072078604 -0.03913165603283985 0.33327754423149253 0.385288721000657 3
430 -4.3749635832940355 6.655614258091987 -0.17054938101800463 0.5492789748562421 0.4772458840125431 3
435 -3.4119133898694627 7.513649937343176 -0.13258536666049092 0.4785489029936597 0.5244885388614235 2
440 -3.6051351043425273 5.890473295615063 0.16949875366129613 0.4851619311982394 0.4874029547196693 2
522 11.600256062340243 -1.2230911685082666 -3.141592653589793 0.5036821095715963 0.4727390121588156 3
527 11.534804571762574 -0.13697297609320924 -3.141592653589793 0.4597437466142116 0.4586107413385208 2
532 8.34283597613459 -3.5694522063788843 3.1365104435885174 0.4259998090491682 0.41639920099476047 2
537 10.673017884715254 -4.14894141826597 -0.08130215329726596 0.5015013277242271 0.4970781837012149 3
542 7.160292944679578 -3.4619054005666605 -3.126772122666345 0.44150974540318116 0.4614726477025803 3
547 6.991883151793049 0.25312658035428887 0.00917583925804637 0.5422454212297756 0.6223078641407884 2
552 4.0035858206924555 -1.470404043987227 3.0680784241485455 0.4773775274140818 0.4496355658404115 2
557 -4.844337757267059 8.990432205958141 2.7085908436940325 0.4266151740156364 0.43781512936112565 3
562 1.6735236515666365 8.465084986949918 1.585445161265123 0.5066147096035227 0.5056507911005304 0
567 0.47031365245454343 7.057374113896722 0.02144267807520207 0.4320050748208924 0.40067764659305377 2
572 0.6244694526345714 6.566962760917505 0.053740937010906785 0.43228492987007316 0.4990822463708576 2
577 5.090108474143767 7.914853388408827 2.4907733674431336 0.5177362233444626 0.4393333983224793 2
582 8.16463815571984 6.529268711517361 -3.141592653589793 0.46642650651889894 0.5626296628866402 3
234 7.326057461484895 2.445279799664682 3.0504636417091087 0.5177488898050614 0.5208607013021622 3
591 6.137281691281361 2.925068885235934 -3.130769241044509 0.39773701079974083 0.41014368070200014 3
596 5.327137219045222 2.643692710255681 -3.1071790016565006 0.40201421447651475 0.42056763780106793 3
601 1.505646183677303 6.142730711858412 -1.0347637681879667 0.4391028132658663 0.45573126177733997 0
632 -6.103604664736417 8.475622539806889 2.6751999492855694 0.41548140761634267 0.3791796479892494 3
637 3.7405627874563114 5.97645681544814 1.5707963267948972 0.4112333299689927 0.3867557714136062 2
642 10.761034470050962 0.852586921126087 0.39088955810087034 0.4625227664210607 0.7284078816182679 2
647 -3.8737033053420302 -6.50344257594773 -2.5774884751663025 0.4144995031970419 0.5183064956341922 3
