0 -1.6542885017930944 -0.38578594096365465 -0.0 0.3798066332445369 0.39252090037865756 1
5 -2.0558627683650723 -1.4282475938939863 0.007438013690177986 0.39859615020099126 0.4914941102832003 1
10 -4.056123245023443 -3.703540966724036 -2.928753990843998 0.40818302237157433 0.37878074610234164 2
15 -4.193067959735282 -3.1807274202415683 -2.903362106278812 0.4970479414372687 0.47293184416578865 2
25 -6.154474187570814 -3.9035599077024554 -3.1125522556469543 0.5946129022768837 0.4824156222027963 0
36 -7.923679052759754 -8.440842764030977 -2.716728869440213 0.42980274776870186 0.5059949052848054 3
51 -9.268741043051474 -3.7573948379140876 3.120251086351481 0.43723919510629355 0.4477837120213176 0
124 -0.21334096110164918 -8.463000806362853 -2.5048802750035324 0.6034644931444155 0.7879650996545529 3
214 -0.6470515990610801 -7.6801864419629595 -2.762034704625944 0.6015936095485466 0.55020002757819 2
229 -4.574347532205562 3.9324164906015597 3.1354334078721826 0.5181163908531867 0.6112869551153087 2
239 -5.04627844979403 5.411205583634833 2.9042749999580604 0.5755713317549004 0.5819615531086636 2
245 -5.442632581404032 4.986149129755684 2.8592357522886864 0.3781358834049076 0.38349877755244016 0
262 -9.393439200970063 5.569437829295141 2.5394995186996687 0.6035190800773153 0.49481691753210666 2
267 -8.440376523656035 6.332846153012281 2.554847285566491 0.4835062883397576 0.6052498682430396 2
282 7.25261165544434 4.9901208915482815 -0.7028391871976662 0.46009629415312997 0.5178284843186374 3
313 2.6362601403971464 0.6027257817642504 -0.6141695972259746 0.5581000964829511 0.4282565996020532 1
319 2.142241614806032 1.8560074647243556 -0.490665672215193 0.5193136692011135 0.43723662910785316 1
400 4.96065513411754 3.796776360676689 -0.4367543303542295 0.46946973895831273 0.5050056012875592 0
410 7.295591406150664 3.74664771917231 0.22382779861538699 0.7354740090649982 0.6934090453021444 2
415 7.506809969345432 2.063017385235524 -0.06850868923645918 0.6408801775599944 0.5879515458364458 2
420 7.809524583259807 3.0521969781982192 0.2492569596363955 0.5949537129950688 0.5489422930330168 2
425 -6.511633293396607 1.6611382932647243 -0.03913165603283985 0.3714904285324639 0.385288721000657 3
435 4.876884126802149 4.697003686507288 -0.09463347344211775 0.4512592608919277 0.466779776312888 2
522 -3.3049136356556943 -4.899599013393211 -2.9767340313542023 0.4797633839444517 0.4953938863358643 2
527 -3.300790414623116 -3.8122256638787895 -3.00935125437491 0.5218748221697312 0.5364517274927523 2
542 -8.090582454317138 -8.05506677356871 -2.7412435221791416 0.4124808771075785 0.5488614237458584 2
552 -9.251359741886215 -3.2311329113063794 3.1351397758313366 0.396401005171609 0.47032335424041155 0
562 0.5889272083918529 10.675297991037507 2.99928857302342 0.5066147096035227 0.5401834345635775 0
582 8.08733328974232 6.529268711517361 -3.141592653589793 0.46642650651889894 0.49326628147850493 0
234 -3.8896309818523362 5.394996319555132 3.1024352355661406 0.5856072554474638 0.6145173901635449 2
591 -8.854409720632386 2.865055805022713 3.133039874526323 0.6103943707863153 0.7265144808932741 2
637 3.7548097806945693 5.84085958685788 -1.5263766519615554 0.4112333299689927 0.46394318367012705 0
681 -4.828795974749302 -7.90321537078826 -2.3918407062356404 0.4658544730780456 0.4870943776158682 2
715 -8.982828045977726 6.031866030705418 2.5599292502836963 0.5090856683719244 0.49955552083738564 2
721 -3.7791758534113344 -5.409149846872061 -2.9714930778632462 0.4523766323096837 0.4940094412173366 0
752 5.625374202381625 -0.6041308423608402 -0.05492146586195449 0.7150801744798785 0.6480122482010242 1
807 3.9807289423656393 3.8178270565505716 -0.40603700690450784 0.42879885516680283 0.42613280592073943 3
812 3.766780748055034 3.3920135418177937 -0.48431306131046553 0.467039203571348 0.5362446306319871 3
817 9.457088023674602 -5.6743920852405925 0.03718074251551927 0.4792961860448698 0.45755884191376356 2
860 -0.9880351394766004 -8.42570487605377 -3.141592653589793 0.4142090056319045 0.4644284859829271 1
900 -2.47687694677247 -3.045259111208653 3.11871970045969 0.5334953736017098 0.6523929238363071 1
926 4.895598817025103 0.4339213357819657 0.09347584029534607 0.5551002554865616 0.7055249404848464 1
931 -2.336257931557222 -3.5021903659630516 3.1191054548518955 0.4133930502931717 0.47025245732635307 2
965 -3.0685430314453734 2.861155353658992 -3.0317919585203055 0.537043782228277 0.5541759697604887 1
999 -2.996916425706422 -2.019713606117893 -0.0 0.4177976596850008 0.40637930692509716 3
1095 -1.9529765306291302 7.662914958775388 2.7232879172576006 0.4929565548175574 0.45116101167604195 3
1100 -0.21791558871634378 3.001524444589121 -3.125781953804996 0.548099298960026 0.42353511550984785 2
1139 -0.2376640410892512 3.7617584293988937 -3.1149820037485667 0.5919986403780841 0.4237125047470099 0
1186 9.233715471758345 -1.5458163378942478 0.4558492233410302 0.5230220946603977 0.4292204141216478 2
1196 -6.210425008154534 -9.788980887831345 -2.5129420167977736 0.5018655587871585 0.4843304643236865 0
1201 -6.6508684946931105 -7.680577594009352 -2.7688770449444617 0.4895217112697202 0.4383069150508008 0
1226 7.717396871107793 7.502230267975547 0.21042642099292463 0.604315177297957 0.5586813290185931 0
1268 -4.120960963045857 8.900240820565449 2.5284876899135336 0.4237108797193917 0.4810383090912294 3
1273 -6.285903298249448 -8.223340390351758 -2.8148444963529586 0.41943809068113364 0.5170429667791002 3
1278 -3.478854592311258 -7.1571818758726895 -3.089924708237223 0.5320658189535584 0.5068483873511314 2
1301 -6.644664673993392 -9.398892960216429 -2.5455307187265044 0.43607602217787267 0.42676732353914937 0
1306 -7.257659863670953 -5.908637977469938 1.8779803822205072 0.5223552631546581 0.42425670101768687 0
1333 3.013986048389242 2.3725863621675276 2.5465250328122173 0.4732930307222091 0.4051669844523329 3
1353 -4.803550668410291 6.276008897411917 -0.29945764319702367 0.5273246529514479 0.49576955409267837 2
1370 4.022106669400315 -1.9702463443842773 -0.01670681959698765 0.6058836572450287 0.5206838949240429 1
1387 2.7325199680600387 4.057907117434324 -0.48213216785859864 0.6359162973904711 0.7774093604965424 2
1415 -1.829014818227542 6.227165446338113 -0.21787236073916347 0.41438116133820435 0.5295608496336657 2
1420 -1.5545086576278244 6.6420326623098624 -0.22655773197675622 0.4451444343428419 0.5447837494849593 2
1432 0.159748636307866 1.5983570307008519 -0.16710560905849947 0.5054160141305889 0.4624384657003681 2
1437 -0.027097491109829314 1.1008495229283644 -0.22686754211363985 0.47485811851670107 0.5141514549349997 1
1442 4.208506988079414 5.0422698103946235 0.3853546760651805 0.44641761535958835 0.4195716738478518 0
1447 2.8061350475139974 -3.529213602916494 -2.8605340260169 0.5857725245853916 0.7361664573160814 1
1467 1.0941983448793646 -2.0924276983970858 -0.017575300029020482 0.589396870507564 0.5080403587435717 1
1487 1.1220223923143449 4.550231311341529 -0.6710219677899905 0.5970304574597235 0.4298951500436463 2
1492 -2.7569331208946637 6.331425785634318 -0.24244996155364307 0.44870888125245273 0.6724335133698162 2
1497 -2.943244516659792 5.795656128385114 -0.2253955305297002 0.48968307704773956 0.47993812553403603 2
1518 -0.0021482748852812428 5.890858673073626 -0.22797141145783786 0.4971923979979381 0.5558805190616785 0
1523 -4.884538742288779 2.126163282049589 -0.13123092687420979 0.6472606539359973 0.7181694368707696 2
1545 6.860015803487423 -3.0391217208657912 2.4626320615255555 0.41707194811538495 0.4536587978244085 2
1550 -2.631538600711567 -4.457059409222455 0.16055267685118055 0.4670356245511053 0.5890883881625719 2
1555 7.548072215350703 8.117607977844983 0.16023364418499433 0.4752975768307156 0.4867153710221748 0
1581 -0.15484894361318347 5.331747274665858 -0.23880225652281967 0.3796728645278768 0.5085206764616336 0
1586 7.222981445901422 -2.6980012248501306 2.4524994761490224 0.5013153960573159 0.467535281981496 2
1620 -5.208804151291579 7.978069958366497 2.659711732194176 0.6900524902785015 0.5518761407685977 2
1625 -5.2170244622820565 -4.944914860232075 0.23289188282105694 0.5678932184105915 0.49558480686772705 0
1641 9.35388931430526 -2.2044407186245696 -3.141592653589793 0.5120354026397786 0.530687615307487 2
1646 -4.990529641549617 -6.161384794687397 0.22494139876028924 0.5174466540369543 0.43267197854274936 0
1651 -4.993437400076042 -6.747235735168852 0.274157581709718 0.43011601123080817 0.46963887144565847 3
1656 -9.066456779544975 -4.838214973751295 -3.0742226566529065 0.4340732379288981 0.4061398696899414 0
1674 -4.123726947162359 7.1126216955164345 -0.45864128969733664 0.4654472493285882 0.37859728724892244 3
1679 9.18635994104135 -2.6812870283644274 -3.141592653589793 0.38676967324618594 0.3559003067016602 2
1684 7.976873497376231 1.165419550440478 -3.141592653589793 0.47623874498937324 0.4627883140640173 2
1689 8.379627974993873 -3.079490830779764 -3.141592653589793 0.49492964589977484 0.5348969018516134 2
1695 8.651080958279838 -3.620498697763285 -3.141592653589793 0.4486760571493599 0.39824301460041467 2
1719 7.736147831588143 5.304688539498482 -0.6723250055685854 0.4711885579387589 0.503577394452526 0
1741 -9.57082174167908 3.604978377590208 1.5829986120472186 0.5145236363281539 0.4192692893367791 3
1760 -10.089430315559873 3.5993852935352293 1.5688176765967587 0.44661425512749303 0.45404518537672933 2
1765 -5.496890232264172 6.396365493406602 -0.023009605251734934 0.42870058118383064 0.4476144708513283 2
1770 -7.501734049084425 -1.3216260185994626 -3.141592653589793 0.47581144680564313 0.467059185342418 3
1775 -3.500472414331996 -8.630775126902059 3.091720420065476 0.532194735907439 0.4875703699935299 2
1780 6.388708694560356 4.707524167516769 -0.7637990616065337 0.4447466459558425 0.4960922307321058 2
1799 -5.806977797841411 -4.9305707082400945 0.28349793967639464 0.5737559681982035 0.6394412430602286 2
1813 -7.130704623546357 5.695425879092627 -1.323995722070346 0.549747398696607 0.40400751028610166 2
1818 2.910406318384652 0.9891911938286757 -0.578824838949969 0.36788373807806046 0.278903002167717 2
1838 -3.991342613368139 -8.32554515142933 0.7320746077436245 0.5054936317512945 0.41196716569146813 3
1843 2.6997471635719483 7.6819062412275425 -3.141592653589793 0.5153893341973952 0.5039917699004671 2
