30 11.9487356688 6.58510119369 0.0 0.435 0.48 1
36 4.82617542882 8.21467030614 0.0 0.435 0.48 1
37 4.03082777955 8.09844298368 0.0 0.435 0.48 1
38 12.8183775017 5.86745117596 0.0 0.435 0.48 1
39 12.6489530885 4.85004444978 0.0 0.435 0.48 1
40 3.51308360987 7.04046409155 0.0 0.435 0.48 1
41 2.36983713438 7.62136204405 0.0 0.435 0.48 1
42 3.98305219966 4.84169135679 0.0 0.435 0.48 1
43 3.92306964342 5.31018054362 0.0 0.435 0.48 1
44 2.06992435317 6.43999603547 0.0 0.435 0.48 1
45 1.74138831704 7.03974811215 0.0 0.435 0.48 1
46 0.404093010481 2.4970974844 0.0 0.435 0.48 1
47 0.498170914484 5.79155735965 0.0 0.435 0.48 1
48 1.44884181466 1.76226396108 0.0 0.435 0.48 1
49 2.06255807433 2.20760314735 0.0 0.435 0.48 1
