20 0.776616254518 5.04312022774 0.0 0.435 0.48 1
21 1.14913949856 2.999237703 0.0 0.435 0.48 1
22 1.28425809893 4.03860113075 0.0 0.435 0.48 1
23 4.93267077429 4.4166382535 0.0 0.435 0.48 1
24 5.15534286028 4.93381403948 0.0 0.435 0.48 1
25 4.19435916973 7.92207339169 0.0 0.435 0.48 1
26 4.16510451949 7.31134296422 0.0 0.435 0.48 1
27 7.12129744929 7.64355740542 0.0 0.435 0.48 1
28 6.94892652451 6.67507593819 0.0 0.435 0.48 1
29 7.8781299835 5.59012848869 0.0 0.435 0.48 1
30 7.65335324642 6.12281716165 0.0 0.435 0.48 1
