95 4.2789661438 8.01085483718 0.0 0.435 0.48 1
114 4.16068475219 7.55811719713 0.0 0.435 0.48 1
115 10.5722938518 6.36171562116 0.0 0.435 0.48 1
116 11.5233856822 5.27199497567 0.0 0.435 0.48 1
117 11.42320429 5.62950735564 0.0 0.435 0.48 1
118 5.33255448258 5.56077333332 0.0 0.435 0.48 1
119 5.51650098839 4.86603465636 0.0 0.435 0.48 1
120 9.4961857463 2.68253614878 0.0 0.435 0.48 1
121 8.74524623516 2.0784881957 0.0 0.435 0.48 1
122 2.09602202676 3.833353703 0.0 0.435 0.48 1
123 0.874272065384 4.90803878111 0.0 0.435 0.48 1
124 0.664227885978 5.5801047771 0.0 0.435 0.48 1
