30 6.31711026541 8.31824865921 0.0 0.435 0.48 1
36 12.1227903144 6.29107232045 0.0 0.435 0.48 1
37 10.5912357117 7.04905584434 0.0 0.435 0.48 1
40 11.7454263729 4.98464857682 0.0 0.435 0.48 1
41 9.19016947691 5.79609189584 0.0 0.435 0.48 1
44 10.144418284 4.71424702374 0.0 0.435 0.48 1
45 9.73337992485 5.26722177968 0.0 0.435 0.48 1
47 9.03358343535 6.98032182202 0.0 0.435 0.48 1
50 11.7155403273 4.07678669871 0.0 0.435 0.48 1
51 5.77579400345 6.81779449841 0.0 0.435 0.48 1
52 5.98562771775 6.3311671668 0.0 0.435 0.48 1
53 7.07520559028 7.7426012223 0.0 0.435 0.48 1
