30 4.69779171195 8.71418526694 0.0 0.435 0.48 1
36 15.049728594 5.87103107295 0.0 0.435 0.48 1
37 13.8275577024 6.34835067238 0.0 0.435 0.48 1
40 14.1786135053 4.73644238511 0.0 0.435 0.48 1
41 12.342726354 5.88415736194 0.0 0.435 0.48 1
44 12.9623356367 4.45792639885 0.0 0.435 0.48 1
45 12.8792019184 5.32211353361 0.0 0.435 0.48 1
47 12.5296193713 7.6609795708 0.0 0.435 0.48 1
51 1.8169452914 5.9982367462 0.0 0.435 0.48 1
52 1.74496622391 5.56387591072 0.0 0.435 0.48 1
53 2.89326386202 7.5750620429 0.0 0.435 0.48 1
