95 4.21245916915 7.97314658883 0.0 0.435 0.48 1
114 4.12995684618 7.58818833189 0.0 0.435 0.48 1
115 10.5219926906 6.38056974534 0.0 0.435 0.48 1
116 14.1215774605 5.29490631644 0.0 0.435 0.48 1
117 14.0390751376 5.71876612073 0.0 0.435 0.48 1
118 3.44215686793 5.29824755364 0.0 0.435 0.48 1
119 3.65051732645 4.69539289956 0.0 0.435 0.48 1
120 9.74453457566 1.13029281144 0.0 0.435 0.48 1
121 9.05568227186 1.40976343691 0.0 0.435 0.48 1
122 4.38630334971 3.86175421916 0.0 0.435 0.48 1
123 2.69921503095 4.27797690986 0.0 0.435 0.48 1
124 2.33868829816 5.62807539684 0.0 0.435 0.48 1
