95 4.35873242034 8.22588731672 0.0 0.435 0.48 1
109 1.54860227662 8.1590625728 0.0 0.435 0.48 1
110 1.38906972353 7.56551565092 0.0 0.435 0.48 1
112 15.3288053294 6.44643985006 0.0 0.435 0.48 1
113 14.4589530313 5.83928931959 0.0 0.435 0.48 1
114 4.96634519183 7.05311306093 0.0 0.435 0.48 1
115 11.2236833661 6.35360118797 0.0 0.435 0.48 1
116 2.75435688967 5.15505167381 0.0 0.435 0.48 1
117 2.65396503238 5.87842952674 0.0 0.435 0.48 1
118 14.2590111771 5.29824755364 0.0 0.435 0.48 1
119 14.44695652 4.68465320858 0.0 0.435 0.48 1
120 -0.0412511614866 4.94741764806 0.0 0.435 0.48 1
121 0.0315697664438 4.42523000629 0.0 0.435 0.48 1
