95 4.25244753998 7.99558061 0.0 0.435 0.48 1
114 4.14847777583 7.57005018711 0.0 0.435 0.48 1
115 10.5520892013 6.36935273475 0.0 0.435 0.48 1
116 12.5816042534 5.2505155937 0.0 0.435 0.48 1
117 12.4988914653 5.60230013847 0.0 0.435 0.48 1
118 4.45765102187 5.54478312674 0.0 0.435 0.48 1
119 4.62791729556 4.91901713189 0.0 0.435 0.48 1
120 9.69149736804 1.7508082907 0.0 0.435 0.48 1
121 8.96497180961 1.64269540143 0.0 0.435 0.48 1
122 3.01764874181 3.80710112503 0.0 0.435 0.48 1
123 1.6136359955 4.88846867753 0.0 0.435 0.48 1
124 1.46757320942 5.50444962059 0.0 0.435 0.48 1
