30 7.14971023909 3.46390833304 0.0 0.435 0.48 1
57 4.26297079547 7.1643285276 0.0 0.435 0.48 1
58 1.17165926529 5.9982367462 0.0 0.435 0.48 1
59 1.31540693516 5.3280800286 0.0 0.435 0.48 1
60 7.09940907789 6.57149758511 0.0 0.435 0.48 1
61 5.37296378363 5.4953805482 0.0 0.435 0.48 1
62 5.69266028515 4.70637125035 0.0 0.435 0.48 1
63 0.605087190173 9.26596672387 0.0 0.435 0.48 1
64 3.68671732531 4.57200578311 0.0 0.435 0.48 1
65 4.24129288917 4.23740474391 0.0 0.435 0.48 1
66 -0.122490693802 7.32399193361 0.0 0.435 0.48 1
