95 4.49195683474 8.13161669584 0.0 0.435 0.48 1
109 0.728209279304 8.38960793933 0.0 0.435 0.48 1
110 0.561310447371 7.88364916393 0.0 0.435 0.48 1
113 15.2540902154 5.82162849441 0.0 0.435 0.48 1
114 4.52499985695 7.31492286122 0.0 0.435 0.48 1
115 11.1813798791 6.33999757939 0.0 0.435 0.48 1
116 3.8285708092 5.17271249899 0.0 0.435 0.48 1
117 3.70418592941 5.89489705292 0.0 0.435 0.48 1
118 13.2327833026 5.32354549241 0.0 0.435 0.48 1
119 13.4093635296 4.73143052932 0.0 0.435 0.48 1
120 1.20322903173 4.80231248983 0.0 0.435 0.48 1
121 1.08389531457 4.22618773333 0.0 0.435 0.48 1
