30 5.36686029545 8.40679144491 0.0 0.435 0.48 1
36 13.3855809722 6.00468056079 0.0 0.435 0.48 1
37 11.9544182267 6.65860841201 0.0 0.435 0.48 1
40 12.6624228555 5.05266661973 0.0 0.435 0.48 1
41 10.611019432 5.93857179627 0.0 0.435 0.48 1
44 11.3560659201 4.5841774329 0.0 0.435 0.48 1
45 11.0559426737 5.32211353361 0.0 0.435 0.48 1
47 10.5291485043 7.00514244119 0.0 0.435 0.48 1
50 13.5815239892 4.07201350271 0.0 0.435 0.48 1
51 4.1499510316 6.57340686351 0.0 0.435 0.48 1
52 4.21245916915 6.0822449957 0.0 0.435 0.48 1
53 5.39001145751 7.52017028897 0.0 0.435 0.48 1
