20 6.49916258524 5.02140218597 0.0 0.435 0.48 1
21 6.76624280935 3.0791887359 0.0 0.435 0.48 1
22 6.85063931831 4.17654649499 0.0 0.435 0.48 1
23 10.4822147849 4.20327639255 0.0 0.435 0.48 1
24 10.5786078051 4.79992589184 0.0 0.435 0.48 1
25 11.0883543006 5.93904911587 0.0 0.435 0.48 1
26 11.3505938272 5.15218775621 0.0 0.435 0.48 1
27 13.179746095 5.21853518053 0.0 0.435 0.48 1
28 13.0934554 3.82356865121 0.0 0.435 0.48 1
29 1.42148135041 5.21209136594 0.0 0.435 0.48 1
30 1.19565228778 5.73141509012 0.0 0.435 0.48 1
