20 1.7645394791 5.02355012417 0.0 0.435 0.48 1
21 2.17620923353 3.03002481716 0.0 0.435 0.48 1
22 2.33826736794 4.06652432732 0.0 0.435 0.48 1
23 5.89744283682 4.38680577853 0.0 0.435 0.48 1
24 6.11022306265 4.92211970929 0.0 0.435 0.48 1
25 5.47083005961 7.70632493275 0.0 0.435 0.48 1
26 5.46577889697 7.00872233818 0.0 0.435 0.48 1
27 8.25654625061 7.45549348325 0.0 0.435 0.48 1
28 8.0968032324 6.42066459169 0.0 0.435 0.48 1
29 6.75214164701 5.69752539856 0.0 0.435 0.48 1
30 6.48927072508 6.17341303919 0.0 0.435 0.48 1
