95 3.38954059052 8.29128010184 0.0 0.435 0.48 1
114 1.0277011303 8.54974866493 0.0 0.435 0.48 1
115 0.468284868917 7.95333782545 0.0 0.435 0.48 1
127 1.60626971666 7.67577647838 0.0 0.435 0.48 1
128 9.21942412715 4.51520475078 0.0 0.435 0.48 1
130 8.81406832601 3.88943875593 0.0 0.435 0.48 1
131 7.09541024081 5.10636507467 0.0 0.435 0.48 1
132 9.2358404057 5.45385374305 0.0 0.435 0.48 1
133 0.362631383885 7.07435378311 0.0 0.435 0.48 1
134 0.598562771775 4.54074134935 0.0 0.435 0.48 1
135 14.6088041893 5.7447800389 0.0 0.435 0.48 1
