20 5.97552539249 4.996342907 0.0 0.435 0.48 1
21 6.25039282566 3.05580007553 0.0 0.435 0.48 1
22 6.32447654425 4.17654649499 0.0 0.435 0.48 1
23 9.94552875535 4.23310886752 0.0 0.435 0.48 1
24 10.0743334024 4.84431661458 0.0 0.435 0.48 1
25 10.4742171107 6.20778005035 0.0 0.435 0.48 1
26 10.6867868715 5.34502487438 0.0 0.435 0.48 1
27 12.6337996006 5.50922281659 0.0 0.435 0.48 1
28 12.4875263494 4.11282432846 0.0 0.435 0.48 1
29 2.02656854058 5.31185116222 0.0 0.435 0.48 1
30 1.77632552524 5.828072309 0.0 0.435 0.48 1
