29 12.0609135722 4.22809701172 0.0 0.435 0.48 1
30 12.9433937769 6.01422695278 0.0 0.435 0.48 1
33 15.1031867318 1.79830159084 0.0 0.435 0.48 1
34 -0.0909209273582 4.65004753762 0.0 0.435 0.48 1
36 3.81615336773 8.51705227237 0.0 0.435 0.48 1
37 3.09888827413 8.32087391701 0.0 0.435 0.48 1
38 10.1818810735 5.85885942317 0.0 0.435 0.48 1
39 10.2197647932 4.87462640915 0.0 0.435 0.48 1
40 1.17923600923 7.19249038396 0.0 0.435 0.48 1
41 0.352739523732 7.6662300864 0.0 0.435 0.48 1
42 0.41040696377 5.42354394849 0.0 0.435 0.48 1
43 0.248559294468 5.81208210242 0.0 0.435 0.48 1
44 0.00378837197326 6.48390943861 0.0 0.435 0.48 1
