30 4.80260333654 8.64640588382 0.0 0.435 0.48 1
36 14.6363751187 5.87103107295 0.0 0.435 0.48 1
37 13.3592728335 6.42591510728 0.0 0.435 0.48 1
40 13.7936728197 4.82379187181 0.0 0.435 0.48 1
41 11.9409484597 5.86243932016 0.0 0.435 0.48 1
44 12.5525600683 4.48298567782 0.0 0.435 0.48 1
45 12.4311217 5.32211353361 0.0 0.435 0.48 1
47 12.0558624096 7.45931204004 0.0 0.435 0.48 1
51 2.37825573877 6.15742283261 0.0 0.435 0.48 1
52 2.35720922781 5.72688055392 0.0 0.435 0.48 1
53 3.51750337717 7.55119606293 0.0 0.435 0.48 1
