30 11.4600356842 6.69154346437 0.0 0.435 0.48 1
36 5.35339052843 7.9951032904 0.0 0.435 0.48 1
37 4.48964171853 8.00226308439 0.0 0.435 0.48 1
38 13.5670018967 6.0800970575 0.0 0.435 0.48 1
39 13.3750577167 5.05553053733 0.0 0.435 0.48 1
40 4.24697544713 6.72233057853 0.0 0.435 0.48 1
41 3.02333129977 7.61324761086 0.0 0.435 0.48 1
42 5.1406103026 4.662696507 0.0 0.435 0.48 1
43 5.10167425732 5.07152074391 0.0 0.435 0.48 1
44 2.78108595859 6.28009396966 0.0 0.435 0.48 1
45 2.49653713038 7.0819908967 0.0 0.435 0.48 1
46 0.120175577596 3.27990162746 0.0 0.435 0.48 1
47 1.36297204993 6.01231767438 0.0 0.435 0.48 1
48 1.25879182067 2.5013933608 0.0 0.435 0.48 1
49 1.79042668758 3.18205110958 0.0 0.435 0.48 1
50 0.385572080834 5.1674619834 0.0 0.435 0.48 1
51 15.0693018492 5.54549910614 0.0 0.435 0.48 1
52 15.1250751032 4.98703517481 0.0 0.435 0.48 1
