30 9.00790669197 7.9951032904 0.0 0.435 0.48 1
36 8.52383693983 7.15191821801 0.0 0.435 0.48 1
37 7.13266256521 7.71109812874 0.0 0.435 0.48 1
40 8.15278695156 5.2512315731 0.0 0.435 0.48 1
41 6.56714281565 6.60944449326 0.0 0.435 0.48 1
42 11.463403126 3.7517320515 0.0 0.435 0.48 1
43 11.2967147592 4.29921763204 0.0 0.435 0.48 1
44 6.39940212327 5.54884034334 0.0 0.435 0.48 1
45 6.26365212757 6.11040685206 0.0 0.435 0.48 1
47 5.03011612005 6.9144517173 0.0 0.435 0.48 1
49 0.162268599521 6.6648135668 0.0 0.435 0.48 1
50 6.22008584987 4.45744907925 0.0 0.435 0.48 1
51 10.1092706106 6.11494138826 0.0 0.435 0.48 1
52 9.94321363915 5.54740838454 0.0 0.435 0.48 1
53 11.3457531297 6.97984450242 0.0 0.435 0.48 1
