30 9.28214272981 7.78532132645 0.0 0.435 0.48 1
36 8.16604625347 7.26313368468 0.0 0.435 0.48 1
37 6.81149280792 7.73448678911 0.0 0.435 0.48 1
40 7.73880208093 5.33881971959 0.0 0.435 0.48 1
41 6.19651375759 6.72423985693 0.0 0.435 0.48 1
42 10.7657112876 3.78657638225 0.0 0.435 0.48 1
43 10.6127031529 4.3333459834 0.0 0.435 0.48 1
44 5.99004748505 5.66817024319 0.0 0.435 0.48 1
45 5.86818818658 6.25503469069 0.0 0.435 0.48 1
47 4.63212659775 6.73235429012 0.0 0.435 0.48 1
49 0.282654642227 6.39870789012 0.0 0.435 0.48 1
50 5.61647191547 4.497066606 0.0 0.435 0.48 1
51 10.6004961765 6.00897643719 0.0 0.435 0.48 1
52 10.3955031597 5.50325632159 0.0 0.435 0.48 1
53 11.9365286924 6.94309089326 0.0 0.435 0.48 1
