95 4.23918823808 7.98818215621 0.0 0.435 0.48 1
114 4.14237428765 7.5760166821 0.0 0.435 0.48 1
115 10.541986876 6.37317129155 0.0 0.435 0.48 1
116 13.1288135384 5.2505155937 0.0 0.435 0.48 1
117 13.0479949363 5.65408931501 0.0 0.435 0.48 1
118 4.12090684647 5.46530941344 0.0 0.435 0.48 1
119 4.2177207969 4.9163918741 0.0 0.435 0.48 1
120 9.71675318119 1.47396292303 0.0 0.435 0.48 1
121 9.00643343621 1.54484488355 0.0 0.435 0.48 1
122 3.48930105248 3.79874803204 0.0 0.435 0.48 1
123 1.96427086814 4.84885115078 0.0 0.435 0.48 1
124 1.75443715384 5.46101353704 0.0 0.435 0.48 1
