30 8.11658695271 8.3320909276 0.0 0.435 0.48 1
36 9.67339736861 6.90418934591 0.0 0.435 0.48 1
37 8.17446485786 7.60370121887 0.0 0.435 0.48 1
40 9.44104388758 4.96603311244 0.0 0.435 0.48 1
41 7.56622069104 6.20515479255 0.0 0.435 0.48 1
42 13.5554263157 3.827387208 0.0 0.435 0.48 1
43 13.2593019064 4.36747433476 0.0 0.435 0.48 1
44 7.62388813108 5.07557796051 0.0 0.435 0.48 1
45 7.3860625572 5.56793312731 0.0 0.435 0.48 1
47 6.33605212528 7.28461306665 0.0 0.435 0.48 1
50 7.99346486358 4.33883515879 0.0 0.435 0.48 1
51 8.73430204946 6.39608263232 0.0 0.435 0.48 1
52 8.77786832715 5.97150684863 0.0 0.435 0.48 1
53 9.76558108662 7.44618575106 0.0 0.435 0.48 1
