30 9.55637876766 7.5755393625 0.0 0.435 0.48 1
36 7.80825556711 7.37458781115 0.0 0.435 0.48 1
37 6.52946956102 7.73925998511 0.0 0.435 0.48 1
40 7.32418581497 5.43022642288 0.0 0.435 0.48 1
41 5.80483818858 6.86337852016 0.0 0.435 0.48 1
42 10.0688613096 3.83574030099 0.0 0.435 0.48 1
43 9.92869154658 4.36747433476 0.0 0.435 0.48 1
44 5.58090331194 5.78750014305 0.0 0.435 0.48 1
45 5.47272424559 6.39966252932 0.0 0.435 0.48 1
47 4.24950102845 6.53713057395 0.0 0.435 0.48 1
48 -0.0719790674919 5.499199105 0.0 0.435 0.48 1
49 0.411669754428 6.07532386151 0.0 0.435 0.48 1
50 5.00759635332 4.53954805035 0.0 0.435 0.48 1
51 11.0915112773 5.90277282631 0.0 0.435 0.48 1
52 10.8475822152 5.45910425865 0.0 0.435 0.48 1
53 12.5268833249 6.94404553246 0.0 0.435 0.48 1
