20 3.31966617412 4.96531713304 0.0 0.435 0.48 1
21 3.69155802283 3.0013856412 0.0 0.435 0.48 1
22 3.77427081091 4.13669030843 0.0 0.435 0.48 1
23 7.37217185996 4.34098309699 0.0 0.435 0.48 1
24 7.5763230163 4.93858723547 0.0 0.435 0.48 1
25 7.38585209209 7.35072183117 0.0 0.435 0.48 1
26 7.41047650991 6.51398057338 0.0 0.435 0.48 1
27 9.91290666336 6.77793831186 0.0 0.435 0.48 1
28 9.69086597271 5.76244086408 0.0 0.435 0.48 1
29 5.02527542253 5.75719034849 0.0 0.435 0.48 1
30 4.69042543311 6.21016664834 0.0 0.435 0.48 1
