95 3.36218012627 8.40535948611 0.0 0.435 0.48 1
127 0.105232554813 9.09293836908 0.0 0.435 0.48 1
128 14.8617832511 4.35029082918 0.0 0.435 0.48 1
130 14.6241681423 3.61855988326 0.0 0.435 0.48 1
131 12.5275147202 4.43286711988 0.0 0.435 0.48 1
132 3.7871091826 5.4937099296 0.0 0.435 0.48 1
133 3.66861732588 6.19035788497 0.0 0.435 0.48 1
134 4.86826845075 4.81185888182 0.0 0.435 0.48 1
135 11.1434961593 5.67103416079 0.0 0.435 0.48 1
136 15.2366216113 5.92305890929 0.0 0.435 0.48 1
137 15.3258588178 5.4166228143 0.0 0.435 0.48 1
