30 5.99825562433 8.34712649498 0.0 0.435 0.48 1
36 12.5437205337 6.19560840056 0.0 0.435 0.48 1
37 11.0456298834 6.91898625349 0.0 0.435 0.48 1
40 12.0512321772 5.00732125779 0.0 0.435 0.48 1
41 9.66897760131 5.87031509355 0.0 0.435 0.48 1
44 10.5653485032 4.663889806 0.0 0.435 0.48 1
45 10.1682008413 5.29108775965 0.0 0.435 0.48 1
47 9.51849504792 6.94905738826 0.0 0.435 0.48 1
50 12.3345182147 4.06986556451 0.0 0.435 0.48 1
51 5.23574053215 6.73808212531 0.0 0.435 0.48 1
52 5.3963254108 6.19751767896 0.0 0.435 0.48 1
53 6.52694397971 7.65811565321 0.0 0.435 0.48 1
