30 7.54201720343 8.32087391701 0.0 0.435 0.48 1
36 10.465167111 6.76767594047 0.0 0.435 0.48 1
37 8.93866367091 7.45310688525 0.0 0.435 0.48 1
40 10.2997415349 4.81185888182 0.0 0.435 0.48 1
41 7.96147416691 5.70921972875 0.0 0.435 0.48 1
42 14.8337913915 3.9156913339 0.0 0.435 0.48 1
43 14.5361937265 4.494680008 0.0 0.435 0.48 1
44 8.46069740695 4.92283568869 0.0 0.435 0.48 1
45 8.04271369923 5.33571714219 0.0 0.435 0.48 1
47 7.23263349228 7.29344347924 0.0 0.435 0.48 1
50 9.24215435899 4.1638975256 0.0 0.435 0.48 1
51 7.76616254518 6.6664841854 0.0 0.435 0.48 1
52 8.0944881162 6.35312386837 0.0 0.435 0.48 1
53 8.90456832315 7.80536874963 0.0 0.435 0.48 1
