29 12.0813286878 4.88250218254 0.0 0.435 0.48 1
30 12.9419205211 6.01398829298 0.0 0.435 0.48 1
33 14.8521018561 2.19877273476 0.0 0.435 0.48 1
34 0.363473244323 4.66890166179 0.0 0.435 0.48 1
35 -0.178474412962 4.05578463633 0.0 0.435 0.48 1
36 3.69703011568 8.53041722116 0.0 0.435 0.48 1
37 3.01217664896 8.34879711358 0.0 0.435 0.48 1
38 9.70412527461 5.88463468153 0.0 0.435 0.48 1
39 9.78136596985 4.93429135908 0.0 0.435 0.48 1
40 0.819130206663 7.20490069355 0.0 0.435 0.48 1
41 0.0170476738797 7.6597862718 0.0 0.435 0.48 1
42 -0.1683720877 5.45337642345 0.0 0.435 0.48 1
