95 4.93372309984 8.4967661894 0.0 0.435 0.48 1
106 1.88850342867 6.63474243203 0.0 0.435 0.48 1
107 3.14540106335 7.60083730127 0.0 0.435 0.48 1
108 2.84401502637 8.12875277824 0.0 0.435 0.48 1
109 11.4598252191 7.37124657395 0.0 0.435 0.48 1
110 11.9424217155 6.75407233189 0.0 0.435 0.48 1
111 15.3881564903 4.02786143976 0.0 0.435 0.48 1
112 3.34997314991 7.30298987123 0.0 0.435 0.48 1
113 3.78184755486 6.75216305349 0.0 0.435 0.48 1
114 15.0097402232 4.93930321487 0.0 0.435 0.48 1
115 15.2105239377 6.12663571844 0.0 0.435 0.48 1
