20 3.85445801768 4.93954187467 0.0 0.435 0.48 1
21 4.19667428593 2.99183924921 0.0 0.435 0.48 1
22 4.25307893531 4.16007896881 0.0 0.435 0.48 1
23 7.87097416978 4.32547021001 0.0 0.435 0.48 1
24 8.07070555881 4.94980424606 0.0 0.435 0.48 1
25 8.01240672344 7.17124966179 0.0 0.435 0.48 1
26 8.05534160581 6.34453211558 0.0 0.435 0.48 1
27 10.4561171113 6.54691562574 0.0 0.435 0.48 1
28 10.213661305 5.40063260772 0.0 0.435 0.48 1
29 4.42797544141 5.71852746093 0.0 0.435 0.48 1
30 4.11901266048 6.16768520399 0.0 0.435 0.48 1
