1 7.89812416892 6.80180429183 0.0 0.435 0.48 1
2 8.13468695214 7.26098574648 0.0 0.435 0.48 1
3 14.6652088387 4.71878155993 0.0 0.435 0.48 1
4 1.04032903688 8.82205949641 0.0 0.435 0.48 1
5 0.052826742516 6.71326150614 0.0 0.435 0.48 1
6 0.299702316107 5.98200787982 0.0 0.435 0.48 1
7 14.911453017 6.59488624548 0.0 0.435 0.48 1
8 12.3496717026 4.43907227467 0.0 0.435 0.48 1
9 12.3479879817 5.17891765378 0.0 0.435 0.48 1
10 14.5082018669 6.09704190328 0.0 0.435 0.48 1
11 14.5801809344 5.42378260829 0.0 0.435 0.48 1
