30 6.64101606912 8.29056412245 0.0 0.435 0.48 1
36 11.7069112578 6.4108795399 0.0 0.435 0.48 1
37 10.13684154 7.17936409498 0.0 0.435 0.48 1
40 11.43267522 4.95911197825 0.0 0.435 0.48 1
41 8.77849972248 5.71089034734 0.0 0.435 0.48 1
44 9.7234880647 4.76436558168 0.0 0.435 0.48 1
45 9.28950900865 5.25337951129 0.0 0.435 0.48 1
47 8.55961600847 7.05502233933 0.0 0.435 0.48 1
50 11.0971938352 4.08752638969 0.0 0.435 0.48 1
51 6.28048933634 6.81827181801 0.0 0.435 0.48 1
52 6.5749300247 6.46481665464 0.0 0.435 0.48 1
53 7.53107301773 7.84188369898 0.0 0.435 0.48 1
