20 2.25850109139 5.01376507238 0.0 0.435 0.48 1
21 2.68132549663 3.02047842517 0.0 0.435 0.48 1
22 2.81686502723 4.08991298769 0.0 0.435 0.48 1
23 6.37961840297 4.37200887095 0.0 0.435 0.48 1
24 6.58755793128 4.9163918741 0.0 0.435 0.48 1
25 6.1091707371 7.58938163089 0.0 0.435 0.48 1
26 6.11822073681 6.84953625178 0.0 0.435 0.48 1
27 8.80985902381 7.23879038511 0.0 0.435 0.48 1
28 8.62906949465 6.21708778254 0.0 0.435 0.48 1
29 6.18935794387 5.75122385349 0.0 0.435 0.48 1
30 5.87555446542 6.21303056594 0.0 0.435 0.48 1
