20 5.44641610689 4.97056764863 0.0 0.435 0.48 1
21 5.73454284197 3.03241141516 0.0 0.435 0.48 1
22 5.79831377018 4.17654649499 0.0 0.435 0.48 1
23 9.40884272581 4.26294134248 0.0 0.435 0.48 1
24 9.57026946489 4.88870733733 0.0 0.435 0.48 1
25 9.86618340903 6.49059191301 0.0 0.435 0.48 1
26 10.025505497 5.5762862203 0.0 0.435 0.48 1
27 12.0878531062 5.80014911244 0.0 0.435 0.48 1
28 11.8818077639 4.40208000571 0.0 0.435 0.48 1
29 2.62786735878 5.43452229927 0.0 0.435 0.48 1
30 2.36562783219 5.92353622889 0.0 0.435 0.48 1
