20 2.78487433056 4.99133105121 0.0 0.435 0.48 1
21 3.18644175973 3.01093203318 0.0 0.435 0.48 1
22 3.29567315163 4.11330164806 0.0 0.435 0.48 1
23 6.87358001526 4.35649598397 0.0 0.435 0.48 1
24 7.08194047379 4.92760888468 0.0 0.435 0.48 1
25 6.74751141459 7.47005173103 0.0 0.435 0.48 1
26 6.76540094891 6.68319037138 0.0 0.435 0.48 1
27 9.36127761103 7.00848367839 0.0 0.435 0.48 1
28 9.16133575689 6.01351097338 0.0 0.435 0.48 1
29 5.62278586876 5.79561457624 0.0 0.435 0.48 1
30 5.26162774064 6.25288675249 0.0 0.435 0.48 1
