20 4.3884080008 4.91901713189 0.0 0.435 0.48 1
21 4.70284287458 2.98563409442 0.0 0.435 0.48 1
22 4.74598822206 4.17654649499 0.0 0.435 0.48 1
23 8.36956601448 4.30995732303 0.0 0.435 0.48 1
24 8.56487763621 4.96078259684 0.0 0.435 0.48 1
25 8.63601484326 6.97674192502 0.0 0.435 0.48 1
26 8.70841484098 6.11518004806 0.0 0.435 0.48 1
27 10.9991170941 6.31613159942 0.0 0.435 0.48 1
28 10.7364566373 5.03882435135 0.0 0.435 0.48 1
29 3.83046499518 5.68010323318 0.0 0.435 0.48 1
30 3.54423244609 6.11446406866 0.0 0.435 0.48 1
