30 5.11493355923 8.46168319884 0.0 0.435 0.48 1
36 13.8065111914 5.90921664091 0.0 0.435 0.48 1
37 12.4227030956 6.5810439771 0.0 0.435 0.48 1
40 13.0235809836 4.9984908452 0.0 0.435 0.48 1
41 11.0668868594 5.89895426952 0.0 0.435 0.48 1
44 11.7485833495 4.54551454534 0.0 0.435 0.48 1
45 11.5164403336 5.32211353361 0.0 0.435 0.48 1
47 11.0511019762 7.0815135771 0.0 0.435 0.48 1
50 14.245330945 4.14528206122 0.0 0.435 0.48 1
51 3.55601849223 6.43689345807 0.0 0.435 0.48 1
52 3.61999988556 6.03809293275 0.0 0.435 0.48 1
53 4.76598240747 7.52852338196 0.0 0.435 0.48 1
