30 11.2211577848 6.7430939811 0.0 0.435 0.48 1
36 5.64046493796 7.87577339054 0.0 0.435 0.48 1
37 4.72241612978 7.94641669126 0.0 0.435 0.48 1
38 13.9367890943 6.19608572016 0.0 0.435 0.48 1
39 13.7170635198 5.22474033533 0.0 0.435 0.48 1
40 4.61023822635 6.55240480113 0.0 0.435 0.48 1
41 3.34744756859 7.61324761086 0.0 0.435 0.48 1
42 5.72086260984 4.56914186551 0.0 0.435 0.48 1
43 5.69413354092 4.96627177224 0.0 0.435 0.48 1
44 3.11193711092 6.17794757538 0.0 0.435 0.48 1
45 2.88105688566 7.04428264834 0.0 0.435 0.48 1
46 -0.0300965106765 3.65483617281 0.0 0.435 0.48 1
47 1.75864645603 6.00277128239 0.0 0.435 0.48 1
48 1.10957205795 2.9183320309 0.0 0.435 0.48 1
49 1.54102553268 3.5798969957 0.0 0.435 0.48 1
50 0.958037179015 5.14836919942 0.0 0.435 0.48 1
51 14.6483716299 5.45958157824 0.0 0.435 0.48 1
52 14.5669216325 4.9972975462 0.0 0.435 0.48 1
