20 -0.211306970064 5.06245167152 0.0 0.435 0.48 1
21 0.121438368254 2.96606399084 0.0 0.435 0.48 1
22 0.206255807433 4.01521247038 0.0 0.435 0.48 1
23 3.97421266506 4.43907227467 0.0 0.435 0.48 1
24 4.20046265791 4.93190476108 0.0 0.435 0.48 1
25 2.99049874267 8.12565020084 0.0 0.435 0.48 1
26 2.88884409472 7.52709142316 0.0 0.435 0.48 1
27 5.97847190402 7.81181256422 0.0 0.435 0.48 1
28 5.75622074826 6.84762697338 0.0 0.435 0.48 1
29 9.06052296938 5.51304137338 0.0 0.435 0.48 1
30 8.80796483783 6.06911870671 0.0 0.435 0.48 1
