95 4.26570684189 8.00321772359 0.0 0.435 0.48 1
114 4.15458126401 7.56408369212 0.0 0.435 0.48 1
115 10.5621915266 6.36553417796 0.0 0.435 0.48 1
116 12.0343949684 5.2505155937 0.0 0.435 0.48 1
117 11.9535763663 5.57222900371 0.0 0.435 0.48 1
118 4.88384286886 5.56077333332 0.0 0.435 0.48 1
119 5.07220914198 4.89252589413 0.0 0.435 0.48 1
120 9.6119415566 2.1694175794 0.0 0.435 0.48 1
121 8.85510902238 1.86059179857 0.0 0.435 0.48 1
122 2.54599643114 3.81521555822 0.0 0.435 0.48 1
123 1.26279065775 4.92832486408 0.0 0.435 0.48 1
124 1.07863368683 5.54287384834 0.0 0.435 0.48 1
