95 4.14889870605 7.96813473303 0.0 0.435 0.48 1
114 4.15310800824 7.59940534248 0.0 0.435 0.48 1
115 10.4514868789 6.40729964291 0.0 0.435 0.48 1
118 0.180368598949 4.94861094706 0.0 0.435 0.48 1
119 0.592669748705 4.34647227238 0.0 0.435 0.48 1
120 9.91290666336 0.119329899857 0.0 0.435 0.48 1
122 7.36017534871 4.20470835135 0.0 0.435 0.48 1
123 5.50997657 4.25291763089 0.0 0.435 0.48 1
124 5.09325565294 5.55194292073 0.0 0.435 0.48 1
125 15.0141599905 4.9163918741 0.0 0.435 0.48 1
126 15.2256774256 4.31663979742 0.0 0.435 0.48 1
