95 4.49069404408 8.14617494362 0.0 0.435 0.48 1
109 1.12093717387 8.26693680227 0.0 0.435 0.48 1
110 0.975084852895 7.72470173733 0.0 0.435 0.48 1
113 14.8565216234 5.830458907 0.0 0.435 0.48 1
114 4.73735915256 7.19344502316 0.0 0.435 0.48 1
115 11.20242639 6.34691871358 0.0 0.435 0.48 1
116 3.30346036068 5.15505167381 0.0 0.435 0.48 1
117 3.17802315535 5.89489705292 0.0 0.435 0.48 1
118 13.7351635193 5.30063415164 0.0 0.435 0.48 1
119 13.9283704899 4.71018980714 0.0 0.435 0.48 1
120 0.581094167676 4.87486506895 0.0 0.435 0.48 1
121 0.557732540508 4.32570886981 0.0 0.435 0.48 1
