179 3.09299525106 8.86334764176 0.0 0.435 0.48 1
189 8.68168577205 5.77556715307 0.0 0.435 0.48 1
190 8.97612646042 4.52093258597 0.0 0.435 0.48 1
191 7.3599648836 5.78105632846 0.0 0.435 0.48 1
192 7.99683230533 6.81874913761 0.0 0.435 0.48 1
193 4.93688007649 8.97862032502 0.0 0.435 0.48 1
194 12.1486775229 12.2119832915 0.0 0.435 0.48 1
195 12.7773368054 12.1294070008 0.0 0.435 0.48 1
196 12.1859298473 9.06119661572 0.0 0.435 0.48 1
197 12.4012356545 9.70987395134 0.0 0.435 0.48 1
198 11.2419938306 8.84688011558 0.0 0.435 0.48 1
199 13.4739763182 7.45095894705 0.0 0.435 0.48 1
200 10.7067810569 5.51972384777 0.0 0.435 0.48 1
201 15.1551716139 5.17891765378 0.0 0.435 0.48 1
263 3.42574058937 8.53017856136 0.0 0.435 0.48 1
289 13.8864879331 7.26957749927 0.0 0.435 0.48 1
290 13.9172158391 6.23737386551 0.0 0.435 0.48 1
362 4.61255334255 8.27338061687 0.0 0.435 0.48 1
363 5.12798239603 8.21514762574 0.0 0.435 0.48 1
366 10.3233136271 8.97360846923 0.0 0.435 0.48 1
367 14.452639078 10.7852750089 0.0 0.435 0.48 1
368 14.7115111628 11.2738116189 0.0 0.435 0.48 1
401 12.5752903001 10.6084280973 0.0 0.435 0.48 1
402 13.5556367808 10.7979239782 0.0 0.435 0.48 1
