142 6.40803119277 9.54543734934 0.0 0.435 0.48 1
169 8.0923834651 9.76715230327 0.0 0.435 0.48 1
171 10.9772287227 6.19775633876 0.0 0.435 0.48 1
172 10.9944868617 5.1605408492 0.0 0.435 0.48 1
173 0.0115755810294 5.78296560686 0.0 0.435 0.48 1
174 14.0331821145 3.80757844463 0.0 0.435 0.48 1
176 7.38374744099 7.29893265464 0.0 0.435 0.48 1
177 7.42941836978 6.43355222088 0.0 0.435 0.48 1
178 6.8548486205 4.06652432732 0.0 0.435 0.48 1
179 10.3593031609 8.2492759771 0.0 0.435 0.48 1
180 13.6072007326 9.26429610528 0.0 0.435 0.48 1
181 1.60521739111 5.0791578575 0.0 0.435 0.48 1
182 14.585232097 7.71085946894 0.0 0.435 0.48 1
286 3.39017198585 6.90681460371 0.0 0.435 0.48 1
287 7.99514858445 4.48394031702 0.0 0.435 0.48 1
288 13.1953205131 10.0604651971 0.0 0.435 0.48 1
360 1.11967438321 6.87984604634 0.0 0.435 0.48 1
361 1.38906972353 7.73257751072 0.0 0.435 0.48 1
362 12.4831065821 9.37646621114 0.0 0.435 0.48 1
363 12.7047263425 8.80797856822 0.0 0.435 0.48 1
364 10.7697101246 9.35045229297 0.0 0.435 0.48 1
432 6.30848119592 8.75213217509 0.0 0.435 0.48 1
