142 6.37204165902 9.42467549068 0.0 0.435 0.48 1
168 14.8967204593 11.9800059662 0.0 0.435 0.48 1
169 7.57064045834 9.88958478053 0.0 0.435 0.48 1
171 8.7374590261 7.00800635879 0.0 0.435 0.48 1
172 8.98622878568 6.35574912617 0.0 0.435 0.48 1
173 2.46244178262 6.08582489269 0.0 0.435 0.48 1
174 9.92700782571 3.98561865521 0.0 0.435 0.48 1
175 11.868548462 13.7114828131 0.0 0.435 0.48 1
176 10.1418927026 5.80778622603 0.0 0.435 0.48 1
177 10.3285752549 5.05362125893 0.0 0.435 0.48 1
178 2.86485107222 4.76460424148 0.0 0.435 0.48 1
179 13.2616170226 7.69057338597 0.0 0.435 0.48 1
180 14.6841506986 7.51396513418 0.0 0.435 0.48 1
282 0.538369750422 3.73932174191 0.0 0.435 0.48 1
286 6.62312653481 7.71062080914 0.0 0.435 0.48 1
287 12.070174037 4.81376816022 0.0 0.435 0.48 1
333 13.5966774771 3.90495164291 0.0 0.435 0.48 1
334 5.31234983206 12.0733219479 0.0 0.435 0.48 1
335 0.709898814767 8.01133215678 0.0 0.435 0.48 1
336 0.768408115243 7.46432389584 0.0 0.435 0.48 1
360 3.42111035696 7.65238781801 0.0 0.435 0.48 1
361 3.54844174829 8.37886824834 0.0 0.435 0.48 1
362 13.6053065466 9.81082704662 0.0 0.435 0.48 1
363 14.0365495563 9.40319610871 0.0 0.435 0.48 1
364 12.6630542508 10.0936389093 0.0 0.435 0.48 1
432 6.27859515035 8.68793268897 0.0 0.435 0.48 1
