64 7.16865209896 7.19344502316 0.0 0.435 0.48 1
65 7.12929512346 7.70871153074 0.0 0.435 0.48 1
66 6.91020094433 6.61875222545 0.0 0.435 0.48 1
67 2.89305339691 6.32257541401 0.0 0.435 0.48 1
70 7.41721139342 8.15381205721 0.0 0.435 0.48 1
71 7.40268930086 8.60989093446 0.0 0.435 0.48 1
72 7.02069512689 0.762518060084 0.0 0.435 0.48 1
103 6.28448817342 0.590205684691 0.0 0.435 0.48 1
104 5.88797190688 7.47697286522 0.0 0.435 0.48 1
105 13.1696437697 2.7474516143 0.0 0.435 0.48 1
106 7.25683697989 5.16937126179 0.0 0.435 0.48 1
107 7.18001721487 5.8283109688 0.0 0.435 0.48 1
108 8.2258183446 7.33449296479 0.0 0.435 0.48 1
109 8.45606717453 7.98173834162 0.0 0.435 0.48 1
110 3.70881616182 7.86240844176 0.0 0.435 0.48 1
111 10.4091833919 6.98199244062 0.0 0.435 0.48 1
112 10.3807706021 6.26481974248 0.0 0.435 0.48 1
113 14.9127158076 9.06644713131 0.0 0.435 0.48 1
222 14.4709495425 4.73357846752 0.0 0.435 0.48 1
232 6.20156492023 9.05809403832 0.0 0.435 0.48 1
233 6.02666841413 8.53041722116 0.0 0.435 0.48 1
236 5.15239634874 8.12469556164 0.0 0.435 0.48 1
237 5.11619634989 9.39675229412 0.0 0.435 0.48 1
238 6.51410560802 8.75117753589 0.0 0.435 0.48 1
239 3.00396850969 3.61450266666 0.0 0.435 0.48 1
240 4.89373472901 11.5618739971 0.0 0.435 0.48 1
241 5.41189982891 11.0840770781 0.0 0.435 0.48 1
242 2.47170224744 4.03239597596 0.0 0.435 0.48 1
320 4.94971844817 12.3771358729 0.0 0.435 0.48 1
340 15.1099216153 4.69897279656 0.0 0.435 0.48 1
345 3.75322429995 12.0809590615 0.0 0.435 0.48 1
346 3.68398127889 11.5919451319 0.0 0.435 0.48 1
350 13.2475158603 11.0575858403 0.0 0.435 0.48 1
351 13.7530530536 11.6208229676 0.0 0.435 0.48 1
352 11.7913077668 12.1926518478 0.0 0.435 0.48 1
353 11.9643100869 13.1375059948 0.0 0.435 0.48 1
376 14.193556528 8.70487753475 0.0 0.435 0.48 1
421 2.06866156251 4.82092795421 0.0 0.435 0.48 1
422 1.91523249759 5.32211353361 0.0 0.435 0.48 1
423 2.63586503295 5.58583261229 0.0 0.435 0.48 1
425 5.7440137719 6.70252181515 0.0 0.435 0.48 1
426 4.10785800967 5.46411611444 0.0 0.435 0.48 1
