51 10.3912938575 8.67289712159 0.0 0.435 0.48 1
55 2.23661271999 6.82519295221 0.0 0.435 0.48 1
56 2.38435922695 7.31778677881 0.0 0.435 0.48 1
58 3.48151384343 5.3297506472 0.0 0.435 0.48 1
59 3.92601615495 5.63953106723 0.0 0.435 0.48 1
60 10.9020926786 3.03097945636 0.0 0.435 0.48 1
61 11.1091903465 3.90900885951 0.0 0.435 0.48 1
62 11.8350845096 7.03091769956 0.0 0.435 0.48 1
63 11.9876717141 7.62160070385 0.0 0.435 0.48 1
64 12.9791728455 7.10514089727 0.0 0.435 0.48 1
65 13.4487205051 7.37458781115 0.0 0.435 0.48 1
66 12.8638379654 6.59607954448 0.0 0.435 0.48 1
67 14.9324995279 0.787577339054 0.0 0.435 0.48 1
72 2.80297432999 4.97677280342 0.0 0.435 0.48 1
98 7.16802070363 8.00512700199 0.0 0.435 0.48 1
99 7.66724394366 7.77267235707 0.0 0.435 0.48 1
102 10.1574671207 2.36822119256 0.0 0.435 0.48 1
103 2.23871737109 4.41950217109 0.0 0.435 0.48 1
104 1.81610343096 5.89823829012 0.0 0.435 0.48 1
222 11.1731717398 8.37910690814 0.0 0.435 0.48 1
232 6.40761026255 8.96453939684 0.0 0.435 0.48 1
233 7.87791951839 8.92396723089 0.0 0.435 0.48 1
340 11.6589252128 8.5750466037 0.0 0.435 0.48 1
343 11.8996972982 8.29104144205 0.0 0.435 0.48 1
345 9.65192992743 11.0451755307 0.0 0.435 0.48 1
346 9.99014735859 10.5821755193 0.0 0.435 0.48 1
347 9.13250203687 9.9101095233 0.0 0.435 0.48 1
348 12.2515949615 12.4752250506 0.0 0.435 0.48 1
349 11.74942521 12.8150766054 0.0 0.435 0.48 1
376 14.3166786172 8.85260795077 0.0 0.435 0.48 1
412 4.01756847764 4.0784573173 0.0 0.435 0.48 1
413 4.73546496657 3.48443307582 0.0 0.435 0.48 1
414 3.56822546859 3.71211452474 0.0 0.435 0.48 1
421 10.7328787305 5.02164084577 0.0 0.435 0.48 1
422 11.5987321915 5.20159033475 0.0 0.435 0.48 1
