3 13.7118018921 10.2206059227 0.0 0.435 0.48 1
4 3.28746501235 6.60848985407 0.0 0.435 0.48 1
7 3.85572080834 6.999414606 0.0 0.435 0.48 1
8 4.66453822463 7.47005173103 0.0 0.435 0.48 1
9 12.0396565961 13.6718652864 0.0 0.435 0.48 1
10 8.36935554937 7.88388782373 0.0 0.435 0.48 1
11 9.86029038596 8.18674710957 0.0 0.435 0.48 1
12 7.86529161182 7.40203368811 0.0 0.435 0.48 1
13 8.40639740866 7.00466512159 0.0 0.435 0.48 1
14 14.8483134841 9.26000022888 0.0 0.435 0.48 1
16 14.6633146527 9.96237601944 0.0 0.435 0.48 1
17 1.98300226289 6.10109911987 0.0 0.435 0.48 1
19 9.45325086394 5.10994497166 0.0 0.435 0.48 1
20 8.99738343649 4.80899496423 0.0 0.435 0.48 1
23 8.84647995289 8.37886824834 0.0 0.435 0.48 1
24 13.6133042208 2.12693613505 0.0 0.435 0.48 1
25 3.74249057936 8.97456310842 0.0 0.435 0.48 1
26 7.58474162068 9.20868837194 0.0 0.435 0.48 1
27 10.8143287279 3.68323668898 0.0 0.435 0.48 1
28 11.9384228784 1.14270312103 0.0 0.435 0.48 1
29 10.5758717587 4.21520938254 0.0 0.435 0.48 1
30 12.4708996058 0.943660848067 0.0 0.435 0.48 1
31 13.033893774 8.84401619798 0.0 0.435 0.48 1
32 13.8906972353 8.13328731443 0.0 0.435 0.48 1
73 11.7445845124 11.3840724463 0.0 0.435 0.48 1
74 12.6043344853 10.8764430523 0.0 0.435 0.48 1
75 4.42081962768 8.08770329269 0.0 0.435 0.48 1
76 5.30561494855 7.88675174133 0.0 0.435 0.48 1
77 2.90841734992 7.65787699341 0.0 0.435 0.48 1
78 2.86716618843 8.18674710957 0.0 0.435 0.48 1
217 6.57219397828 4.51592073018 0.0 0.435 0.48 1
219 10.8179066348 0.948195384262 0.0 0.435 0.48 1
220 8.38240438617 3.76414236108 0.0 0.435 0.48 1
419 11.8403461373 1.92693922289 0.0 0.435 0.48 1
420 11.8232984634 2.72454027353 0.0 0.435 0.48 1
