45 4.25665684218 6.22305427753 0.0 0.435 0.48 1
46 4.37051846648 6.75645892989 0.0 0.435 0.48 1
47 3.93064638737 7.30131925263 0.0 0.435 0.48 1
48 1.9394359852 4.78608362345 0.0 0.435 0.48 1
49 2.27197085841 5.44335271186 0.0 0.435 0.48 1
50 5.6608800536 7.7454651399 0.0 0.435 0.48 1
51 8.93887413602 0.946047446064 0.0 0.435 0.48 1
52 10.4220217635 7.62207802345 0.0 0.435 0.48 1
53 11.2725112715 7.15024759941 0.0 0.435 0.48 1
54 12.1067949661 7.08390017509 0.0 0.435 0.48 1
55 12.9789623804 6.69989655736 0.0 0.435 0.48 1
56 13.3472763222 7.15263419741 0.0 0.435 0.48 1
87 13.114501911 10.9466090335 0.0 0.435 0.48 1
89 12.4433286764 8.3277950512 0.0 0.435 0.48 1
90 11.7965693945 8.86024506436 0.0 0.435 0.48 1
91 12.125736826 6.47794294362 0.0 0.435 0.48 1
92 9.53533225669 8.36860587695 0.0 0.435 0.48 1
93 10.9483950027 8.25953834848 0.0 0.435 0.48 1
94 8.08186020962 4.12881453504 0.0 0.435 0.48 1
95 8.11911253402 4.99013775221 0.0 0.435 0.48 1
96 2.61629177775 6.36863675535 0.0 0.435 0.48 1
221 13.2300472562 5.7438253997 0.0 0.435 0.48 1
222 13.0446274946 11.4769111084 0.0 0.435 0.48 1
223 14.3690844295 7.23353986951 0.0 0.435 0.48 1
225 12.0322903173 7.80059555363 0.0 0.435 0.48 1
226 14.7975913927 7.47530224662 0.0 0.435 0.48 1
228 6.71383699705 1.97300056423 0.0 0.435 0.48 1
229 10.0461310778 6.19632437996 0.0 0.435 0.48 1
230 9.60247062666 6.03809293275 0.0 0.435 0.48 1
231 10.6442729193 11.3938574981 0.0 0.435 0.48 1
232 13.8023018892 6.22042901973 0.0 0.435 0.48 1
233 14.2975262922 5.21877384033 0.0 0.435 0.48 1
300 0.625081375588 8.57194402631 0.0 0.435 0.48 1
310 12.6685263437 13.1212771284 0.0 0.435 0.48 1
311 11.8464496255 11.4432600767 0.0 0.435 0.48 1
313 14.4581111708 9.84662601658 0.0 0.435 0.48 1
318 0.71915927959 7.67816307638 0.0 0.435 0.48 1
319 0.597089516008 8.32326051501 0.0 0.435 0.48 1
340 13.1677495837 11.8141374054 0.0 0.435 0.48 1
341 12.6245391358 10.1707260246 0.0 0.435 0.48 1
342 13.7810449132 11.9983827708 0.0 0.435 0.48 1
344 15.0061623163 11.7005353408 0.0 0.435 0.48 1
376 14.1451495528 11.6530420406 0.0 0.435 0.48 1
