142 9.23983924278 9.42610744948 0.0 0.435 0.48 1
145 0.761673231735 6.5796120183 0.0 0.435 0.48 1
146 3.52949988842 5.1598248698 0.0 0.435 0.48 1
147 3.89360452807 5.82329911301 0.0 0.435 0.48 1
148 4.2724417254 6.44381459226 0.0 0.435 0.48 1
149 4.24865916801 6.96289965664 0.0 0.435 0.48 1
150 10.7293008236 6.41780067409 0.0 0.435 0.48 1
151 10.6893124528 5.80850220543 0.0 0.435 0.48 1
152 12.6348519261 4.26652123948 0.0 0.435 0.48 1
153 12.9269774983 2.77680676967 0.0 0.435 0.48 1
154 13.4417751565 3.38228668154 0.0 0.435 0.48 1
232 12.429227514 7.9163455565 0.0 0.435 0.48 1
233 13.1673286535 7.86694297795 0.0 0.435 0.48 1
238 12.5879182067 8.46454711644 0.0 0.435 0.48 1
248 11.8184577659 5.31662435822 0.0 0.435 0.48 1
249 12.2797972862 4.89491249212 0.0 0.435 0.48 1
256 4.10827893989 4.13669030843 0.0 0.435 0.48 1
259 7.08636024109 9.18219713418 0.0 0.435 0.48 1
324 13.0964019116 6.4951264492 0.0 0.435 0.48 1
325 13.0261065649 6.96600223404 0.0 0.435 0.48 1
328 10.1040089829 8.54497546894 0.0 0.435 0.48 1
329 6.4612788655 10.0215636498 0.0 0.435 0.48 1
330 6.77024164643 10.8370641854 0.0 0.435 0.48 1
331 7.0646823348 11.1771544 0.0 0.435 0.48 1
354 11.7058589323 8.14832288182 0.0 0.435 0.48 1
355 11.6119914934 8.83661774419 0.0 0.435 0.48 1
376 4.69610799107 9.28386620885 0.0 0.435 0.48 1
387 11.5600066113 13.0007539296 0.0 0.435 0.48 1
388 12.4142844913 12.7470585625 0.0 0.435 0.48 1
389 12.0150321783 11.646598226 0.0 0.435 0.48 1
390 14.427804195 9.37694353074 0.0 0.435 0.48 1
391 14.0910600196 10.2184579845 0.0 0.435 0.48 1
392 14.5370355869 10.2657126249 0.0 0.435 0.48 1
