142 9.28466831113 9.07408424491 0.0 0.435 0.48 1
155 13.617513523 4.95075888526 0.0 0.435 0.48 1
156 5.44304866514 7.75357957309 0.0 0.435 0.48 1
158 4.96066263387 6.56672438912 0.0 0.435 0.48 1
159 8.22413462373 7.98126102202 0.0 0.435 0.48 1
160 12.3740856553 10.6196451078 0.0 0.435 0.48 1
161 10.5022089703 3.52023204577 0.0 0.435 0.48 1
162 2.44644643429 8.38268680514 0.0 0.435 0.48 1
163 1.84598947653 7.92040277309 0.0 0.435 0.48 1
164 1.43368832677 8.18746308897 0.0 0.435 0.48 1
232 14.8666239486 7.11325533046 0.0 0.435 0.48 1
233 14.6729960478 7.59343884748 0.0 0.435 0.48 1
238 13.8730181661 7.72637235592 0.0 0.435 0.48 1
248 12.0116647365 5.43643157767 0.0 0.435 0.48 1
249 12.5245682087 4.90780012131 0.0 0.435 0.48 1
256 8.23381601877 5.38344910214 0.0 0.435 0.48 1
259 12.5066786744 9.31202806522 0.0 0.435 0.48 1
260 13.4066274831 7.19821821916 0.0 0.435 0.48 1
329 6.44633584272 9.28768476565 0.0 0.435 0.48 1
330 2.11412202619 7.10776615507 0.0 0.435 0.48 1
331 5.8423009781 9.63756003203 0.0 0.435 0.48 1
332 6.65974746388 10.2163100463 0.0 0.435 0.48 1
334 4.79523705771 11.996950812 0.0 0.435 0.48 1
358 12.1943484517 11.6380064732 0.0 0.435 0.48 1
359 11.7281682339 11.4377709013 0.0 0.435 0.48 1
393 12.0175577596 12.8637632046 0.0 0.435 0.48 1
395 11.0576263946 12.820327121 0.0 0.435 0.48 1
396 5.70613005217 8.31228216422 0.0 0.435 0.48 1
397 14.9495472018 7.53974039255 0.0 0.435 0.48 1
415 0.216989528024 4.93166610128 0.0 0.435 0.48 1
416 0.726104628208 5.87699756794 0.0 0.435 0.48 1
