142 9.19669389531 9.52419662716 0.0 0.435 0.48 1
143 6.48443002756 8.00822957938 0.0 0.435 0.48 1
144 3.94306382883 6.18582334877 0.0 0.435 0.48 1
145 7.12824279791 7.37053059455 0.0 0.435 0.48 1
146 8.89530785832 2.86845213276 0.0 0.435 0.48 1
147 9.49197644411 3.20758770815 0.0 0.435 0.48 1
148 12.5571903007 1.91142633591 0.0 0.435 0.48 1
149 12.8230077342 2.75341810929 0.0 0.435 0.48 1
232 12.3151554246 7.89653679312 0.0 0.435 0.48 1
233 12.816904246 7.51133987638 0.0 0.435 0.48 1
238 12.5190961159 8.43638526007 0.0 0.435 0.48 1
248 11.7157507924 5.26889239827 0.0 0.435 0.48 1
249 12.2334949621 4.85553362517 0.0 0.435 0.48 1
253 14.16851118 10.787422947 0.0 0.435 0.48 1
254 13.5514274786 10.7120064503 0.0 0.435 0.48 1
256 4.37262311758 3.67679287439 0.0 0.435 0.48 1
258 8.40239857158 9.04807032674 0.0 0.435 0.48 1
259 4.92088472815 8.21610226494 0.0 0.435 0.48 1
277 5.41547773577 6.63020789584 0.0 0.435 0.48 1
324 8.84311251114 8.44449969326 0.0 0.435 0.48 1
325 8.17299160209 8.26287958568 0.0 0.435 0.48 1
326 2.67438014801 12.6029080435 0.0 0.435 0.48 1
327 2.70658130978 12.0272606066 0.0 0.435 0.48 1
328 4.44439171996 10.0039028246 0.0 0.435 0.48 1
354 12.0442868285 9.20319919655 0.0 0.435 0.48 1
355 12.3963949569 10.9306188269 0.0 0.435 0.48 1
356 11.8009891618 12.1998116418 0.0 0.435 0.48 1
357 12.0480752005 12.6771312412 0.0 0.435 0.48 1
376 6.11043352776 7.493917711 0.0 0.435 0.48 1
387 14.9592285969 9.42372085149 0.0 0.435 0.48 1
