179 3.72986267278 8.98148424262 0.0 0.435 0.48 1
181 11.6406147483 13.5943008515 0.0 0.435 0.48 1
183 13.2780333012 2.67036449899 0.0 0.435 0.48 1
184 13.88059491 2.84291553419 0.0 0.435 0.48 1
185 1.0824220588 6.18343675078 0.0 0.435 0.48 1
187 13.3895798093 10.2463811811 0.0 0.435 0.48 1
189 3.60063709547 5.57199034391 0.0 0.435 0.48 1
190 2.96755804572 4.47892846122 0.0 0.435 0.48 1
191 12.8541565704 3.9140207153 0.0 0.435 0.48 1
192 13.5510065483 4.9104253791 0.0 0.435 0.48 1
193 0.38788719704 7.03020172016 0.0 0.435 0.48 1
194 14.577444888 8.0772022615 0.0 0.435 0.48 1
195 15.2166274259 8.28149505006 0.0 0.435 0.48 1
263 0.606560445941 8.34664917538 0.0 0.435 0.48 1
362 4.83901380051 8.39963165091 0.0 0.435 0.48 1
363 5.06442193292 8.01324143518 0.0 0.435 0.48 1
365 14.3002623386 11.8766662729 0.0 0.435 0.48 1
366 14.2840565252 12.7735498003 0.0 0.435 0.48 1
367 12.3433577493 13.4775962094 0.0 0.435 0.48 1
400 14.135889088 10.5487631473 0.0 0.435 0.48 1
417 14.7685472075 3.22882843032 0.0 0.435 0.48 1
