121 1.49430227834 6.51541253218 0.0 0.435 0.48 1
123 2.00846854116 7.09129862889 0.0 0.435 0.48 1
127 1.75864645603 13.3866668257 0.0 0.435 0.48 1
128 1.13188135957 12.5475389699 0.0 0.435 0.48 1
129 2.43613364392 11.6594858552 0.0 0.435 0.48 1
130 2.96839990616 12.3272559748 0.0 0.435 0.48 1
132 2.4904336422 12.2193817453 0.0 0.435 0.48 1
133 3.47393709948 12.1998116418 0.0 0.435 0.48 1
137 2.2717603933 5.00779857739 0.0 0.435 0.48 1
138 2.17641969864 5.72544859513 0.0 0.435 0.48 1
140 2.96587432484 6.45908881944 0.0 0.435 0.48 1
141 3.47709407612 5.74143880171 0.0 0.435 0.48 1
142 8.99864622715 9.72681879712 0.0 0.435 0.48 1
143 10.8179066348 9.58219095849 0.0 0.435 0.48 1
144 10.8543170987 8.92516052988 0.0 0.435 0.48 1
145 11.4535112658 10.648045624 0.0 0.435 0.48 1
146 14.4299088461 0.959889714447 0.0 0.435 0.48 1
147 15.0141599905 1.46632580944 0.0 0.435 0.48 1
232 12.2212879857 7.88006926694 0.0 0.435 0.48 1
233 12.7346123881 7.47005173103 0.0 0.435 0.48 1
238 12.4626914665 8.4129965997 0.0 0.435 0.48 1
248 11.6311438183 5.22975219112 0.0 0.435 0.48 1
249 12.1954007773 4.82307589241 0.0 0.435 0.48 1
253 11.6627135848 8.32063525721 0.0 0.435 0.48 1
254 11.0266880235 8.4943795914 0.0 0.435 0.48 1
256 0.910892994459 4.82092795421 0.0 0.435 0.48 1
257 5.98878469439 8.68292083317 0.0 0.435 0.48 1
258 6.27333352261 7.82016565721 0.0 0.435 0.48 1
259 1.60353367024 7.33425430499 0.0 0.435 0.48 1
277 10.1865113059 8.80654660943 0.0 0.435 0.48 1
324 6.00014981031 9.25355641429 0.0 0.435 0.48 1
325 5.34013122653 9.0783801213 0.0 0.435 0.48 1
326 3.93927545686 12.0518425659 0.0 0.435 0.48 1
327 3.24789757174 8.8244460944 0.0 0.435 0.48 1
328 3.49793012198 12.7148394895 0.0 0.435 0.48 1
354 10.722355475 12.5673477333 0.0 0.435 0.48 1
376 7.55780208665 7.9974898884 0.0 0.435 0.48 1
