142 11.7138566064 12.7367961911 0.0 0.435 0.48 1
178 15.1978960312 10.3857585041 0.0 0.435 0.48 1
179 3.73407197498 8.01109349698 0.0 0.435 0.48 1
181 12.1684612432 10.8146301642 0.0 0.435 0.48 1
182 2.28417783477 12.9465781551 0.0 0.435 0.48 1
183 8.69494507396 3.71999029813 0.0 0.435 0.48 1
184 8.7789206527 2.85341656537 0.0 0.435 0.48 1
185 5.15639518583 5.68010323318 0.0 0.435 0.48 1
186 10.1825124688 5.496812507 0.0 0.435 0.48 1
187 7.81877882259 9.11680434905 0.0 0.435 0.48 1
188 13.0208449372 12.5415724749 0.0 0.435 0.48 1
189 0.424297661005 5.0808284761 0.0 0.435 0.48 1
362 6.45496491221 8.62731309984 0.0 0.435 0.48 1
363 6.56819514119 8.05906411672 0.0 0.435 0.48 1
364 1.63426157624 7.80990328582 0.0 0.435 0.48 1
365 11.3278635954 12.8184178426 0.0 0.435 0.48 1
417 11.6511380038 3.86628875536 0.0 0.435 0.48 1
418 10.9862787225 3.05794801373 0.0 0.435 0.48 1
432 11.9350554366 13.1382219742 0.0 0.435 0.48 1
