203 11.9089577631 4.31592381802 0.0 0.435 0.48 1
205 14.4294879159 11.670464206 0.0 0.435 0.48 1
206 14.8167437176 11.2170105865 0.0 0.435 0.48 1
268 9.9903578237 8.46908165263 0.0 0.435 0.48 1
269 9.58626481322 9.05761671872 0.0 0.435 0.48 1
270 5.9561626024 3.90208772531 0.0 0.435 0.48 1
271 4.99096960966 3.20138255336 0.0 0.435 0.48 1
272 2.14674411818 7.46861977223 0.0 0.435 0.48 1
292 9.36969621542 6.14525118282 0.0 0.435 0.48 1
293 3.92117545743 8.25023061629 0.0 0.435 0.48 1
294 3.84098825067 7.73257751072 0.0 0.435 0.48 1
296 5.61415679926 9.26000022888 0.0 0.435 0.48 1
297 6.00751608915 7.46718781343 0.0 0.435 0.48 1
298 13.3740053912 6.12591973904 0.0 0.435 0.48 1
299 13.4240960872 5.26650580028 0.0 0.435 0.48 1
338 4.18467777468 10.6382605722 0.0 0.435 0.48 1
339 4.21203823894 11.5852626575 0.0 0.435 0.48 1
375 11.7902554412 10.801742535 0.0 0.435 0.48 1
406 12.1497298485 9.83851158339 0.0 0.435 0.48 1
407 13.3100239978 12.4298796887 0.0 0.435 0.48 1
408 14.1676693196 10.5537750031 0.0 0.435 0.48 1
434 10.6194380364 5.56673982832 0.0 0.435 0.48 1
