3 13.8566018875 10.3771667513 0.0 0.435 0.48 1
4 3.51203128432 6.60061408067 0.0 0.435 0.48 1
7 3.51897663294 7.03760017395 0.0 0.435 0.48 1
8 4.39177544256 7.47005173103 0.0 0.435 0.48 1
10 8.66148112153 7.79916359484 0.0 0.435 0.48 1
11 10.1759880504 8.28364298825 0.0 0.435 0.48 1
12 8.10038113927 7.26862286007 0.0 0.435 0.48 1
13 8.66127065642 6.88533522173 0.0 0.435 0.48 1
14 15.0493076638 9.04305847094 0.0 0.435 0.48 1
16 14.9280797606 9.84638735678 0.0 0.435 0.48 1
17 1.61258366995 6.15837747181 0.0 0.435 0.48 1
19 8.96581367005 5.29824755364 0.0 0.435 0.48 1
20 8.55540670628 4.92832486408 0.0 0.435 0.48 1
23 9.12724040913 8.54807804634 0.0 0.435 0.48 1
24 14.4429576829 1.5794505545 0.0 0.435 0.48 1
25 3.38933012541 8.86358630156 0.0 0.435 0.48 1
26 7.09919861278 9.19031156737 0.0 0.435 0.48 1
27 10.3759299045 3.72309287553 0.0 0.435 0.48 1
28 11.7525821866 1.12862219284 0.0 0.435 0.48 1
29 10.1900892127 4.26508928068 0.0 0.435 0.48 1
30 12.1991891492 0.873972186551 0.0 0.435 0.48 1
31 12.763235643 9.34400847838 0.0 0.435 0.48 1
32 13.469767016 8.56096567552 0.0 0.435 0.48 1
73 11.759106605 11.1368208938 0.0 0.435 0.48 1
74 12.6167519267 10.9079461459 0.0 0.435 0.48 1
75 4.50879404351 8.0767249419 0.0 0.435 0.48 1
76 5.44978354864 7.80489143003 0.0 0.435 0.48 1
77 3.1595022257 7.77744555306 0.0 0.435 0.48 1
78 3.13866617985 8.33304556679 0.0 0.435 0.48 1
79 2.02341156394 13.4205565173 0.0 0.435 0.48 1
217 6.60692072136 4.46556351244 0.0 0.435 0.48 1
219 11.0283717444 0.611923726465 0.0 0.435 0.48 1
220 8.69389274841 3.64958565722 0.0 0.435 0.48 1
419 11.9354763669 2.01166345178 0.0 0.435 0.48 1
420 12.0175577596 2.75556604749 0.0 0.435 0.48 1
