142 10.7737089617 11.9456389551 0.0 0.435 0.48 1
169 11.9697821797 13.2024214603 0.0 0.435 0.48 1
176 1.93543714812 13.2685302249 0.0 0.435 0.48 1
177 1.56880692715 13.0418034151 0.0 0.435 0.48 1
178 14.8868285991 9.05761671872 0.0 0.435 0.48 1
179 3.70860569671 7.48771255621 0.0 0.435 0.48 1
181 11.2876647594 9.55402910213 0.0 0.435 0.48 1
182 3.57790686363 11.7048312171 0.0 0.435 0.48 1
183 6.7980230409 4.20518567095 0.0 0.435 0.48 1
184 6.45117654024 3.40495936251 0.0 0.435 0.48 1
185 7.16212768056 4.7445568183 0.0 0.435 0.48 1
186 7.665981153 5.75742900829 0.0 0.435 0.48 1
187 5.50113703539 9.05928733732 0.0 0.435 0.48 1
188 13.6659204982 10.6024616023 0.0 0.435 0.48 1
362 7.42163116072 8.67838629698 0.0 0.435 0.48 1
363 7.58200557426 8.18603113017 0.0 0.435 0.48 1
364 2.69142782189 8.13400329383 0.0 0.435 0.48 1
417 10.182933399 4.40327330471 0.0 0.435 0.48 1
418 9.33981016985 4.28394340486 0.0 0.435 0.48 1
432 11.3295473163 11.9487415325 0.0 0.435 0.48 1
