142 6.96429047751 9.40319610871 0.0 0.435 0.48 1
168 13.7644181695 11.5010157482 0.0 0.435 0.48 1
169 7.02953466149 10.0714435479 0.0 0.435 0.48 1
171 7.4233148816 7.11946048525 0.0 0.435 0.48 1
172 7.63693696787 6.29489087724 0.0 0.435 0.48 1
173 3.91128359728 5.94644756966 0.0 0.435 0.48 1
174 7.7074427796 4.30088825064 0.0 0.435 0.48 1
175 12.0527054329 12.0205781322 0.0 0.435 0.48 1
176 11.8744414851 5.68320581058 0.0 0.435 0.48 1
177 12.1438368254 5.0834537339 0.0 0.435 0.48 1
178 1.28046972696 4.48298567782 0.0 0.435 0.48 1
282 1.82157552381 4.00399545979 0.0 0.435 0.48 1
286 8.49794973135 8.20798783174 0.0 0.435 0.48 1
287 13.6354030573 5.97675736422 0.0 0.435 0.48 1
333 12.2701158912 4.39611351072 0.0 0.435 0.48 1
334 4.79671031348 11.9745167908 0.0 0.435 0.48 1
335 2.22230109254 8.4141898987 0.0 0.435 0.48 1
336 2.12127783992 7.84856617338 0.0 0.435 0.48 1
360 5.17744169679 7.76026204748 0.0 0.435 0.48 1
361 5.09493937381 8.43948783747 0.0 0.435 0.48 1
362 13.9891949066 10.1955466438 0.0 0.435 0.48 1
363 14.4475879154 9.95282962745 0.0 0.435 0.48 1
364 13.6013077095 10.6680930472 0.0 0.435 0.48 1
432 6.64838234796 8.73757392731 0.0 0.435 0.48 1
