142 9.20932180188 9.4953187914 0.0 0.435 0.48 1
143 4.25981381882 8.03161823976 0.0 0.435 0.48 1
144 1.02433368855 5.62449549985 0.0 0.435 0.48 1
145 5.1143021639 6.37364861115 0.0 0.435 0.48 1
146 7.08067768313 3.60710421287 0.0 0.435 0.48 1
147 7.7381706856 3.97774288182 0.0 0.435 0.48 1
148 9.85587061865 3.54767792274 0.0 0.435 0.48 1
149 10.0282415434 4.31353722002 0.0 0.435 0.48 1
232 12.3486193771 7.90226462831 0.0 0.435 0.48 1
233 12.9074042431 7.60107596107 0.0 0.435 0.48 1
238 12.5393007664 8.44449969326 0.0 0.435 0.48 1
248 11.7460577682 5.28297332646 0.0 0.435 0.48 1
249 12.2471751942 4.86698929556 0.0 0.435 0.48 1
254 14.5475588424 11.0623590363 0.0 0.435 0.48 1
256 4.90888821691 3.81473823862 0.0 0.435 0.48 1
259 6.01930213529 8.90201052931 0.0 0.435 0.48 1
277 3.1550824584 6.16816252359 0.0 0.435 0.48 1
324 10.1402089818 7.64594400342 0.0 0.435 0.48 1
325 9.50691946689 7.65310379741 0.0 0.435 0.48 1
326 1.29141391266 13.317216824 0.0 0.435 0.48 1
327 1.13651159198 12.9353611445 0.0 0.435 0.48 1
328 5.51418587219 8.94282135506 0.0 0.435 0.48 1
354 11.7875193948 8.37910690814 0.0 0.435 0.48 1
355 12.3814519342 9.88743684233 0.0 0.435 0.48 1
356 12.7224054118 12.3179482426 0.0 0.435 0.48 1
357 12.9697019156 12.7690152641 0.0 0.435 0.48 1
376 5.43189401433 7.39797647152 0.0 0.435 0.48 1
387 13.7048565435 10.6237023244 0.0 0.435 0.48 1
388 14.3335158259 10.0406564337 0.0 0.435 0.48 1
