142 8.69220902753 9.3311208492 0.0 0.435 0.48 1
160 11.8491856719 12.0654461745 0.0 0.435 0.48 1
165 11.2975566196 9.492216214 0.0 0.435 0.48 1
166 12.4519577459 9.08697187409 0.0 0.435 0.48 1
167 11.0656240688 9.07145898711 0.0 0.435 0.48 1
168 10.0263473575 8.54497546894 0.0 0.435 0.48 1
169 5.07578704884 7.4991682266 0.0 0.435 0.48 1
170 7.78426254461 3.15030935622 0.0 0.435 0.48 1
171 2.56872666298 6.63092387524 0.0 0.435 0.48 1
172 2.48306736336 5.79537591644 0.0 0.435 0.48 1
173 11.1430752291 5.35027538998 0.0 0.435 0.48 1
174 0.537738355093 4.7514779525 0.0 0.435 0.48 1
256 8.3175811324 5.50325632159 0.0 0.435 0.48 1
282 7.41110790524 4.12642793705 0.0 0.435 0.48 1
283 13.4411437611 10.7353951107 0.0 0.435 0.48 1
284 13.88059491 11.006751303 0.0 0.435 0.48 1
285 13.9833018835 10.1669074678 0.0 0.435 0.48 1
286 14.3147844312 7.92231205149 0.0 0.435 0.48 1
333 7.9240113774 7.67291256079 0.0 0.435 0.48 1
334 2.75709293609 12.3453941196 0.0 0.435 0.48 1
335 8.47016833688 8.5786265007 0.0 0.435 0.48 1
336 8.10290672058 8.25762907009 0.0 0.435 0.48 1
360 10.1698845622 8.1595398924 0.0 0.435 0.48 1
361 11.1125577882 8.46048989984 0.0 0.435 0.48 1
362 14.437275125 12.5107853608 0.0 0.435 0.48 1
399 12.4995228607 11.9948028738 0.0 0.435 0.48 1
430 10.1711473529 9.70032755935 0.0 0.435 0.48 1
431 9.41473574888 9.56405281372 0.0 0.435 0.48 1
