142 8.69220902753 8.95379970585 0.0 0.435 0.48 1
155 14.3981286146 5.69060426437 0.0 0.435 0.48 1
156 4.24802777268 10.2728724189 0.0 0.435 0.48 1
158 4.27644056248 9.34162188038 0.0 0.435 0.48 1
159 9.34465086737 11.7420621459 0.0 0.435 0.48 1
160 12.1259472911 10.642079129 0.0 0.435 0.48 1
161 3.6317859317 6.69011150557 0.0 0.435 0.48 1
162 5.55627889411 10.0769327233 0.0 0.435 0.48 1
163 6.48232537647 8.03233421916 0.0 0.435 0.48 1
164 5.49882191919 7.92565328868 0.0 0.435 0.48 1
165 3.16792083008 8.47695742602 0.0 0.435 0.48 1
166 2.89599990845 7.85190741057 0.0 0.435 0.48 1
167 2.19978132581 6.85049089097 0.0 0.435 0.48 1
168 0.972980201799 5.98153056022 0.0 0.435 0.48 1
248 12.0802763623 5.4946645688 0.0 0.435 0.48 1
249 12.6984123893 4.87820630614 0.0 0.435 0.48 1
256 8.36283113097 5.40063260772 0.0 0.435 0.48 1
259 14.2783739672 11.1750064618 0.0 0.435 0.48 1
262 6.45622770287 6.22997541172 0.0 0.435 0.48 1
278 14.6559483739 8.11514916966 0.0 0.435 0.48 1
329 5.50155796561 8.47242288983 0.0 0.435 0.48 1
331 5.62636377562 9.45880384204 0.0 0.435 0.48 1
332 5.52365680212 8.95833424204 0.0 0.435 0.48 1
333 7.23389628294 11.6630657522 0.0 0.435 0.48 1
334 1.59953483315 12.0523198855 0.0 0.435 0.48 1
335 9.4414648178 12.2838198913 0.0 0.435 0.48 1
358 12.4660589082 11.1781090392 0.0 0.435 0.48 1
359 14.548611168 3.52500524177 0.0 0.435 0.48 1
396 0.554996494083 6.72567181572 0.0 0.435 0.48 1
