179 3.63010221082 9.06644713131 0.0 0.435 0.48 1
189 6.89799396798 5.76100890528 0.0 0.435 0.48 1
190 6.6755323471 4.53024031816 0.0 0.435 0.48 1
191 9.13692180417 5.14765322002 0.0 0.435 0.48 1
192 10.1031671225 6.04596870614 0.0 0.435 0.48 1
193 2.98860455668 8.0752929831 0.0 0.435 0.48 1
194 13.0298949369 10.662365212 0.0 0.435 0.48 1
195 13.5779460824 10.7265646981 0.0 0.435 0.48 1
196 13.1073460973 7.80680070843 0.0 0.435 0.48 1
197 13.4268321337 8.31681670041 0.0 0.435 0.48 1
198 13.2582495809 8.79246568124 0.0 0.435 0.48 1
199 14.0239216497 6.93068058368 0.0 0.435 0.48 1
200 13.2205763262 4.31520783862 0.0 0.435 0.48 1
263 2.20356969778 8.25762907009 0.0 0.435 0.48 1
362 4.67337775923 8.30106515363 0.0 0.435 0.48 1
363 5.10356844331 8.13758319083 0.0 0.435 0.48 1
366 12.3911333292 10.4134430409 0.0 0.435 0.48 1
367 13.4333565521 11.7714173013 0.0 0.435 0.48 1
368 13.7644181695 12.3148456652 0.0 0.435 0.48 1
400 11.3440694088 11.8215358592 0.0 0.435 0.48 1
401 14.0506507186 10.3291961316 0.0 0.435 0.48 1
402 14.9466006903 10.4957806718 0.0 0.435 0.48 1
