51 8.22308229818 4.05029546094 0.0 0.435 0.48 1
55 3.83467429738 6.52304964577 0.0 0.435 0.48 1
56 3.94474754971 7.17005636279 0.0 0.435 0.48 1
57 1.49703832477 6.94428419226 0.0 0.435 0.48 1
58 5.66445796046 3.88681349813 0.0 0.435 0.48 1
59 6.01530329821 4.46938206923 0.0 0.435 0.48 1
60 10.7198298937 2.81356037882 0.0 0.435 0.48 1
61 10.8267461694 3.43145060028 0.0 0.435 0.48 1
62 13.5284867816 6.70323779455 0.0 0.435 0.48 1
63 13.5188053866 7.65453575621 0.0 0.435 0.48 1
64 14.7845425559 7.04356666894 0.0 0.435 0.48 1
66 15.3218599807 6.46243005664 0.0 0.435 0.48 1
72 1.20175577596 5.37056147295 0.0 0.435 0.48 1
96 14.2769007114 10.0771713831 0.0 0.435 0.48 1
98 4.65127892272 8.10655741687 0.0 0.435 0.48 1
99 4.69631845618 7.55453730013 0.0 0.435 0.48 1
100 13.2548821391 2.71738047954 0.0 0.435 0.48 1
102 5.88249981403 5.33953569899 0.0 0.435 0.48 1
103 0.420930219251 4.5822681545 0.0 0.435 0.48 1
222 11.3867938261 8.56454557252 0.0 0.435 0.48 1
232 7.76910905672 9.43398322287 0.0 0.435 0.48 1
233 8.54551484613 9.12635074104 0.0 0.435 0.48 1
340 12.3425158889 8.13829917023 0.0 0.435 0.48 1
343 11.8216147426 7.94737133046 0.0 0.435 0.48 1
345 11.0822508124 12.176900301 0.0 0.435 0.48 1
346 11.4661391724 11.9100786449 0.0 0.435 0.48 1
347 9.79946596927 11.3339538884 0.0 0.435 0.48 1
376 14.3423553605 8.90320382831 0.0 0.435 0.48 1
412 5.39485215503 3.40233410471 0.0 0.435 0.48 1
413 6.06791957561 2.78325058426 0.0 0.435 0.48 1
414 5.14776611633 2.75365676909 0.0 0.435 0.48 1
