64 4.06197661577 6.76552800228 0.0 0.435 0.48 1
65 3.93990685219 7.31325224262 0.0 0.435 0.48 1
66 4.06892196439 6.30061871244 0.0 0.435 0.48 1
70 3.74627895133 8.1621651502 0.0 0.435 0.48 1
71 3.98473592054 8.69246722516 0.0 0.435 0.48 1
72 6.98744163957 0.787577339054 0.0 0.435 0.48 1
103 6.34026142747 0.632448469241 0.0 0.435 0.48 1
104 2.65733247413 7.13043883604 0.0 0.435 0.48 1
106 3.25926268766 5.10731971387 0.0 0.435 0.48 1
107 3.27673129176 5.73046045092 0.0 0.435 0.48 1
108 4.82091380108 7.84952081258 0.0 0.435 0.48 1
109 5.03895565465 8.27457391587 0.0 0.435 0.48 1
110 6.98744163957 9.70390745635 0.0 0.435 0.48 1
111 5.64972540279 6.75860686809 0.0 0.435 0.48 1
112 5.57732540508 5.93881045607 0.0 0.435 0.48 1
113 8.36851368893 8.89962393131 0.0 0.435 0.48 1
114 12.1349972908 5.94668622946 0.0 0.435 0.48 1
115 12.2227612415 6.9125424389 0.0 0.435 0.48 1
116 12.3970263523 6.36768211615 0.0 0.435 0.48 1
117 12.3490403073 5.19681713876 0.0 0.435 0.48 1
118 13.5749995708 7.28819296365 0.0 0.435 0.48 1
119 13.7732577041 8.35619556737 0.0 0.435 0.48 1
232 6.94619047808 8.48721979741 0.0 0.435 0.48 1
233 6.86600327131 7.89057029813 0.0 0.435 0.48 1
236 1.4541034424 8.25810638968 0.0 0.435 0.48 1
237 1.83315110484 8.81322908382 0.0 0.435 0.48 1
238 7.09583117102 8.93422960227 0.0 0.435 0.48 1
242 8.36472531696 3.44195163147 0.0 0.435 0.48 1
243 2.32563946136 7.55358266093 0.0 0.435 0.48 1
244 1.44778948911 8.01133215678 0.0 0.435 0.48 1
245 1.52755576566 7.53019400056 0.0 0.435 0.48 1
321 10.3180519994 11.7971925596 0.0 0.435 0.48 1
346 1.58122436862 13.6153029139 0.0 0.435 0.48 1
350 14.1177890886 9.75688993189 0.0 0.435 0.48 1
351 14.4576902406 10.3289574718 0.0 0.435 0.48 1
352 13.5375367813 9.98433272101 0.0 0.435 0.48 1
353 13.8486042134 10.4225121133 0.0 0.435 0.48 1
376 14.1392565298 8.66645330699 0.0 0.435 0.48 1
421 0.477334868631 5.19777177796 0.0 0.435 0.48 1
423 0.416299986839 5.79704653504 0.0 0.435 0.48 1
425 1.96195575193 6.69130480457 0.0 0.435 0.48 1
426 0.890688343935 6.44882644806 0.0 0.435 0.48 1
427 11.6646077708 12.2048234975 0.0 0.435 0.48 1
428 11.7018600952 11.2275116177 0.0 0.435 0.48 1
429 12.262118217 11.4897987376 0.0 0.435 0.48 1
