45 0.314224408671 5.61351714906 0.0 0.435 0.48 1
46 0.636236026398 6.30419860943 0.0 0.435 0.48 1
47 0.974663922676 6.82018109641 0.0 0.435 0.48 1
50 14.6174332588 1.98087633762 0.0 0.435 0.48 1
51 7.03248117303 0.0164675261802 0.0 0.435 0.48 1
52 2.77014177289 7.71109812874 0.0 0.435 0.48 1
53 2.57188363962 7.23879038511 0.0 0.435 0.48 1
54 3.87192662178 11.2506616183 0.0 0.435 0.48 1
55 7.18085907531 6.77793831186 0.0 0.435 0.48 1
56 7.445203253 7.38055430614 0.0 0.435 0.48 1
57 7.06426140458 6.08582489269 0.0 0.435 0.48 1
58 10.6648985001 2.17824799198 0.0 0.435 0.48 1
59 11.257989179 2.59327738369 0.0 0.435 0.48 1
60 13.4575600397 1.12719023405 0.0 0.435 0.48 1
61 13.7378995657 1.82359952961 0.0 0.435 0.48 1
93 11.2725112715 13.6179281716 0.0 0.435 0.48 1
96 9.88049503648 8.64521258482 0.0 0.435 0.48 1
97 9.62499039339 4.18275164978 0.0 0.435 0.48 1
98 3.59769058394 8.29581463804 0.0 0.435 0.48 1
99 2.89179060625 8.39127855792 0.0 0.435 0.48 1
100 5.19848820775 4.9163918741 0.0 0.435 0.48 1
101 6.34720677609 4.09564082288 0.0 0.435 0.48 1
222 12.7120926214 9.9919698346 0.0 0.435 0.48 1
225 1.38759646776 7.96670277423 0.0 0.435 0.48 1
231 3.85761499433 8.96000486064 0.0 0.435 0.48 1
232 9.31434389159 9.21131362974 0.0 0.435 0.48 1
233 8.76439856014 9.10845125606 0.0 0.435 0.48 1
313 12.2080286838 13.4496730129 0.0 0.435 0.48 1
340 13.325808881 10.1540198386 0.0 0.435 0.48 1
343 13.4998635267 9.69794096136 0.0 0.435 0.48 1
376 14.3920251264 9.25140847609 0.0 0.435 0.48 1
