4 13.5169112006 7.81730173961 0.0 0.435 0.48 1
38 1.26784182038 7.56050379512 0.0 0.435 0.48 1
39 1.14198368483 8.15142545921 0.0 0.435 0.48 1
41 15.0141599905 3.44529286866 0.0 0.435 0.48 1
42 3.11719873866 12.459234844 0.0 0.435 0.48 1
44 3.69366267393 11.8613920458 0.0 0.435 0.48 1
45 7.22463581812 6.56529243032 0.0 0.435 0.48 1
46 7.37364511573 7.00752903919 0.0 0.435 0.48 1
47 7.60578813165 7.43640069927 0.0 0.435 0.48 1
48 8.40008345537 4.05363669813 0.0 0.435 0.48 1
49 8.65222065671 4.64073980543 0.0 0.435 0.48 1
50 11.0260566282 9.03255743975 0.0 0.435 0.48 1
51 11.3590124316 1.5854170495 0.0 0.435 0.48 1
75 13.4276739941 8.36335536136 0.0 0.435 0.48 1
83 4.96255681986 3.05078821974 0.0 0.435 0.48 1
87 10.7831798917 7.9989218472 0.0 0.435 0.48 1
88 11.9638891567 6.21255324634 0.0 0.435 0.48 1
89 5.85093004759 7.78245740886 0.0 0.435 0.48 1
90 5.80631144435 6.92304347009 0.0 0.435 0.48 1
91 5.1841765803 5.28750786265 0.0 0.435 0.48 1
92 2.6150289871 7.48007544262 0.0 0.435 0.48 1
93 2.69395340321 6.34835067238 0.0 0.435 0.48 1
94 1.41874530399 4.23096092932 0.0 0.435 0.48 1
95 1.28488949426 4.92474496709 0.0 0.435 0.48 1
221 7.59779045748 5.89823829012 0.0 0.435 0.48 1
222 13.2525670229 11.5423038935 0.0 0.435 0.48 1
223 13.0124263328 9.20367651615 0.0 0.435 0.48 1
224 12.676734483 9.21608682573 0.0 0.435 0.48 1
225 13.1090298181 10.1533038592 0.0 0.435 0.48 1
226 13.4125205062 9.43159662488 0.0 0.435 0.48 1
227 8.55140786919 7.4946336904 0.0 0.435 0.48 1
228 8.76439856014 10.0867177751 0.0 0.435 0.48 1
229 5.02611728297 0.267060315879 0.0 0.435 0.48 1
230 4.6091859008 1.0023711588 0.0 0.435 0.48 1
232 11.2085298782 2.87799852474 0.0 0.435 0.48 1
233 10.9073543063 2.08827324749 0.0 0.435 0.48 1
234 12.3993414685 0.930773218882 0.0 0.435 0.48 1
235 11.7018600952 8.25762907009 0.0 0.435 0.48 1
300 4.90299519384 8.67289712159 0.0 0.435 0.48 1
301 4.25876149327 8.1657450472 0.0 0.435 0.48 1
308 12.5226740227 10.9783507868 0.0 0.435 0.48 1
309 12.8057495952 11.3635477036 0.0 0.435 0.48 1
312 14.4242262882 11.5160513156 0.0 0.435 0.48 1
316 11.3834263843 6.80800944663 0.0 0.435 0.48 1
317 10.9073543063 4.22905165092 0.0 0.435 0.48 1
318 7.85729393765 9.56023425692 0.0 0.435 0.48 1
319 7.5434904592 10.1251420028 0.0 0.435 0.48 1
340 13.091561214 11.8881219433 0.0 0.435 0.48 1
341 11.7746810231 12.185253394 0.0 0.435 0.48 1
