142 8.69220902753 9.14997806121 0.0 0.435 0.48 1
155 14.934604179 5.76124756508 0.0 0.435 0.48 1
156 2.28123132323 13.2117291925 0.0 0.435 0.48 1
158 2.62260573104 12.6150796933 0.0 0.435 0.48 1
160 12.3559856559 10.4695280938 0.0 0.435 0.48 1
164 7.03942652165 10.2616554083 0.0 0.435 0.48 1
165 7.19601256321 7.94331411386 0.0 0.435 0.48 1
166 8.00609277016 7.62756719884 0.0 0.435 0.48 1
167 6.99165094176 7.11206203146 0.0 0.435 0.48 1
168 6.29227538247 6.39966252932 0.0 0.435 0.48 1
169 1.93880458987 7.44737905006 0.0 0.435 0.48 1
170 1.54060460246 4.4152062947 0.0 0.435 0.48 1
256 8.3394695038 5.45409240285 0.0 0.435 0.48 1
262 14.9697518523 6.35479448697 0.0 0.435 0.48 1
278 12.1227903144 8.0772022615 0.0 0.435 0.48 1
279 11.9754647377 7.34213007838 0.0 0.435 0.48 1
280 13.008848426 7.02733780256 0.0 0.435 0.48 1
281 13.3693751587 7.49033781401 0.0 0.435 0.48 1
282 12.2280228692 3.72524081373 0.0 0.435 0.48 1
285 15.2039995193 6.7481058369 0.0 0.435 0.48 1
329 2.88337200187 8.0755316429 0.0 0.435 0.48 1
331 2.99912781216 8.61418681086 0.0 0.435 0.48 1
332 3.46888593685 8.39867701172 0.0 0.435 0.48 1
333 6.44023235454 10.0714435479 0.0 0.435 0.48 1
334 1.00939066576 12.4103095851 0.0 0.435 0.48 1
335 9.84450550273 11.6437343084 0.0 0.435 0.48 1
336 9.67002992685 10.8680899594 0.0 0.435 0.48 1
358 11.9348449715 12.0181915342 0.0 0.435 0.48 1
360 13.003165868 10.0158358146 0.0 0.435 0.48 1
361 12.8718356396 10.4587884028 0.0 0.435 0.48 1
398 13.1820612112 12.6251034048 0.0 0.435 0.48 1
399 13.6450844524 9.97836622602 0.0 0.435 0.48 1
