4 8.42786484984 6.36243160056 0.0 0.435 0.48 1
37 2.62197433571 3.8323990638 0.0 0.435 0.48 1
38 6.89525792155 7.18867182717 0.0 0.435 0.48 1
39 6.8984148982 7.96288421744 0.0 0.435 0.48 1
41 14.0115042082 2.38707531673 0.0 0.435 0.48 1
42 7.75984859189 5.52569034277 0.0 0.435 0.48 1
43 13.9599402564 9.00320228439 0.0 0.435 0.48 1
44 8.78754972219 7.90799246351 0.0 0.435 0.48 1
45 11.3470159204 6.27675273246 0.0 0.435 0.48 1
46 12.1547810111 6.41994861229 0.0 0.435 0.48 1
47 12.5157286741 6.9118264595 0.0 0.435 0.48 1
48 13.6897030556 2.98539543462 0.0 0.435 0.48 1
49 14.2339658291 3.46295369384 0.0 0.435 0.48 1
75 8.82501251171 6.85216150957 0.0 0.435 0.48 1
80 14.7666530215 11.1912353282 0.0 0.435 0.48 1
83 6.04434748334 0.868005691558 0.0 0.435 0.48 1
85 14.9219762724 6.40729964291 0.0 0.435 0.48 1
86 12.1389961279 3.46963616823 0.0 0.435 0.48 1
87 4.04387661634 7.47554090642 0.0 0.435 0.48 1
88 2.12696039788 7.03592955535 0.0 0.435 0.48 1
221 2.23745458043 7.97696514562 0.0 0.435 0.48 1
222 13.3154960907 11.5909904927 0.0 0.435 0.48 1
223 10.8585264009 11.8501750352 0.0 0.435 0.48 1
224 10.634170594 11.9728461722 0.0 0.435 0.48 1
225 11.6597670733 12.3745106151 0.0 0.435 0.48 1
226 11.2102135991 12.0425348337 0.0 0.435 0.48 1
232 3.85151150615 4.61281660886 0.0 0.435 0.48 1
233 4.97013356381 3.82571658941 0.0 0.435 0.48 1
234 2.42350573734 3.44028101287 0.0 0.435 0.48 1
235 4.24718591224 11.4575796646 0.0 0.435 0.48 1
275 13.6892821254 10.3492435548 0.0 0.435 0.48 1
300 9.31308110093 8.19796412016 0.0 0.435 0.48 1
301 9.46903574716 7.65668369441 0.0 0.435 0.48 1
302 11.9981949695 11.6375291536 0.0 0.435 0.48 1
303 11.7896240459 10.4396956189 0.0 0.435 0.48 1
304 11.3777438264 10.7714327405 0.0 0.435 0.48 1
306 14.4071786143 11.6024461631 0.0 0.435 0.48 1
307 14.8624146464 11.988597719 0.0 0.435 0.48 1
312 14.698462326 12.6031467033 0.0 0.435 0.48 1
316 8.25486252973 7.94593937166 0.0 0.435 0.48 1
317 7.33028930315 8.27457391587 0.0 0.435 0.48 1
340 12.9646507529 12.458041545 0.0 0.435 0.48 1
410 2.72615456498 0.0243432995708 0.0 0.435 0.48 1
411 11.3651159198 7.34738059398 0.0 0.435 0.48 1
