51 12.1789844987 12.4341755651 0.0 0.435 0.48 1
58 -0.174686040989 4.87772898654 0.0 0.435 0.48 1
62 12.7541856433 5.5011083834 0.0 0.435 0.48 1
63 11.7761542789 6.22902077252 0.0 0.435 0.48 1
64 11.5391705654 7.37625842974 0.0 0.435 0.48 1
65 12.0303961313 7.76217132588 0.0 0.435 0.48 1
66 11.7702612558 6.97483264663 0.0 0.435 0.48 1
67 9.50691946689 3.40853925951 0.0 0.435 0.48 1
68 12.914770522 9.4153677585 0.0 0.435 0.48 1
69 13.3830553909 9.22563321772 0.0 0.435 0.48 1
70 13.7623135184 8.60654969727 0.0 0.435 0.48 1
71 13.7835704945 9.43135796508 0.0 0.435 0.48 1
72 5.70086842443 3.15484389241 0.0 0.435 0.48 1
98 9.02769041228 10.5936311897 0.0 0.435 0.48 1
99 9.47892760731 10.6859925322 0.0 0.435 0.48 1
103 5.07473472329 2.74148511931 0.0 0.435 0.48 1
104 7.10803814738 7.6588316326 0.0 0.435 0.48 1
105 1.40043483945 4.74073826151 0.0 0.435 0.48 1
106 13.9828809533 5.34597951358 0.0 0.435 0.48 1
107 14.0043483945 6.03093313876 0.0 0.435 0.48 1
108 14.8167437176 6.80180429183 0.0 0.435 0.48 1
109 14.5772344229 7.37697440914 0.0 0.435 0.48 1
222 12.6213821591 7.70274503575 0.0 0.435 0.48 1
232 6.28238352232 9.02134042917 0.0 0.435 0.48 1
233 7.099619543 8.59795794448 0.0 0.435 0.48 1
236 11.4974984737 9.06310589412 0.0 0.435 0.48 1
237 11.4453031265 9.48624971901 0.0 0.435 0.48 1
238 13.3247565555 1.85223870558 0.0 0.435 0.48 1
314 14.1933460629 9.69149714676 0.0 0.435 0.48 1
320 7.13118930944 11.3800152297 0.0 0.435 0.48 1
340 12.4902623958 8.35476360857 0.0 0.435 0.48 1
343 13.1422833055 7.94713267066 0.0 0.435 0.48 1
345 6.63701723204 10.0723981871 0.0 0.435 0.48 1
346 6.96997303547 9.63565075363 0.0 0.435 0.48 1
347 11.2845077828 8.60177650127 0.0 0.435 0.48 1
349 14.8377902286 12.6967013448 0.0 0.435 0.48 1
376 14.279847223 8.77910073246 0.0 0.435 0.48 1
413 0.667384862623 3.4128351359 0.0 0.435 0.48 1
421 7.34881023279 4.42451402689 0.0 0.435 0.48 1
422 7.53317766883 5.29991817224 0.0 0.435 0.48 1
423 8.74987646757 5.41853209269 0.0 0.435 0.48 1
424 11.9754647377 3.9140207153 0.0 0.435 0.48 1
425 12.4744775126 4.30279752903 0.0 0.435 0.48 1
426 10.9789124436 5.34502487438 0.0 0.435 0.48 1
