4 5.50492540737 6.92662336708 0.0 0.435 0.48 1
10 14.6620518621 3.68562328697 0.0 0.435 0.48 1
11 14.4898914024 6.94786408926 0.0 0.435 0.48 1
12 15.2178902166 6.61970686465 0.0 0.435 0.48 1
13 14.0980053683 4.79897125264 0.0 0.435 0.48 1
28 5.07220914198 3.12644337625 0.0 0.435 0.48 1
30 5.37254285341 2.05175829814 0.0 0.435 0.48 1
33 4.20635568098 11.0606884177 0.0 0.435 0.48 1
34 3.81004987955 10.4210801545 0.0 0.435 0.48 1
35 10.6688973371 12.5356059799 0.0 0.435 0.48 1
37 10.1921938638 1.39950106552 0.0 0.435 0.48 1
38 14.1222088559 6.0762785007 0.0 0.435 0.48 1
39 14.623536747 5.5781954987 0.0 0.435 0.48 1
74 14.0801158339 12.951351351 0.0 0.435 0.48 1
75 6.20493236198 7.21349244634 0.0 0.435 0.48 1
76 13.4714507369 4.87605836795 0.0 0.435 0.48 1
77 12.8444751753 8.5748079439 0.0 0.435 0.48 1
78 12.907193778 9.19341414476 0.0 0.435 0.48 1
79 13.1677495837 5.95814189985 0.0 0.435 0.48 1
80 11.5614798671 7.10012904148 0.0 0.435 0.48 1
81 11.7565810237 6.45097438625 0.0 0.435 0.48 1
82 12.1916124053 10.1996038604 0.0 0.435 0.48 1
83 12.4751089079 7.91944813389 0.0 0.435 0.48 1
84 12.4858426285 10.8597368664 0.0 0.435 0.48 1
85 11.9449472968 10.9306188269 0.0 0.435 0.48 1
86 2.27302318396 3.60972947067 0.0 0.435 0.48 1
217 7.95726486472 4.62045372245 0.0 0.435 0.48 1
219 9.29287645041 3.64648307982 0.0 0.435 0.48 1
220 8.00672416548 5.30755528583 0.0 0.435 0.48 1
300 13.1033472602 11.2153399679 0.0 0.435 0.48 1
301 13.4901821317 11.0881342947 0.0 0.435 0.48 1
305 13.5009158523 12.6045786621 0.0 0.435 0.48 1
315 0.757674394652 8.16693834619 0.0 0.435 0.48 1
316 9.05799738806 9.06358321372 0.0 0.435 0.48 1
317 9.146182269 10.4072378861 0.0 0.435 0.48 1
410 2.80192200444 0.487581970815 0.0 0.435 0.48 1
411 8.26917415719 3.68968050357 0.0 0.435 0.48 1
