142 8.69220902753 9.37622755134 0.0 0.435 0.48 1
160 11.6387205623 12.677369901 0.0 0.435 0.48 1
165 12.2015042654 9.81034972702 0.0 0.435 0.48 1
166 13.7056984039 8.9125115605 0.0 0.435 0.48 1
167 12.1865612426 9.13374919483 0.0 0.435 0.48 1
168 10.9166147712 9.14425022602 0.0 0.435 0.48 1
169 5.95553120707 7.71610998454 0.0 0.435 0.48 1
170 9.4370450505 2.9970897648 0.0 0.435 0.48 1
171 3.26052547832 6.80299759083 0.0 0.435 0.48 1
172 3.21043478223 5.95098210585 0.0 0.435 0.48 1
173 9.78452294649 5.46769601144 0.0 0.435 0.48 1
174 1.54313018377 4.83763414019 0.0 0.435 0.48 1
256 8.31231950466 5.51566663118 0.0 0.435 0.48 1
282 6.30300910307 4.12881453504 0.0 0.435 0.48 1
283 13.2694042317 11.6761920412 0.0 0.435 0.48 1
284 13.715379799 11.8967136961 0.0 0.435 0.48 1
285 13.8519716551 11.0489940875 0.0 0.435 0.48 1
286 13.9527844426 8.05476824033 0.0 0.435 0.48 1
333 8.39755787406 6.85240016937 0.0 0.435 0.48 1
334 3.03995804343 12.1716497854 0.0 0.435 0.48 1
335 7.42352534671 8.96119815964 0.0 0.435 0.48 1
336 7.12466489104 8.47051361143 0.0 0.435 0.48 1
360 8.9952787854 7.89486617452 0.0 0.435 0.48 1
361 10.9441857005 8.35309298997 0.0 0.435 0.48 1
362 14.4181228 11.9468322541 0.0 0.435 0.48 1
363 14.8803041807 11.9191477173 0.0 0.435 0.48 1
399 12.3286251916 12.5940776309 0.0 0.435 0.48 1
430 10.4346496701 9.37336363375 0.0 0.435 0.48 1
431 9.81440899206 9.27288785807 0.0 0.435 0.48 1
432 9.0281113425 9.02277238797 0.0 0.435 0.48 1
