121 2.81013014372 6.7426166615 0.0 0.435 0.48 1
123 3.21443361931 7.14475842402 0.0 0.435 0.48 1
127 2.23492899911 12.9219961957 0.0 0.435 0.48 1
128 1.62289646032 12.3685441201 0.0 0.435 0.48 1
129 3.1748661787 11.0590177991 0.0 0.435 0.48 1
130 3.50403361016 11.8091255496 0.0 0.435 0.48 1
132 3.00586269567 11.7026832789 0.0 0.435 0.48 1
133 4.14363707831 11.6141404933 0.0 0.435 0.48 1
134 2.62239526593 13.2346405333 0.0 0.435 0.48 1
137 2.72362898366 5.07032744491 0.0 0.435 0.48 1
138 2.72931154162 5.82329911301 0.0 0.435 0.48 1
140 3.69534639481 6.22520221573 0.0 0.435 0.48 1
141 3.94327429394 5.63929240743 0.0 0.435 0.48 1
142 8.28327531953 9.40057085091 0.0 0.435 0.48 1
143 11.4493019636 10.1191755079 0.0 0.435 0.48 1
144 11.9348449715 9.62682034104 0.0 0.435 0.48 1
145 11.7649996281 11.5726136881 0.0 0.435 0.48 1
232 12.2010833352 7.87648936994 0.0 0.435 0.48 1
233 12.7240891326 7.47005173103 0.0 0.435 0.48 1
238 12.4504844901 8.4079847439 0.0 0.435 0.48 1
248 11.6130438189 5.22116043833 0.0 0.435 0.48 1
249 12.187192638 4.81615475822 0.0 0.435 0.48 1
253 10.7787601244 7.71563266494 0.0 0.435 0.48 1
254 10.0709659607 8.12660484004 0.0 0.435 0.48 1
256 1.05127322258 5.82210581401 0.0 0.435 0.48 1
257 4.68916264246 8.39127855792 0.0 0.435 0.48 1
258 4.90467891471 7.67720843718 0.0 0.435 0.48 1
259 0.953196481494 7.03927079255 0.0 0.435 0.48 1
277 11.3497519668 8.86072238396 0.0 0.435 0.48 1
324 5.98857422928 9.56834869011 0.0 0.435 0.48 1
325 4.98486612148 9.34830435478 0.0 0.435 0.48 1
326 3.83719987869 12.2759441179 0.0 0.435 0.48 1
327 3.1618173419 8.64545124462 0.0 0.435 0.48 1
376 7.57358696987 8.01538937338 0.0 0.435 0.48 1
386 14.9804855729 11.2594920309 0.0 0.435 0.48 1
