142 9.31371249626 9.25856827008 0.0 0.435 0.48 1
150 0.408512777783 7.30609244863 0.0 0.435 0.48 1
152 0.619398817628 5.81566199942 0.0 0.435 0.48 1
153 0.315697664438 5.17891765378 0.0 0.435 0.48 1
154 0.499433705141 4.51926196737 0.0 0.435 0.48 1
155 13.2473053952 4.37869134534 0.0 0.435 0.48 1
156 6.97797070963 6.90108676851 0.0 0.435 0.48 1
158 7.49255790267 6.39608263232 0.0 0.435 0.48 1
159 5.66298470469 7.36671203776 0.0 0.435 0.48 1
160 13.3131809745 10.3034208732 0.0 0.435 0.48 1
161 14.3301483842 2.93551553648 0.0 0.435 0.48 1
162 0.700638349943 8.15214143861 0.0 0.435 0.48 1
163 0.166056971495 7.61587286866 0.0 0.435 0.48 1
232 13.024212379 7.80345947123 0.0 0.435 0.48 1
233 13.5960460818 8.20393061515 0.0 0.435 0.48 1
238 12.6649484368 8.31872597881 0.0 0.435 0.48 1
248 11.9824100863 5.4113722987 0.0 0.435 0.48 1
249 12.4500635599 4.92044909069 0.0 0.435 0.48 1
256 7.96252649246 5.44144343347 0.0 0.435 0.48 1
259 11.1738031351 8.70487753475 0.0 0.435 0.48 1
260 11.3230228979 7.51277183518 0.0 0.435 0.48 1
261 6.99586024395 5.48917539341 0.0 0.435 0.48 1
329 6.48001026026 9.37360229355 0.0 0.435 0.48 1
330 5.08168007191 8.17290484119 0.0 0.435 0.48 1
331 5.86692539592 9.70080487895 0.0 0.435 0.48 1
332 6.69531606741 10.2745430375 0.0 0.435 0.48 1
355 14.1668274591 3.47440936423 0.0 0.435 0.48 1
358 12.0215565967 12.4909765974 0.0 0.435 0.48 1
359 11.3120787122 13.5623204383 0.0 0.435 0.48 1
376 1.50377320827 13.6143482747 0.0 0.435 0.48 1
391 14.844314647 4.40971711931 0.0 0.435 0.48 1
393 12.5641356493 12.3024353556 0.0 0.435 0.48 1
394 12.2280228692 13.0546910443 0.0 0.435 0.48 1
395 11.5646368437 12.0809590615 0.0 0.435 0.48 1
396 9.11061366547 8.64425794562 0.0 0.435 0.48 1
415 2.42518945821 5.05505321773 0.0 0.435 0.48 1
416 2.94840572074 5.68010323318 0.0 0.435 0.48 1
