4 5.25363006647 6.96743419283 0.0 0.435 0.48 1
10 14.5957553525 4.2481444349 0.0 0.435 0.48 1
11 14.3208879194 7.17029502259 0.0 0.435 0.48 1
12 14.8758844134 6.67937181458 0.0 0.435 0.48 1
13 14.0329716494 5.51137075478 0.0 0.435 0.48 1
27 0.231511620588 5.28631456365 0.0 0.435 0.48 1
28 5.20753820746 2.25700572589 0.0 0.435 0.48 1
29 0.383677894847 5.82138983461 0.0 0.435 0.48 1
30 5.90565097609 1.55844849213 0.0 0.435 0.48 1
33 4.5611998558 10.2003198398 0.0 0.435 0.48 1
34 4.20930219251 9.54639198854 0.0 0.435 0.48 1
35 10.8616833776 12.1179513305 0.0 0.435 0.48 1
36 11.5370659143 12.7272497991 0.0 0.435 0.48 1
37 10.7728671013 1.7465124143 0.0 0.435 0.48 1
38 14.5115693087 5.95456200285 0.0 0.435 0.48 1
74 14.0216065335 12.9291559897 0.0 0.435 0.48 1
75 6.11422189973 7.19129708497 0.0 0.435 0.48 1
76 13.3742158563 5.86745117596 0.0 0.435 0.48 1
77 12.4915251865 8.65189505921 0.0 0.435 0.48 1
78 12.4479589088 9.26572806407 0.0 0.435 0.48 1
79 12.4422763508 6.56744036851 0.0 0.435 0.48 1
80 10.9652322115 7.04046409155 0.0 0.435 0.48 1
81 10.8585264009 6.33952025979 0.0 0.435 0.48 1
82 12.1560438018 10.689811089 0.0 0.435 0.48 1
83 13.1961623735 8.30536103003 0.0 0.435 0.48 1
84 12.2930565881 11.2797781139 0.0 0.435 0.48 1
85 11.8498170672 11.4079384263 0.0 0.435 0.48 1
86 1.63215692515 3.47798926122 0.0 0.435 0.48 1
217 8.73851135165 4.04003308955 0.0 0.435 0.48 1
219 9.75884620312 2.86224697796 0.0 0.435 0.48 1
220 8.94013692667 4.68489186838 0.0 0.435 0.48 1
300 13.166276328 11.6088899777 0.0 0.435 0.48 1
301 13.5785774777 11.4420667777 0.0 0.435 0.48 1
305 14.0142402546 12.3967059765 0.0 0.435 0.48 1
315 1.36149879417 8.34068268039 0.0 0.435 0.48 1
316 8.97065436757 9.33708734419 0.0 0.435 0.48 1
317 9.24362761475 10.6680930472 0.0 0.435 0.48 1
410 2.91431037298 0.662758263804 0.0 0.435 0.48 1
411 8.16562532325 3.55841761373 0.0 0.435 0.48 1
