123 0.332955803428 6.94070429527 0.0 0.435 0.48 1
128 0.65202090962 13.0661467147 0.0 0.435 0.48 1
129 1.480201116 12.341336903 0.0 0.435 0.48 1
130 2.35636736737 12.9296333093 0.0 0.435 0.48 1
132 1.96826970522 12.7609008309 0.0 0.435 0.48 1
133 2.92967432599 12.9210415565 0.0 0.435 0.48 1
137 1.62857901828 4.96722641144 0.0 0.435 0.48 1
138 1.5130336731 5.53094085836 0.0 0.435 0.48 1
140 2.28607202075 6.91803161429 0.0 0.435 0.48 1
141 2.94124990702 6.21708778254 0.0 0.435 0.48 1
142 9.08746250341 9.64853838282 0.0 0.435 0.48 1
143 9.99709270721 9.14067032903 0.0 0.435 0.48 1
144 9.76558108662 8.11443319026 0.0 0.435 0.48 1
145 11.2017949947 9.54472136994 0.0 0.435 0.48 1
146 12.9869600546 0.993540746207 0.0 0.435 0.48 1
147 13.6724449166 1.60045261688 0.0 0.435 0.48 1
232 12.2412821711 7.88364916393 0.0 0.435 0.48 1
233 12.7449251785 7.47005173103 0.0 0.435 0.48 1
238 12.4746879777 8.41800845549 0.0 0.435 0.48 1
248 11.6492438178 5.23810528411 0.0 0.435 0.48 1
249 12.2036089165 4.8299970266 0.0 0.435 0.48 1
253 12.4826856519 8.89365743632 0.0 0.435 0.48 1
254 11.8094077662 8.92802444748 0.0 0.435 0.48 1
256 1.24174414679 4.19086608297 0.0 0.435 0.48 1
257 7.06889163699 9.00893011958 0.0 0.435 0.48 1
258 7.16844163385 8.09534040628 0.0 0.435 0.48 1
259 2.23366620846 7.58436977509 0.0 0.435 0.48 1
277 9.22194970846 8.45380742545 0.0 0.435 0.48 1
324 6.08096841241 8.95141310785 0.0 0.435 0.48 1
325 5.67203470441 8.9139435193 0.0 0.435 0.48 1
326 4.04135103503 11.827741014 0.0 0.435 0.48 1
327 3.73575569585 9.60367034047 0.0 0.435 0.48 1
328 3.61999988556 12.2986167988 0.0 0.435 0.48 1
354 11.5029705666 11.9840631828 0.0 0.435 0.48 1
376 7.54201720343 7.97959040342 0.0 0.435 0.48 1
