3 13.4527193422 9.06549249212 0.0 0.435 0.48 1
4 3.14013943561 6.60013676108 0.0 0.435 0.48 1
5 2.63818014916 12.6489693848 0.0 0.435 0.48 1
7 5.86019051241 6.61612696766 0.0 0.435 0.48 1
8 6.63701723204 6.83569398339 0.0 0.435 0.48 1
9 12.7207216909 12.3141296858 0.0 0.435 0.48 1
10 6.88220908475 8.37695896994 0.0 0.435 0.48 1
11 7.62725557283 8.09056721029 0.0 0.435 0.48 1
12 6.43728584301 8.14903886122 0.0 0.435 0.48 1
13 6.7039451369 7.61038369326 0.0 0.435 0.48 1
14 13.8235588653 10.1898188086 0.0 0.435 0.48 1
15 14.5220925642 9.29579919884 0.0 0.435 0.48 1
16 13.3676914379 10.3652337614 0.0 0.435 0.48 1
17 4.82975333569 6.11255479026 0.0 0.435 0.48 1
19 11.7599484654 4.30279752903 0.0 0.435 0.48 1
20 11.4105763835 3.9185552515 0.0 0.435 0.48 1
23 7.62767650305 7.39081667753 0.0 0.435 0.48 1
24 11.5557973091 3.21283822374 0.0 0.435 0.48 1
25 6.06139515722 9.06501517252 0.0 0.435 0.48 1
26 10.5337787368 9.06907238911 0.0 0.435 0.48 1
27 12.4408030951 2.61738202346 0.0 0.435 0.48 1
28 13.3594832986 2.76845367668 0.0 0.435 0.48 1
29 12.4258600723 3.44147431187 0.0 0.435 0.48 1
30 13.7993553777 2.41046397711 0.0 0.435 0.48 1
31 14.8664134835 5.35242332817 0.0 0.435 0.48 1
73 12.1133193845 12.4625760812 0.0 0.435 0.48 1
74 12.1905600797 11.8697451387 0.0 0.435 0.48 1
75 3.81510104218 8.47122959083 0.0 0.435 0.48 1
76 4.22677079661 8.11037597366 0.0 0.435 0.48 1
77 1.33624298101 7.26408832388 0.0 0.435 0.48 1
78 1.35034414336 7.90011669011 0.0 0.435 0.48 1
217 6.41855444825 4.92951816308 0.0 0.435 0.48 1
219 8.7307241426 3.45030472446 0.0 0.435 0.48 1
220 7.16696837808 4.48107639942 0.0 0.435 0.48 1
273 12.6178042523 13.1403699124 0.0 0.435 0.48 1
409 8.47037880199 2.67704697339 0.0 0.435 0.48 1
