142 9.19522063954 10.6096213963 0.0 0.435 0.48 1
169 11.3299682465 11.7917033842 0.0 0.435 0.48 1
176 3.52655337689 12.1726044246 0.0 0.435 0.48 1
177 3.26389292007 11.6833518352 0.0 0.435 0.48 1
178 14.0224483939 7.13425739283 0.0 0.435 0.48 1
179 4.83564635876 7.38031564634 0.0 0.435 0.48 1
180 10.2976368838 11.3921868795 0.0 0.435 0.48 1
181 9.19795668596 7.76408060428 0.0 0.435 0.48 1
182 5.19848820775 9.46930487323 0.0 0.435 0.48 1
183 4.29348823636 4.84145269699 0.0 0.435 0.48 1
184 3.60863476964 4.2462351565 0.0 0.435 0.48 1
185 10.4740066456 4.13859958683 0.0 0.435 0.48 1
186 3.92748941072 6.11971458425 0.0 0.435 0.48 1
187 2.29406969492 7.97123731043 0.0 0.435 0.48 1
188 14.569868144 6.96886615163 0.0 0.435 0.48 1
287 0.759358115529 3.43861039427 0.0 0.435 0.48 1
362 8.8816276262 8.73494866951 0.0 0.435 0.48 1
363 9.06704738778 8.25762907009 0.0 0.435 0.48 1
364 4.80954868516 8.29295072044 0.0 0.435 0.48 1
417 8.57056019417 5.28488260485 0.0 0.435 0.48 1
418 7.87749858817 5.05887177453 0.0 0.435 0.48 1
432 9.82345899177 10.4353997425 0.0 0.435 0.48 1
