4 4.99244286543 6.997028008 0.0 0.435 0.48 1
10 14.2535390843 5.73189240972 0.0 0.435 0.48 1
11 13.8509193296 7.6662300864 0.0 0.435 0.48 1
12 13.9538367682 7.19559296136 0.0 0.435 0.48 1
13 13.5246984096 6.5769867605 0.0 0.435 0.48 1
19 0.843544159379 4.98798981401 0.0 0.435 0.48 1
20 0.382836034409 4.23573412531 0.0 0.435 0.48 1
27 1.83862319769 5.2455037379 0.0 0.435 0.48 1
28 6.42192189 0.705717027753 0.0 0.435 0.48 1
29 2.06571505097 5.75766766809 0.0 0.435 0.48 1
30 7.36501604624 0.645813418025 0.0 0.435 0.48 1
33 6.51284281736 9.10105280227 0.0 0.435 0.48 1
34 6.51494746846 8.46263783804 0.0 0.435 0.48 1
35 11.5193868451 11.4635461596 0.0 0.435 0.48 1
36 12.7160914585 12.2239162815 0.0 0.435 0.48 1
37 11.2588310394 2.31762531502 0.0 0.435 0.48 1
74 13.4156774829 12.7656740269 0.0 0.435 0.48 1
75 5.53039168563 7.39487389412 0.0 0.435 0.48 1
76 12.9132972662 7.47577956622 0.0 0.435 0.48 1
77 11.1546508102 8.97360846923 0.0 0.435 0.48 1
78 10.9906984898 9.56118889612 0.0 0.435 0.48 1
79 9.8459787585 7.18795584777 0.0 0.435 0.48 1
80 8.80880669827 6.79655377624 0.0 0.435 0.48 1
81 8.73809042143 6.03308107696 0.0 0.435 0.48 1
82 11.8312961376 11.5602033785 0.0 0.435 0.48 1
83 12.9284507541 10.4914847954 0.0 0.435 0.48 1
84 12.1049007801 12.0718899891 0.0 0.435 0.48 1
85 11.7919391621 12.2449183439 0.0 0.435 0.48 1
217 9.97604619625 1.82479282861 0.0 0.435 0.48 1
219 11.0704647663 1.06036549013 0.0 0.435 0.48 1
220 10.4538019951 2.62263253905 0.0 0.435 0.48 1
315 2.76803712179 8.58339969669 0.0 0.435 0.48 1
316 9.35517412285 10.8745337739 0.0 0.435 0.48 1
317 9.34254621628 11.1136708933 0.0 0.435 0.48 1
410 3.96979289776 1.21716497854 0.0 0.435 0.48 1
411 8.15341834689 3.0787114163 0.0 0.435 0.48 1
