189 13.9384728152 5.61876766465 0.0 0.435 0.48 1
190 13.6078321279 5.04980270214 0.0 0.435 0.48 1
191 4.76640333769 10.0969801465 0.0 0.435 0.48 1
192 5.21364169564 9.63374147523 0.0 0.435 0.48 1
193 9.86176364172 10.8931492383 0.0 0.435 0.48 1
198 6.47474863252 8.65690691501 0.0 0.435 0.48 1
200 4.9657137965 6.86504913876 0.0 0.435 0.48 1
201 6.4459149125 4.84121403719 0.0 0.435 0.48 1
202 2.3744673668 4.4123423771 0.0 0.435 0.48 1
203 0.321169757289 3.9982676246 0.0 0.435 0.48 1
204 13.6705507306 3.15388925321 0.0 0.435 0.48 1
263 7.19790674919 9.9103481831 0.0 0.435 0.48 1
291 13.2717193479 9.36691981915 0.0 0.435 0.48 1
362 4.11711847449 9.31918785921 0.0 0.435 0.48 1
363 4.57403822749 9.80629251043 0.0 0.435 0.48 1
366 3.12688013371 6.93807903747 0.0 0.435 0.48 1
369 13.8107204936 12.9067219685 0.0 0.435 0.48 1
401 10.0415008453 12.3890688629 0.0 0.435 0.48 1
402 10.4285461819 11.9609131822 0.0 0.435 0.48 1
433 11.20242639 5.79084138025 0.0 0.435 0.48 1
