51 7.02637768485 0.659894346208 0.0 0.435 0.48 1
52 0.189418598663 7.47005173103 0.0 0.435 0.48 1
54 1.35223832934 13.6019379651 0.0 0.435 0.48 1
55 5.08967774607 6.84166047839 0.0 0.435 0.48 1
56 5.32350448287 7.30967234562 0.0 0.435 0.48 1
57 3.03722199701 6.77053985807 0.0 0.435 0.48 1
58 7.1762288429 3.31092740142 0.0 0.435 0.48 1
59 7.79520673031 3.92881762288 0.0 0.435 0.48 1
60 11.0165856982 2.57370728011 0.0 0.435 0.48 1
61 11.0894066262 3.2503078123 0.0 0.435 0.48 1
62 14.9045076684 6.43044964348 0.0 0.435 0.48 1
72 0.671383699705 6.13117025464 0.0 0.435 0.48 1
96 12.2943193788 9.81249766522 0.0 0.435 0.48 1
98 3.98473592054 8.05500690013 0.0 0.435 0.48 1
99 3.4547847745 7.77410431587 0.0 0.435 0.48 1
100 10.2496508388 4.27201041487 0.0 0.435 0.48 1
101 12.294740309 3.37297894935 0.0 0.435 0.48 1
102 3.05405920578 4.73071454992 0.0 0.435 0.48 1
222 12.0823810134 8.86597289955 0.0 0.435 0.48 1
231 1.41706158311 8.09056721029 0.0 0.435 0.48 1
232 8.94750320551 9.4141744595 0.0 0.435 0.48 1
233 8.71346600361 9.15188733961 0.0 0.435 0.48 1
340 12.861101919 8.98888269641 0.0 0.435 0.48 1
343 12.3867135619 8.26860742087 0.0 0.435 0.48 1
376 14.3575088484 8.95833424204 0.0 0.435 0.48 1
412 7.03479628923 2.71475522174 0.0 0.435 0.48 1
413 7.50560673947 1.81071190043 0.0 0.435 0.48 1
414 6.55241025797 2.04459850415 0.0 0.435 0.48 1
