51 12.4174414679 11.9568559656 0.0 0.435 0.48 1
55 0.420930219251 6.42209655049 0.0 0.435 0.48 1
56 0.540474401518 7.02280326637 0.0 0.435 0.48 1
58 0.439661614008 5.03238053676 0.0 0.435 0.48 1
59 0.771775556997 5.62139292245 0.0 0.435 0.48 1
62 12.1044798499 6.01207901458 0.0 0.435 0.48 1
63 11.3952124305 6.68557696937 0.0 0.435 0.48 1
64 11.716803118 7.38675946093 0.0 0.435 0.48 1
65 12.3231530988 7.55310534133 0.0 0.435 0.48 1
66 12.062386828 6.93497646007 0.0 0.435 0.48 1
67 10.4230740891 3.02954749756 0.0 0.435 0.48 1
68 13.2635112086 8.61084557366 0.0 0.435 0.48 1
69 13.7534739838 8.53829299455 0.0 0.435 0.48 1
70 14.1798762959 8.51251773618 0.0 0.435 0.48 1
71 14.1659855987 9.34758837538 0.0 0.435 0.48 1
72 5.35886262129 3.73645782431 0.0 0.435 0.48 1
98 8.76229390904 10.1031853013 0.0 0.435 0.48 1
99 9.21542529006 10.1191755079 0.0 0.435 0.48 1
103 4.69337194465 3.35245420657 0.0 0.435 0.48 1
104 6.33626259039 7.52422750557 0.0 0.435 0.48 1
105 0.720422070248 4.45935835765 0.0 0.435 0.48 1
106 14.7369774411 4.86865991415 0.0 0.435 0.48 1
107 14.8182169734 5.53762333275 0.0 0.435 0.48 1
222 12.3450414702 7.88173988554 0.0 0.435 0.48 1
232 6.3015358473 9.01251001658 0.0 0.435 0.48 1
233 7.20737767913 8.68077289498 0.0 0.435 0.48 1
236 12.3359914705 9.19150486636 0.0 0.435 0.48 1
237 12.2867426348 9.61297807266 0.0 0.435 0.48 1
238 15.0552006868 1.18924178197 0.0 0.435 0.48 1
314 14.8087460435 9.54448271014 0.0 0.435 0.48 1
320 7.54875208694 11.8296502924 0.0 0.435 0.48 1
340 12.3528286793 8.46884299283 0.0 0.435 0.48 1
343 13.0827216794 8.06503061172 0.0 0.435 0.48 1
345 7.21621721373 10.1728739628 0.0 0.435 0.48 1
346 7.47992999609 9.72968271472 0.0 0.435 0.48 1
347 10.7812857057 8.64831516222 0.0 0.435 0.48 1
349 14.1996600162 12.7582755731 0.0 0.435 0.48 1
376 14.2855297809 8.79031774305 0.0 0.435 0.48 1
412 0.426612777211 3.66891710099 0.0 0.435 0.48 1
413 1.16008368426 3.4128351359 0.0 0.435 0.48 1
421 8.35546485213 4.48680423461 0.0 0.435 0.48 1
422 8.35946368922 5.31757899742 0.0 0.435 0.48 1
423 9.57931946461 5.36435631816 0.0 0.435 0.48 1
424 11.9131670652 3.95817277825 0.0 0.435 0.48 1
425 12.6236972753 4.22523309413 0.0 0.435 0.48 1
426 11.3918449887 5.40468982431 0.0 0.435 0.48 1
