4 4.96950216848 6.9996532658 0.0 0.435 0.48 1
10 13.9197414204 6.14334190442 0.0 0.435 0.48 1
11 13.3605356241 7.88173988554 0.0 0.435 0.48 1
12 13.5821553846 7.35477904777 0.0 0.435 0.48 1
13 13.2033181872 6.60204603947 0.0 0.435 0.48 1
19 1.39517321171 4.97510218483 0.0 0.435 0.48 1
20 1.05443019922 4.34933618998 0.0 0.435 0.48 1
27 2.40435341236 5.1648367256 0.0 0.435 0.48 1
28 7.20590442336 0.278993305865 0.0 0.435 0.48 1
29 2.58135456956 5.69800271816 0.0 0.435 0.48 1
30 7.88802184366 0.530063415164 0.0 0.435 0.48 1
33 7.55780208665 8.83781104319 0.0 0.435 0.48 1
34 7.67797766425 8.25309453389 0.0 0.435 0.48 1
35 11.9087472979 11.2597306907 0.0 0.435 0.48 1
36 12.9050891269 12.1091209179 0.0 0.435 0.48 1
37 11.4932891715 2.4166691319 0.0 0.435 0.48 1
74 13.2279426051 12.6995652624 0.0 0.435 0.48 1
75 5.42726378191 7.47601822602 0.0 0.435 0.48 1
76 12.1859298473 7.59654142488 0.0 0.435 0.48 1
77 10.3942403691 9.03518269755 0.0 0.435 0.48 1
78 10.3233136271 9.59030539169 0.0 0.435 0.48 1
79 8.81785669798 7.47792750442 0.0 0.435 0.48 1
80 7.89875556425 6.73211563032 0.0 0.435 0.48 1
81 7.77226603336 5.87866818654 0.0 0.435 0.48 1
82 11.7881507901 11.7561430741 0.0 0.435 0.48 1
83 12.7979623861 11.1435033682 0.0 0.435 0.48 1
84 12.1387856628 12.2780920561 0.0 0.435 0.48 1
85 11.8016205571 12.3671121614 0.0 0.435 0.48 1
217 9.97604619625 1.29640003204 0.0 0.435 0.48 1
219 11.3566973154 0.570874240915 0.0 0.435 0.48 1
220 10.8311659367 1.89734540772 0.0 0.435 0.48 1
315 3.29756733761 8.73733526751 0.0 0.435 0.48 1
316 9.41010551647 11.2091348131 0.0 0.435 0.48 1
410 4.64075566724 1.22265415393 0.0 0.435 0.48 1
411 8.26917415719 2.89971656652 0.0 0.435 0.48 1
420 14.6948844192 7.85453266837 0.0 0.435 0.48 1
