142 9.25520319578 9.39126311872 0.0 0.435 0.48 1
146 1.97605691427 4.9118573379 0.0 0.435 0.48 1
147 2.34689643743 5.57294498311 0.0 0.435 0.48 1
148 2.10738714268 6.89941614992 0.0 0.435 0.48 1
149 2.05203481885 7.44427647266 0.0 0.435 0.48 1
150 8.16057416062 6.79941769384 0.0 0.435 0.48 1
151 8.06712765195 6.12782901744 0.0 0.435 0.48 1
152 9.6994950422 4.78536764405 0.0 0.435 0.48 1
153 9.51554853639 3.4149830741 0.0 0.435 0.48 1
154 10.3515159518 3.75316401029 0.0 0.435 0.48 1
155 14.5465065169 4.47224598683 0.0 0.435 0.48 1
232 12.46942635 7.92350535049 0.0 0.435 0.48 1
233 13.3723216703 8.10846669526 0.0 0.435 0.48 1
238 12.6100170432 8.46430845664 0.0 0.435 0.48 1
248 11.8548682299 5.3333305442 0.0 0.435 0.48 1
249 12.2962135648 4.90875476051 0.0 0.435 0.48 1
256 4.1499510316 4.21544804234 0.0 0.435 0.48 1
259 7.23116023651 9.17312806179 0.0 0.435 0.48 1
260 1.416851118 6.23522592731 0.0 0.435 0.48 1
325 14.9289216211 6.71636408354 0.0 0.435 0.48 1
328 12.0985868268 9.64710642402 0.0 0.435 0.48 1
329 6.49811025969 9.76476570528 0.0 0.435 0.48 1
330 6.10538236513 10.0831378781 0.0 0.435 0.48 1
331 6.43854863366 10.7487600595 0.0 0.435 0.48 1
332 6.97102536102 10.8060384114 0.0 0.435 0.48 1
354 11.6307228881 8.01348009498 0.0 0.435 0.48 1
355 11.5141252174 8.71323062774 0.0 0.435 0.48 1
376 4.47596148641 10.7158250071 0.0 0.435 0.48 1
389 11.0984566259 12.7246245413 0.0 0.435 0.48 1
391 14.0169763011 9.06525383232 0.0 0.435 0.48 1
392 14.5936507014 8.92277393189 0.0 0.435 0.48 1
