64 6.06034283167 7.08652543289 0.0 0.435 0.48 1
65 6.04266376246 7.64498936422 0.0 0.435 0.48 1
66 5.84356376875 6.52519758397 0.0 0.435 0.48 1
67 1.62605343697 6.37531922975 0.0 0.435 0.48 1
70 6.02014399573 8.0795888595 0.0 0.435 0.48 1
71 6.32594980001 8.35834350556 0.0 0.435 0.48 1
72 7.00848815053 0.771587132474 0.0 0.435 0.48 1
103 6.30490328905 0.605718571673 0.0 0.435 0.48 1
104 4.82196612663 7.37196255335 0.0 0.435 0.48 1
106 5.77916144521 5.13118569384 0.0 0.435 0.48 1
107 5.74569749278 5.84716509298 0.0 0.435 0.48 1
108 7.07709977627 7.4994068864 0.0 0.435 0.48 1
109 7.25073349171 8.08531669469 0.0 0.435 0.48 1
110 4.95792658745 8.00870689898 0.0 0.435 0.48 1
111 8.73367065413 7.00036924519 0.0 0.435 0.48 1
112 8.6848427487 6.38772953933 0.0 0.435 0.48 1
113 12.2579089148 9.15260331901 0.0 0.435 0.48 1
114 14.5523995399 5.65575993361 0.0 0.435 0.48 1
115 14.7115111628 6.61087645206 0.0 0.435 0.48 1
116 14.8567320885 6.07007334591 0.0 0.435 0.48 1
222 15.1492785908 3.00711347639 0.0 0.435 0.48 1
232 6.32026724205 9.00415692359 0.0 0.435 0.48 1
233 6.14726492194 8.47146825063 0.0 0.435 0.48 1
236 3.58485221225 8.48841309641 0.0 0.435 0.48 1
237 3.63915221054 9.25474971329 0.0 0.435 0.48 1
238 6.67469048666 8.81895691901 0.0 0.435 0.48 1
239 0.738522069676 3.12859131444 0.0 0.435 0.48 1
240 5.50892424445 11.184314194 0.0 0.435 0.48 1
241 6.1615765494 10.9463703737 0.0 0.435 0.48 1
242 4.43365799937 3.71497844234 0.0 0.435 0.48 1
243 0.920363924392 7.26790688067 0.0 0.435 0.48 1
244 0.29212557216 8.11443319026 0.0 0.435 0.48 1
245 0.180579064059 7.51205585578 0.0 0.435 0.48 1
320 5.04484867772 12.4186626781 0.0 0.435 0.48 1
321 11.1967438321 12.481907525 0.0 0.435 0.48 1
345 3.12498594772 12.798847739 0.0 0.435 0.48 1
346 2.94356502322 12.3494513362 0.0 0.435 0.48 1
350 13.490813527 10.835154907 0.0 0.435 0.48 1
351 13.9077449092 11.0516193453 0.0 0.435 0.48 1
352 12.540563557 11.4208260555 0.0 0.435 0.48 1
353 12.7173542491 12.0105544206 0.0 0.435 0.48 1
376 14.1737728077 8.69103526636 0.0 0.435 0.48 1
421 1.56480809007 4.79563001544 0.0 0.435 0.48 1
422 1.12304182496 5.30516868783 0.0 0.435 0.48 1
423 1.95353714754 5.63881508783 0.0 0.435 0.48 1
425 4.16026382197 6.83951254019 0.0 0.435 0.48 1
426 2.89115921093 5.92019499169 0.0 0.435 0.48 1
