142 7.42205209094 9.9086775645 0.0 0.435 0.48 1
169 10.4165496707 11.1046018209 0.0 0.435 0.48 1
171 14.848103019 6.37484191015 0.0 0.435 0.48 1
172 15.1391762656 5.52306508497 0.0 0.435 0.48 1
176 4.55278125142 10.2222765413 0.0 0.435 0.48 1
177 4.2046719601 9.70128219855 0.0 0.435 0.48 1
178 12.2069763583 4.94025785407 0.0 0.435 0.48 1
179 6.50758118962 7.42709296708 0.0 0.435 0.48 1
180 11.3303891767 10.5494791267 0.0 0.435 0.48 1
181 6.36593817084 6.48104552102 0.0 0.435 0.48 1
182 8.62906949465 7.89963937052 0.0 0.435 0.48 1
183 1.98889528596 5.05815579513 0.0 0.435 0.48 1
184 1.41011623449 4.00948463519 0.0 0.435 0.48 1
185 14.133994902 3.96748051044 0.0 0.435 0.48 1
186 0.763988347941 5.9151831359 0.0 0.435 0.48 1
287 2.88063595544 3.96485525264 0.0 0.435 0.48 1
288 11.4297287084 12.2523167977 0.0 0.435 0.48 1
362 10.1717787482 9.00725950099 0.0 0.435 0.48 1
363 10.4173915311 8.51323371558 0.0 0.435 0.48 1
364 7.26188814252 8.37170845435 0.0 0.435 0.48 1
432 7.48919046091 9.13303321543 0.0 0.435 0.48 1
