4 4.92383123969 7.00490378139 0.0 0.435 0.48 1
10 13.2502519067 7.11540326866 0.0 0.435 0.48 1
11 12.4273333281 7.84570225578 0.0 0.435 0.48 1
12 12.6161205314 7.27124811787 0.0 0.435 0.48 1
13 12.8949868016 6.59059036909 0.0 0.435 0.48 1
19 2.50453480454 5.03572177395 0.0 0.435 0.48 1
20 2.22230109254 4.53644547295 0.0 0.435 0.48 1
23 13.9628867679 9.61560333045 0.0 0.435 0.48 1
26 2.36183946022 13.1236637264 0.0 0.435 0.48 1
27 3.48719640139 4.81520011902 0.0 0.435 0.48 1
28 8.77639507138 -0.119329899857 0.0 0.435 0.48 1
29 3.44405105391 5.4175774535 0.0 0.435 0.48 1
30 8.3634625263 0.518846404577 0.0 0.435 0.48 1
33 9.64624736947 8.61561876966 0.0 0.435 0.48 1
34 10.0326613107 8.35309298997 0.0 0.435 0.48 1
35 12.8922507552 10.9038889293 0.0 0.435 0.48 1
36 13.2803484174 11.5852626575 0.0 0.435 0.48 1
37 13.0433647039 2.26321088068 0.0 0.435 0.48 1
74 12.8741507558 12.5415724749 0.0 0.435 0.48 1
75 5.33423820346 7.62446462145 0.0 0.435 0.48 1
76 10.4601159484 7.8280414306 0.0 0.435 0.48 1
77 9.0499997139 8.97360846923 0.0 0.435 0.48 1
78 9.02011366833 9.64185590842 0.0 0.435 0.48 1
79 6.89609978199 8.31610072102 0.0 0.435 0.48 1
80 6.06371027342 6.64595944262 0.0 0.435 0.48 1
81 5.72044167962 6.06673210872 0.0 0.435 0.48 1
82 11.9163240419 11.9389564807 0.0 0.435 0.48 1
83 12.4835275123 11.9465935943 0.0 0.435 0.48 1
217 9.83440317747 0.936262394276 0.0 0.435 0.48 1
219 11.4347798711 0.260855161087 0.0 0.435 0.48 1
220 10.8837822141 1.32718714621 0.0 0.435 0.48 1
315 4.62497078402 9.0750388841 0.0 0.435 0.48 1
410 5.62573238029 0.753210327896 0.0 0.435 0.48 1
411 8.57434856614 2.62406449785 0.0 0.435 0.48 1
419 14.9160832494 6.7483444967 0.0 0.435 0.48 1
420 14.1922937374 7.02447388497 0.0 0.435 0.48 1
