114 0.17426511077 5.34072899799 0.0 0.435 0.48 1
115 1.12577787139 6.34715737338 0.0 0.435 0.48 1
116 1.08431624479 5.84119859799 0.0 0.435 0.48 1
121 5.55733121966 7.56551565092 0.0 0.435 0.48 1
122 4.2570777724 10.1299151988 0.0 0.435 0.48 1
123 5.80610097924 7.86527235936 0.0 0.435 0.48 1
124 3.90917894618 11.1776317196 0.0 0.435 0.48 1
125 13.9018518861 2.81045780143 0.0 0.435 0.48 1
126 13.6486623592 1.89734540772 0.0 0.435 0.48 1
127 6.48232537647 8.63948474963 0.0 0.435 0.48 1
128 6.28490910364 7.86455637996 0.0 0.435 0.48 1
129 6.74751141459 7.1667151256 0.0 0.435 0.48 1
130 7.04447768428 8.55380588153 0.0 0.435 0.48 1
131 4.87689752024 9.87478787294 0.0 0.435 0.48 1
132 6.9706044308 7.8280414306 0.0 0.435 0.48 1
133 7.18085907531 8.95069712845 0.0 0.435 0.48 1
134 7.81646370638 7.47697286522 0.0 0.435 0.48 1
135 5.19848820775 6.20849602975 0.0 0.435 0.48 1
136 8.51162996348 6.58701047209 0.0 0.435 0.48 1
137 11.4514066147 5.6645903462 0.0 0.435 0.48 1
138 11.5669519599 6.32305273361 0.0 0.435 0.48 1
139 12.2166577533 6.67507593819 0.0 0.435 0.48 1
140 14.0664356018 6.80323625063 0.0 0.435 0.48 1
141 14.6372169791 6.02114808697 0.0 0.435 0.48 1
232 11.5610589368 7.77959349126 0.0 0.435 0.48 1
233 11.5387496352 7.21659502374 0.0 0.435 0.48 1
238 11.4930787064 8.39987031071 0.0 0.435 0.48 1
243 13.1711170255 10.6003136641 0.0 0.435 0.48 1
244 11.7414275358 10.2229925207 0.0 0.435 0.48 1
245 12.1684612432 9.80676983003 0.0 0.435 0.48 1
246 13.8081949123 4.59324650529 0.0 0.435 0.48 1
247 14.5366146567 3.97153772703 0.0 0.435 0.48 1
248 10.4580112973 5.17820167438 0.0 0.435 0.48 1
249 10.5337787368 4.43907227467 0.0 0.435 0.48 1
250 9.70244155374 0.202860829756 0.0 0.435 0.48 1
251 6.44023235454 9.17646929898 0.0 0.435 0.48 1
252 5.66635214645 9.06000331672 0.0 0.435 0.48 1
253 1.50587785937 7.51348781458 0.0 0.435 0.48 1
254 1.19523135756 6.83808058139 0.0 0.435 0.48 1
255 0.983924387499 3.96175267524 0.0 0.435 0.48 1
321 4.47996032349 4.60279289727 0.0 0.435 0.48 1
322 6.60860444224 8.97527908782 0.0 0.435 0.48 1
323 13.7012786366 11.2408765665 0.0 0.435 0.48 1
324 3.55622895734 11.9222502947 0.0 0.435 0.48 1
325 3.60147895591 12.3873982443 0.0 0.435 0.48 1
376 9.16322994288 8.62086928525 0.0 0.435 0.48 1
381 10.7522415205 13.5215096126 0.0 0.435 0.48 1
382 11.9754647377 13.1382219742 0.0 0.435 0.48 1
383 11.5244380078 12.953737949 0.0 0.435 0.48 1
384 14.6313239561 0.819080432617 0.0 0.435 0.48 1
386 14.8939844129 4.54241196795 0.0 0.435 0.48 1
