142 6.33668352061 9.45570126465 0.0 0.435 0.48 1
169 7.70849510514 9.84089818138 0.0 0.435 0.48 1
171 9.26046482352 6.92113419169 0.0 0.435 0.48 1
172 9.51512760617 6.1645826266 0.0 0.435 0.48 1
173 1.77253715327 5.97985994162 0.0 0.435 0.48 1
174 11.0889856959 3.92810164348 0.0 0.435 0.48 1
176 9.2840369158 5.86267797996 0.0 0.435 0.48 1
177 9.41157877223 5.24120786151 0.0 0.435 0.48 1
178 3.9422219684 4.63811454763 0.0 0.435 0.48 1
179 12.3486193771 7.92994916508 0.0 0.435 0.48 1
180 14.3884472195 8.06861050871 0.0 0.435 0.48 1
286 5.58700680012 7.52685276336 0.0 0.435 0.48 1
287 10.8980938415 4.52761506036 0.0 0.435 0.48 1
288 14.6180646542 8.70917341114 0.0 0.435 0.48 1
333 14.3006832688 3.63622070843 0.0 0.435 0.48 1
360 2.73604642513 7.45310688525 0.0 0.435 0.48 1
361 2.86358828156 8.2473666987 0.0 0.435 0.48 1
362 13.3628507403 9.62896827924 0.0 0.435 0.48 1
363 13.7701007275 9.164536309 0.0 0.435 0.48 1
364 12.1185810122 9.84233014018 0.0 0.435 0.48 1
432 6.15189515435 8.71275330814 0.0 0.435 0.48 1
