51 7.77226603336 2.5844469711 0.0 0.435 0.48 1
55 4.34189521157 6.67483727839 0.0 0.435 0.48 1
56 4.48964171853 7.23759708611 0.0 0.435 0.48 1
57 2.08213132953 6.88700584033 0.0 0.435 0.48 1
58 6.21924398943 3.6634279256 0.0 0.435 0.48 1
59 6.67826839353 4.24074598111 0.0 0.435 0.48 1
60 10.8370589597 2.71738047954 0.0 0.435 0.48 1
61 10.8195903556 3.30209698884 0.0 0.435 0.48 1
62 14.0548600208 6.5774640801 0.0 0.435 0.48 1
63 14.0365495563 7.50895327838 0.0 0.435 0.48 1
64 15.2334646347 6.9163609957 0.0 0.435 0.48 1
72 0.888794157949 5.63976972703 0.0 0.435 0.48 1
96 13.3519065546 10.0886270535 0.0 0.435 0.48 1
98 4.19520103017 8.06503061172 0.0 0.435 0.48 1
99 4.17899521672 7.58436977509 0.0 0.435 0.48 1
100 12.0466019447 3.39183307353 0.0 0.435 0.48 1
101 14.2794262928 2.03600675136 0.0 0.435 0.48 1
102 4.7600893844 5.15672229241 0.0 0.435 0.48 1
222 11.7033333509 8.63256361544 0.0 0.435 0.48 1
231 0.580252307238 7.8313826678 0.0 0.435 0.48 1
232 8.24307648359 9.48792033761 0.0 0.435 0.48 1
233 8.6126532161 9.13661311243 0.0 0.435 0.48 1
340 12.5666612306 8.43590794047 0.0 0.435 0.48 1
343 11.8702321829 7.94737133046 0.0 0.435 0.48 1
345 11.1405496478 12.4420513385 0.0 0.435 0.48 1
346 11.6311438183 12.1430106094 0.0 0.435 0.48 1
347 9.6317252769 11.6986260624 0.0 0.435 0.48 1
376 14.3480379185 8.9146594987 0.0 0.435 0.48 1
412 6.09422771432 3.13431914964 0.0 0.435 0.48 1
413 6.64227885978 2.39614438912 0.0 0.435 0.48 1
414 5.58595447457 2.52621397997 0.0 0.435 0.48 1
