203 10.4110775778 4.17105731959 0.0 0.435 0.48 1
204 11.5656891693 5.4099403399 0.0 0.435 0.48 1
205 13.7509484025 10.5683332509 0.0 0.435 0.48 1
206 14.0441263002 10.0845698369 0.0 0.435 0.48 1
208 14.7424495339 2.47561810243 0.0 0.435 0.48 1
209 14.2295460618 2.11929902146 0.0 0.435 0.48 1
266 13.1645926071 8.21896618253 0.0 0.435 0.48 1
267 12.6971495986 2.8309825442 0.0 0.435 0.48 1
268 7.8278288223 7.7485677173 0.0 0.435 0.48 1
269 7.55822301687 8.33519350499 0.0 0.435 0.48 1
270 4.60602892415 6.22902077252 0.0 0.435 0.48 1
271 3.90033941158 5.10612641487 0.0 0.435 0.48 1
272 1.27520809922 7.97648782602 0.0 0.435 0.48 1
292 9.84029620054 5.52616766236 0.0 0.435 0.48 1
293 6.58250676865 6.98700429641 0.0 0.435 0.48 1
294 6.39519282108 6.44214397367 0.0 0.435 0.48 1
295 9.3604357506 5.36387899856 0.0 0.435 0.48 1
296 8.547198567 9.40319610871 0.0 0.435 0.48 1
297 8.83511483697 7.40465894591 0.0 0.435 0.48 1
338 2.48348829358 12.458041545 0.0 0.435 0.48 1
339 2.754988285 12.9587498048 0.0 0.435 0.48 1
375 12.206344963 11.8320368904 0.0 0.435 0.48 1
404 11.3819531285 12.6279673224 0.0 0.435 0.48 1
405 11.8792821826 12.6456281476 0.0 0.435 0.48 1
406 13.6034123606 11.1609255336 0.0 0.435 0.48 1
434 11.7064903276 4.7493300143 0.0 0.435 0.48 1
