64 3.78100569442 6.76123212588 0.0 0.435 0.48 1
65 3.66524988413 7.29797801544 0.0 0.435 0.48 1
66 3.76501034609 6.30061871244 0.0 0.435 0.48 1
70 3.47835686678 8.15500535621 0.0 0.435 0.48 1
71 3.68082430224 8.75809867008 0.0 0.435 0.48 1
72 6.96492187284 0.906907238911 0.0 0.435 0.48 1
103 6.3453125901 0.636267026036 0.0 0.435 0.48 1
104 2.33132201932 6.97650326522 0.0 0.435 0.48 1
106 3.02017432313 5.10731971387 0.0 0.435 0.48 1
107 3.01575455582 5.73809756451 0.0 0.435 0.48 1
108 4.49532427649 7.92613060828 0.0 0.435 0.48 1
109 4.71715450204 8.3299429894 0.0 0.435 0.48 1
110 7.40837185882 9.84710333618 0.0 0.435 0.48 1
111 5.21764053273 6.68844088697 0.0 0.435 0.48 1
112 5.14524053502 5.89322643432 0.0 0.435 0.48 1
113 8.05786718712 8.99055331501 0.0 0.435 0.48 1
114 11.7551077679 5.95981251844 0.0 0.435 0.48 1
115 11.8498170672 6.9103945007 0.0 0.435 0.48 1
116 12.0329217126 6.39345737452 0.0 0.435 0.48 1
117 11.9041170655 5.23476404691 0.0 0.435 0.48 1
118 13.2919239984 7.56981152731 0.0 0.435 0.48 1
119 13.511860038 8.67122650299 0.0 0.435 0.48 1
232 7.2132707022 8.32182855621 0.0 0.435 0.48 1
233 7.20590442336 7.72971359312 0.0 0.435 0.48 1
236 1.12619880161 8.22493267752 0.0 0.435 0.48 1
237 1.65909645918 8.76382650528 0.0 0.435 0.48 1
238 7.18864628437 8.94831053046 0.0 0.435 0.48 1
242 8.93382297338 3.48610369441 0.0 0.435 0.48 1
243 2.60366387118 7.61324761086 0.0 0.435 0.48 1
244 1.5721743689 7.94975792846 0.0 0.435 0.48 1
245 1.69319180694 7.47219966923 0.0 0.435 0.48 1
321 10.2391275833 11.6854997734 0.0 0.435 0.48 1
350 14.306786757 9.61608065005 0.0 0.435 0.48 1
351 14.6433204673 10.1115383943 0.0 0.435 0.48 1
352 13.665499568 9.78719972645 0.0 0.435 0.48 1
353 14.059069323 10.2862373676 0.0 0.435 0.48 1
376 14.1342053671 8.66287341 0.0 0.435 0.48 1
421 0.274446502952 5.28297332646 0.0 0.435 0.48 1
425 1.65614994764 6.70992026894 0.0 0.435 0.48 1
426 0.613716259668 6.51803778997 0.0 0.435 0.48 1
427 11.6984926534 12.5434817533 0.0 0.435 0.48 1
428 11.7018600952 11.5427812131 0.0 0.435 0.48 1
429 12.2223403113 11.7800090541 0.0 0.435 0.48 1
