51 7.99767416577 3.31737121602 0.0 0.435 0.48 1
55 4.08828475448 6.59894346208 0.0 0.435 0.48 1
56 4.18425684447 7.19917285836 0.0 0.435 0.48 1
57 1.78895343182 6.92113419169 0.0 0.435 0.48 1
58 5.92901260326 3.77774596966 0.0 0.435 0.48 1
59 6.33963003214 4.35339340657 0.0 0.435 0.48 1
60 10.7785496593 2.76535109928 0.0 0.435 0.48 1
61 10.8231682625 3.36677379456 0.0 0.435 0.48 1
62 13.7602088673 6.62519604005 0.0 0.435 0.48 1
63 13.7644181695 7.59892802288 0.0 0.435 0.48 1
64 15.0088983627 6.98008316222 0.0 0.435 0.48 1
72 1.04538019951 5.50516559999 0.0 0.435 0.48 1
96 13.8149297958 10.0790806615 0.0 0.435 0.48 1
98 4.37072893159 8.0800661791 0.0 0.435 0.48 1
99 4.43449985981 7.56098111472 0.0 0.435 0.48 1
100 12.6516891349 3.06367584892 0.0 0.435 0.48 1
101 14.9400762719 1.55200467754 0.0 0.435 0.48 1
102 5.34013122653 5.30230477023 0.0 0.435 0.48 1
222 11.5515880069 8.58411567609 0.0 0.435 0.48 1
231 0.302227897422 7.73758936651 0.0 0.435 0.48 1
232 8.01072300257 9.47980590442 0.0 0.435 0.48 1
233 8.57918926367 9.13160125664 0.0 0.435 0.48 1
340 12.4549042574 8.27934711186 0.0 0.435 0.48 1
343 11.8460286953 7.94737133046 0.0 0.435 0.48 1
345 11.1112949976 12.3095951496 0.0 0.435 0.48 1
346 11.5722135877 11.9998147296 0.0 0.435 0.48 1
347 9.76558108662 11.5034023462 0.0 0.435 0.48 1
376 14.345091407 8.9089316635 0.0 0.435 0.48 1
412 5.74569749278 3.26963925607 0.0 0.435 0.48 1
413 6.36867421727 2.62692841545 0.0 0.435 0.48 1
414 5.3001428557 2.65485161201 0.0 0.435 0.48 1
