121 3.18054873666 6.68533830957 0.0 0.435 0.48 1
123 3.62147314133 7.13664399083 0.0 0.435 0.48 1
127 2.39383015688 12.7671059857 0.0 0.435 0.48 1
128 1.80705343124 12.2955142214 0.0 0.435 0.48 1
129 3.29883012827 10.9060368675 0.0 0.435 0.48 1
130 3.64609755915 11.6802492578 0.0 0.435 0.48 1
132 3.179285946 11.5482703885 0.0 0.435 0.48 1
133 4.23413707545 11.3783446111 0.0 0.435 0.48 1
134 2.88989642027 13.0458606317 0.0 0.435 0.48 1
137 2.86716618843 5.09204548669 0.0 0.435 0.48 1
138 2.89010688538 5.82329911301 0.0 0.435 0.48 1
140 3.95274522388 6.15885479141 0.0 0.435 0.48 1
141 4.11375103274 5.60778931387 0.0 0.435 0.48 1
142 7.99030788693 9.26692136307 0.0 0.435 0.48 1
143 11.6734473054 10.350198194 0.0 0.435 0.48 1
144 12.1608844993 9.95378426665 0.0 0.435 0.48 1
145 11.9754647377 11.8523229734 0.0 0.435 0.48 1
232 12.1943484517 7.87553473074 0.0 0.435 0.48 1
233 12.7205112258 7.47005173103 0.0 0.435 0.48 1
238 12.446485653 8.40631412531 0.0 0.435 0.48 1
248 11.6069403307 5.21853518053 0.0 0.435 0.48 1
249 12.1844565916 4.81376816022 0.0 0.435 0.48 1
253 10.4489612976 7.56408369212 0.0 0.435 0.48 1
254 9.71780550674 8.04283525034 0.0 0.435 0.48 1
256 1.04180229265 6.05002592274 0.0 0.435 0.48 1
257 4.23182195924 8.29724659684 0.0 0.435 0.48 1
258 4.42481846477 7.73448678911 0.0 0.435 0.48 1
259 0.748203464719 6.95120532645 0.0 0.435 0.48 1
277 11.8026728827 8.81728630041 0.0 0.435 0.48 1
324 5.99657190345 9.66930178539 0.0 0.435 0.48 1
325 4.8366986843 9.48982961601 0.0 0.435 0.48 1
326 3.82288825124 12.1869240126 0.0 0.435 0.48 1
327 3.15908129548 8.59891258368 0.0 0.435 0.48 1
376 7.57884859762 8.02135586837 0.0 0.435 0.48 1
386 14.9493367367 11.2241703805 0.0 0.435 0.48 1
