121 5.33023936638 7.13998522803 0.0 0.435 0.48 1
123 5.51271261642 7.94737133046 0.0 0.435 0.48 1
127 3.57033011969 12.1050637013 0.0 0.435 0.48 1
128 3.02459409043 11.6804879176 0.0 0.435 0.48 1
129 3.85635220367 9.50152394619 0.0 0.435 0.48 1
130 3.96432080491 10.3685749986 0.0 0.435 0.48 1
132 3.44931268165 10.7344404715 0.0 0.435 0.48 1
133 4.39808939584 10.1139249923 0.0 0.435 0.48 1
134 4.49027311386 11.6802492578 0.0 0.435 0.48 1
136 0.200573249473 5.3271253894 0.0 0.435 0.48 1
137 4.24087195895 5.27438157367 0.0 0.435 0.48 1
138 4.36925567583 5.87747488754 0.0 0.435 0.48 1
139 0.128594181981 6.18653932817 0.0 0.435 0.48 1
140 6.0588695759 6.47889758282 0.0 0.435 0.48 1
141 6.17525678152 5.80134241143 0.0 0.435 0.48 1
142 4.94529868087 8.20011205835 0.0 0.435 0.48 1
143 12.7828088982 11.9661636978 0.0 0.435 0.48 1
144 13.3255984159 12.0926533917 0.0 0.435 0.48 1
232 12.1541496158 7.86837493675 0.0 0.435 0.48 1
233 12.6996751799 7.47005173103 0.0 0.435 0.48 1
238 12.4222821654 8.39629041372 0.0 0.435 0.48 1
248 11.5707403319 5.20159033475 0.0 0.435 0.48 1
249 12.1682507781 4.79992589184 0.0 0.435 0.48 1
252 8.75198111867 12.1544662798 0.0 0.435 0.48 1
253 8.27569857559 7.25740584949 0.0 0.435 0.48 1
254 7.56643115615 7.54857080514 0.0 0.435 0.48 1
255 13.003165868 4.00447277939 0.0 0.435 0.48 1
256 0.7587267202 7.55787853733 0.0 0.435 0.48 1
257 2.17705109397 7.79367441944 0.0 0.435 0.48 1
258 2.20251737223 7.21898162173 0.0 0.435 0.48 1
277 14.4191751256 8.68721670957 0.0 0.435 0.48 1
322 0.235089527452 8.35309298997 0.0 0.435 0.48 1
324 5.30372076256 9.92633838968 0.0 0.435 0.48 1
325 4.69295101443 10.4964966512 0.0 0.435 0.48 1
326 3.8220463908 11.2790621345 0.0 0.435 0.48 1
327 4.88279054331 9.06573115192 0.0 0.435 0.48 1
376 7.61041836406 8.05715483833 0.0 0.435 0.48 1
386 14.7820169745 10.7081878935 0.0 0.435 0.48 1
