142 6.35099514806 9.47360074963 0.0 0.435 0.48 1
169 7.76995091716 9.81894147981 0.0 0.435 0.48 1
171 9.57931946461 6.7476285173 0.0 0.435 0.48 1
172 9.74663922676 5.9975207668 0.0 0.435 0.48 1
173 1.42758483859 5.92663880628 0.0 0.435 0.48 1
174 11.7079635834 3.87893772474 0.0 0.435 0.48 1
176 8.89930669541 6.10849757367 0.0 0.435 0.48 1
177 9.02242878454 5.48535683661 0.0 0.435 0.48 1
178 4.4955347416 4.56317537052 0.0 0.435 0.48 1
179 11.8893845079 8.05285896193 0.0 0.435 0.48 1
180 14.2404902475 8.34593319598 0.0 0.435 0.48 1
181 0.257609294182 4.67200423919 0.0 0.435 0.48 1
286 5.13450681442 7.34427801658 0.0 0.435 0.48 1
287 10.2467043272 4.4937253688 0.0 0.435 0.48 1
288 14.3570879182 9.02420434676 0.0 0.435 0.48 1
333 14.6458460486 3.51211761258 0.0 0.435 0.48 1
360 2.42034876069 7.35931358396 0.0 0.435 0.48 1
361 2.52074061798 8.17910999598 0.0 0.435 0.48 1
362 13.2172088845 9.58624817509 0.0 0.435 0.48 1
363 13.5846809659 9.0807667193 0.0 0.435 0.48 1
364 11.8660228807 9.73899044691 0.0 0.435 0.48 1
432 6.18325445569 8.72062908153 0.0 0.435 0.48 1
