3 13.4916553874 9.26883064147 0.0 0.435 0.48 1
4 3.15424059796 6.60204603947 0.0 0.435 0.48 1
5 2.29070225316 12.8876291845 0.0 0.435 0.48 1
7 5.540704476 6.71350016594 0.0 0.435 0.48 1
8 6.28890794072 6.93664707867 0.0 0.435 0.48 1
9 12.684521692 12.5363219593 0.0 0.435 0.48 1
10 7.09877768256 8.29963319483 0.0 0.435 0.48 1
11 8.01219625833 8.12469556164 0.0 0.435 0.48 1
12 6.68900211412 8.03090226036 0.0 0.435 0.48 1
13 7.00406838323 7.52852338196 0.0 0.435 0.48 1
14 13.9561518844 10.1721579834 0.0 0.435 0.48 1
15 14.7956972067 9.21226826894 0.0 0.435 0.48 1
16 13.5350112 10.3468569568 0.0 0.435 0.48 1
17 4.27770335314 6.07078932531 0.0 0.435 0.48 1
19 11.4939205669 4.35196144777 0.0 0.435 0.48 1
20 10.9961705826 4.02284958397 0.0 0.435 0.48 1
23 7.85034858903 7.48437131901 0.0 0.435 0.48 1
24 11.7736286976 3.0013856412 0.0 0.435 0.48 1
25 5.69308121537 9.11489507066 0.0 0.435 0.48 1
26 10.0339241014 9.06907238911 0.0 0.435 0.48 1
27 12.267800775 2.73933718111 0.0 0.435 0.48 1
28 13.1405995846 2.52979387696 0.0 0.435 0.48 1
29 12.1733019407 3.61641194506 0.0 0.435 0.48 1
30 13.559846083 2.17180417739 0.0 0.435 0.48 1
31 14.5540832608 6.01709087038 0.0 0.435 0.48 1
73 11.9843042723 12.3549405116 0.0 0.435 0.48 1
74 12.2042403119 11.822967818 0.0 0.435 0.48 1
75 3.96221615381 8.39461979512 0.0 0.435 0.48 1
76 4.4538626499 8.10846669526 0.0 0.435 0.48 1
77 1.59637785651 7.27983987066 0.0 0.435 0.48 1
78 1.59511506585 7.90584452531 0.0 0.435 0.48 1
217 6.43328700592 4.83691816079 0.0 0.435 0.48 1
219 9.22468575489 3.18038049098 0.0 0.435 0.48 1
220 7.18548930773 4.43215114048 0.0 0.435 0.48 1
273 12.4144949564 13.4200791977 0.0 0.435 0.48 1
419 11.5212810311 1.69878045436 0.0 0.435 0.48 1
420 11.0534170924 2.70735676795 0.0 0.435 0.48 1
