142 8.72946135194 8.86215434276 0.0 0.435 0.48 1
155 13.9165844438 5.53070219856 0.0 0.435 0.48 1
156 4.91078240289 8.85427856937 0.0 0.435 0.48 1
158 4.66011845733 8.09343112788 0.0 0.435 0.48 1
159 9.87523340874 9.62849095964 0.0 0.435 0.48 1
160 12.1573065924 10.7015054192 0.0 0.435 0.48 1
161 6.68837071879 5.54191920915 0.0 0.435 0.48 1
162 4.65611962025 9.30964146722 0.0 0.435 0.48 1
163 3.57980104962 7.6652754472 0.0 0.435 0.48 1
164 3.22264175859 8.72898217452 0.0 0.435 0.48 1
165 1.62058134412 8.21753422373 0.0 0.435 0.48 1
166 1.29835926128 7.54164967095 0.0 0.435 0.48 1
248 12.0459705494 5.46554807324 0.0 0.435 0.48 1
249 12.611490299 4.89300321373 0.0 0.435 0.48 1
256 8.37566950266 5.37199343175 0.0 0.435 0.48 1
259 13.4952332943 10.4652322174 0.0 0.435 0.48 1
260 14.5801809344 8.59748062488 0.0 0.435 0.48 1
262 2.19999179092 6.03069447896 0.0 0.435 0.48 1
329 6.40718933233 9.18744764977 0.0 0.435 0.48 1
331 5.81346725808 9.56405281372 0.0 0.435 0.48 1
332 6.47790560916 9.91679199769 0.0 0.435 0.48 1
334 3.34408012684 11.7976698792 0.0 0.435 0.48 1
358 12.4064972822 11.2723796601 0.0 0.435 0.48 1
359 12.6258019264 7.78603730585 0.0 0.435 0.48 1
396 3.09299525106 8.09152184948 0.0 0.435 0.48 1
397 14.7262437205 10.0492481865 0.0 0.435 0.48 1
