179 3.66756500033 9.03470537795 0.0 0.435 0.48 1
187 14.9122948774 11.0886116143 0.0 0.435 0.48 1
189 5.78505446828 5.79513725664 0.0 0.435 0.48 1
190 5.30687773921 4.5846547525 0.0 0.435 0.48 1
191 10.6362752451 4.8304743462 0.0 0.435 0.48 1
192 11.5265426589 5.80730890643 0.0 0.435 0.48 1
193 1.95206389178 7.67434451959 0.0 0.435 0.48 1
194 13.4739763182 9.65617549641 0.0 0.435 0.48 1
195 14.1419925762 9.80605385063 0.0 0.435 0.48 1
196 14.3326739655 6.77793831186 0.0 0.435 0.48 1
197 14.5431390751 7.50322544319 0.0 0.435 0.48 1
198 14.5248286106 8.68125021458 0.0 0.435 0.48 1
200 14.9482844112 3.76485834048 0.0 0.435 0.48 1
263 1.5239778588 8.26097030728 0.0 0.435 0.48 1
362 4.70999868831 8.31753267981 0.0 0.435 0.48 1
363 5.08883588564 8.09080587009 0.0 0.435 0.48 1
366 13.2222600471 11.3816858483 0.0 0.435 0.48 1
367 12.8890937786 12.6157956727 0.0 0.435 0.48 1
368 13.2382553954 13.0904900143 0.0 0.435 0.48 1
400 12.4264914676 11.3912322403 0.0 0.435 0.48 1
401 14.9889041773 10.0845698369 0.0 0.435 0.48 1
