142 9.21437296452 9.48362446121 0.0 0.435 0.48 1
143 3.28578129147 7.95166720685 0.0 0.435 0.48 1
145 4.2724417254 5.9118418987 0.0 0.435 0.48 1
146 6.30721840526 3.92953360228 0.0 0.435 0.48 1
147 7.03458582412 4.28537536365 0.0 0.435 0.48 1
148 8.91593343907 4.17726247438 0.0 0.435 0.48 1
149 8.97528459998 4.9171078535 0.0 0.435 0.48 1
232 12.3620891441 7.90465122631 0.0 0.435 0.48 1
233 12.943604242 7.63711359083 0.0 0.435 0.48 1
238 12.5475089057 8.44784093046 0.0 0.435 0.48 1
248 11.7580542794 5.28846250185 0.0 0.435 0.48 1
249 12.2526472871 4.87176249155 0.0 0.435 0.48 1
256 4.81965101042 3.88227896194 0.0 0.435 0.48 1
259 6.56503816455 9.02587496536 0.0 0.435 0.48 1
277 2.40245922638 6.13928468783 0.0 0.435 0.48 1
324 10.3927671133 7.38675946093 0.0 0.435 0.48 1
325 9.91648457023 7.45978935964 0.0 0.435 0.48 1
326 0.748203464719 13.6036085837 0.0 0.435 0.48 1
327 0.575201144607 13.2534946575 0.0 0.435 0.48 1
328 6.07718004044 8.660486812 0.0 0.435 0.48 1
354 11.8155112544 8.26240226608 0.0 0.435 0.48 1
355 12.2454914733 9.56405281372 0.0 0.435 0.48 1
356 13.0892460978 12.4525523696 0.0 0.435 0.48 1
357 13.5472181764 12.8685364005 0.0 0.435 0.48 1
376 5.28225332138 7.44045791587 0.0 0.435 0.48 1
387 13.2708774874 10.9587806832 0.0 0.435 0.48 1
388 13.9917204879 10.5793116017 0.0 0.435 0.48 1
389 14.5258809361 9.81750952101 0.0 0.435 0.48 1
390 14.1268390883 11.4344296641 0.0 0.435 0.48 1
391 13.9511007217 12.0325111222 0.0 0.435 0.48 1
392 14.5641855861 11.694330186 0.0 0.435 0.48 1
