142 12.2648542634 13.7647039485 0.0 0.435 0.48 1
179 3.7673254623 8.56072701572 0.0 0.435 0.48 1
181 12.1901391495 12.0427734935 0.0 0.435 0.48 1
183 10.7850740777 3.78275782546 0.0 0.435 0.48 1
184 11.0066938381 2.97966759942 0.0 0.435 0.48 1
185 3.32534873208 6.23307798912 0.0 0.435 0.48 1
186 12.772706573 5.69728673876 0.0 0.435 0.48 1
187 10.2801682797 9.31513064262 0.0 0.435 0.48 1
189 1.50924530112 5.29299703804 0.0 0.435 0.48 1
190 0.98918601524 4.11998412245 0.0 0.435 0.48 1
191 15.0128971998 1.70450828955 0.0 0.435 0.48 1
362 5.54301959221 8.53781567495 0.0 0.435 0.48 1
363 5.62404865941 7.90727648411 0.0 0.435 0.48 1
364 0.454183706572 7.61945276565 0.0 0.435 0.48 1
365 12.1051112452 12.6986106232 0.0 0.435 0.48 1
417 13.0593600523 3.66032534821 0.0 0.435 0.48 1
418 12.6733670412 1.62789849385 0.0 0.435 0.48 1
