142 6.47916839982 9.63517343403 0.0 0.435 0.48 1
169 9.43809737605 10.4399342787 0.0 0.435 0.48 1
171 12.9760158689 5.94024241487 0.0 0.435 0.48 1
172 13.2752972547 5.12999239484 0.0 0.435 0.48 1
176 5.47819633844 8.44855690986 0.0 0.435 0.48 1
177 5.25384053158 7.7464197791 0.0 0.435 0.48 1
178 9.78599620226 3.83693359999 0.0 0.435 0.48 1
179 8.4487008957 7.78579864605 0.0 0.435 0.48 1
180 12.3951321663 10.0244275674 0.0 0.435 0.48 1
181 3.71113127803 5.70396921315 0.0 0.435 0.48 1
182 11.3720612684 8.06670123031 0.0 0.435 0.48 1
183 0.328956966345 4.68656248697 0.0 0.435 0.48 1
286 1.64078599464 7.05717027753 0.0 0.435 0.48 1
287 5.39653587591 4.52928567896 0.0 0.435 0.48 1
288 12.0663856651 10.9571100646 0.0 0.435 0.48 1
362 11.3621694082 9.11346311186 0.0 0.435 0.48 1
363 11.4983403342 8.62611980084 0.0 0.435 0.48 1
364 9.09630203802 8.94974248925 0.0 0.435 0.48 1
432 6.46485677237 8.79151104204 0.0 0.435 0.48 1
