142 9.29077179931 9.31059610642 0.0 0.435 0.48 1
150 2.95850804601 7.71563266494 0.0 0.435 0.48 1
151 2.76403828471 7.18461461057 0.0 0.435 0.48 1
152 3.80478825181 5.84835839198 0.0 0.435 0.48 1
153 3.20180571273 5.40230322631 0.0 0.435 0.48 1
154 4.06681731329 5.21972847953 0.0 0.435 0.48 1
155 13.3916844604 3.84624133218 0.0 0.435 0.48 1
156 9.98699038195 6.40324242631 0.0 0.435 0.48 1
157 13.4741867833 10.1134476727 0.0 0.435 0.48 1
158 11.7649996281 5.89012385693 0.0 0.435 0.48 1
159 2.01646621532 6.31923417681 0.0 0.435 0.48 1
232 12.5632937889 7.93973421687 0.0 0.435 0.48 1
233 13.4038914367 8.17982597538 0.0 0.435 0.48 1
238 12.6434809956 8.37552701114 0.0 0.435 0.48 1
248 11.9382124133 5.37390271015 0.0 0.435 0.48 1
249 12.3383065867 4.93930321487 0.0 0.435 0.48 1
256 5.22921611376 4.61162330986 0.0 0.435 0.48 1
259 8.98033576261 8.52564402516 0.0 0.435 0.48 1
260 7.52917883174 6.53211871816 0.0 0.435 0.48 1
261 3.71891848708 4.60708877367 0.0 0.435 0.48 1
329 6.53052188657 9.50247858539 0.0 0.435 0.48 1
330 5.90712423186 9.26095486808 0.0 0.435 0.48 1
331 5.982260276 10.1938760252 0.0 0.435 0.48 1
332 6.74856374014 10.3618925242 0.0 0.435 0.48 1
354 13.2708774874 6.09656458368 0.0 0.435 0.48 1
355 12.463743792 6.37889912674 0.0 0.435 0.48 1
376 2.56872666298 12.6740286638 0.0 0.435 0.48 1
391 14.4038111726 6.19035788497 0.0 0.435 0.48 1
392 14.9703832477 6.01040839598 0.0 0.435 0.48 1
393 12.989696101 11.0721440881 0.0 0.435 0.48 1
394 13.5771042219 12.2575673133 0.0 0.435 0.48 1
395 13.0637798196 10.489575517 0.0 0.435 0.48 1
396 13.7717844483 9.46023580084 0.0 0.435 0.48 1
415 5.00612309755 2.48086861802 0.0 0.435 0.48 1
416 5.62131261299 2.61666604406 0.0 0.435 0.48 1
