142 9.21963459226 9.47216879083 0.0 0.435 0.48 1
143 2.30774992704 7.83925844119 0.0 0.435 0.48 1
145 3.44889175143 5.60039086008 0.0 0.435 0.48 1
146 5.80231260727 4.28107948726 0.0 0.435 0.48 1
147 6.39077305378 4.5801202163 0.0 0.435 0.48 1
148 7.97789044547 4.73644238511 0.0 0.435 0.48 1
149 7.94211137683 5.53905529155 0.0 0.435 0.48 1
150 14.2135507135 5.71375426494 0.0 0.435 0.48 1
151 14.3011041991 5.02378878397 0.0 0.435 0.48 1
232 12.3755589111 7.90703782431 0.0 0.435 0.48 1
233 12.9798042408 7.67315122059 0.0 0.435 0.48 1
238 12.5555065798 8.45118216765 0.0 0.435 0.48 1
248 11.7702612558 5.29419033704 0.0 0.435 0.48 1
249 12.2581193799 4.87629702775 0.0 0.435 0.48 1
256 4.73041380394 3.94958102546 0.0 0.435 0.48 1
259 6.81380792413 9.09890486408 0.0 0.435 0.48 1
277 1.61973948368 5.9154217957 0.0 0.435 0.48 1
324 10.7067810569 7.11946048525 0.0 0.435 0.48 1
325 10.5262019928 7.42231977109 0.0 0.435 0.48 1
328 6.82875094691 8.32158989641 0.0 0.435 0.48 1
354 11.8134066033 8.20249865635 0.0 0.435 0.48 1
355 12.0527054329 9.25904558968 0.0 0.435 0.48 1
356 13.456297249 12.5871564967 0.0 0.435 0.48 1
357 14.1899786212 13.0029018678 0.0 0.435 0.48 1
376 5.16691844131 7.58341513589 0.0 0.435 0.48 1
387 12.8042763394 11.306985331 0.0 0.435 0.48 1
388 13.5960460818 11.1540043994 0.0 0.435 0.48 1
389 13.867125143 9.92323581229 0.0 0.435 0.48 1
390 14.0733809504 11.1921899674 0.0 0.435 0.48 1
391 14.0317088587 11.9105559645 0.0 0.435 0.48 1
392 14.5641855861 11.3761966729 0.0 0.435 0.48 1
