142 8.69220902753 9.31584662201 0.0 0.435 0.48 1
160 11.9192705534 11.8339461688 0.0 0.435 0.48 1
165 11.0233205817 9.29699249784 0.0 0.435 0.48 1
166 12.0200833409 9.13876105063 0.0 0.435 0.48 1
167 10.8059101235 8.85666516737 0.0 0.435 0.48 1
168 9.79252062066 8.32254453561 0.0 0.435 0.48 1
169 4.7775579885 7.44618575106 0.0 0.435 0.48 1
170 7.26714977026 3.19804131616 0.0 0.435 0.48 1
171 2.34352899568 6.56982696651 0.0 0.435 0.48 1
172 2.24061155707 5.7433480801 0.0 0.435 0.48 1
173 11.5896821917 5.31423776022 0.0 0.435 0.48 1
174 0.212359295612 4.72975991072 0.0 0.435 0.48 1
256 8.31947531839 5.499199105 0.0 0.435 0.48 1
278 10.5710310612 7.71396204634 0.0 0.435 0.48 1
282 7.86024044918 4.10256195707 0.0 0.435 0.48 1
283 13.479237946 10.4387409797 0.0 0.435 0.48 1
284 13.9279495597 10.6988801614 0.0 0.435 0.48 1
285 14.0112937431 9.84877395477 0.0 0.435 0.48 1
286 14.4094937305 7.88651308153 0.0 0.435 0.48 1
331 0.66885811839 8.53733835535 0.0 0.435 0.48 1
332 0.170897669016 7.26647492188 0.0 0.435 0.48 1
333 7.75100905729 7.94880328926 0.0 0.435 0.48 1
334 2.65186038128 12.3785678317 0.0 0.435 0.48 1
335 8.76692414145 8.43781721887 0.0 0.435 0.48 1
336 8.31337183021 8.09844298368 0.0 0.435 0.48 1
360 10.4910543195 8.33543216479 0.0 0.435 0.48 1
361 11.1687519725 8.4962888698 0.0 0.435 0.48 1
399 12.5506658823 11.8031590546 0.0 0.435 0.48 1
430 9.98951596327 9.75474199369 0.0 0.435 0.48 1
431 9.27456598587 9.68791724977 0.0 0.435 0.48 1
