142 8.82543344193 10.4007940715 0.0 0.435 0.48 1
169 11.2131601106 11.6391997722 0.0 0.435 0.48 1
176 3.75596034638 11.9181930781 0.0 0.435 0.48 1
177 3.47961965744 11.4079384263 0.0 0.435 0.48 1
178 13.773047239 6.77173315707 0.0 0.435 0.48 1
179 5.08715216476 7.40012440971 0.0 0.435 0.48 1
180 10.4716915294 11.1618801728 0.0 0.435 0.48 1
181 8.77955204803 7.51778369097 0.0 0.435 0.48 1
182 5.73980446971 9.17408270098 0.0 0.435 0.48 1
183 3.83046499518 4.92331300829 0.0 0.435 0.48 1
184 3.22011617727 4.31974237481 0.0 0.435 0.48 1
185 11.0460508136 4.13096247324 0.0 0.435 0.48 1
186 3.35039408013 6.21207592674 0.0 0.435 0.48 1
187 1.9350162179 7.6624115296 0.0 0.435 0.48 1
188 14.6567902343 6.30061871244 0.0 0.435 0.48 1
287 1.13651159198 3.50829905579 0.0 0.435 0.48 1
288 11.7229066061 13.5558766237 0.0 0.435 0.48 1
362 9.10451017729 8.80511465063 0.0 0.435 0.48 1
363 9.28719389245 8.30321309183 0.0 0.435 0.48 1
364 5.22269169536 8.30178113303 0.0 0.435 0.48 1
417 8.44238694241 5.42354394849 0.0 0.435 0.48 1
418 7.78236835862 5.09729600228 0.0 0.435 0.48 1
432 9.39200551704 10.2086729327 0.0 0.435 0.48 1
