142 8.69220902753 9.30081105463 0.0 0.435 0.48 1
160 11.9824100863 11.6439729682 0.0 0.435 0.48 1
165 10.7490845439 9.10153012187 0.0 0.435 0.48 1
166 11.6233566093 9.12038424605 0.0 0.435 0.48 1
167 10.5464066433 8.64187134762 0.0 0.435 0.48 1
168 9.56521830226 8.10297751987 0.0 0.435 0.48 1
169 4.4452335804 7.33950482059 0.0 0.435 0.48 1
170 6.70773350888 3.27298049327 0.0 0.435 0.48 1
171 2.12569760722 6.51063933618 0.0 0.435 0.48 1
172 2.01709761065 5.70516251215 0.0 0.435 0.48 1
173 12.0360786893 5.27796147066 0.0 0.435 0.48 1
256 8.32136950437 5.4951418884 0.0 0.435 0.48 1
278 10.6270147803 7.76694452187 0.0 0.435 0.48 1
279 10.4173915311 6.80681614763 0.0 0.435 0.48 1
280 11.1470740662 6.5762707811 0.0 0.435 0.48 1
282 8.30916252802 4.0786959771 0.0 0.435 0.48 1
283 13.5175425959 10.1423255084 0.0 0.435 0.48 1
284 13.9679379305 10.4373090209 0.0 0.435 0.48 1
285 14.0529658348 9.54639198854 0.0 0.435 0.48 1
286 14.5161995411 7.83925844119 0.0 0.435 0.48 1
329 0.299491850997 8.17696205778 0.0 0.435 0.48 1
331 0.833231369007 8.47027495163 0.0 0.435 0.48 1
332 0.616452306093 7.37888368754 0.0 0.435 0.48 1
333 7.59905324814 8.20058937795 0.0 0.435 0.48 1
334 2.54662782647 12.4117415439 0.0 0.435 0.48 1
335 9.04894738835 8.44855690986 0.0 0.435 0.48 1
336 8.50194856843 8.09366978768 0.0 0.435 0.48 1
360 10.6836298948 8.37791360914 0.0 0.435 0.48 1
361 11.2247356917 8.53208783976 0.0 0.435 0.48 1
399 12.5975996017 11.626312143 0.0 0.435 0.48 1
430 9.80767410855 9.80891776822 0.0 0.435 0.48 1
