142 8.69220902753 8.9991450678 0.0 0.435 0.48 1
155 14.6746797686 5.77532849327 0.0 0.435 0.48 1
156 4.21393242492 11.1506631622 0.0 0.435 0.48 1
158 4.20488242521 10.3451863382 0.0 0.435 0.48 1
160 12.1124775241 10.6167811903 0.0 0.435 0.48 1
161 2.56283363991 6.82137439541 0.0 0.435 0.48 1
162 5.76674400374 10.0953095279 0.0 0.435 0.48 1
163 7.09793582212 8.35905948496 0.0 0.435 0.48 1
164 6.31395328877 8.14593628382 0.0 0.435 0.48 1
165 3.7498568582 8.34378525778 0.0 0.435 0.48 1
166 3.76879871806 7.69630122116 0.0 0.435 0.48 1
167 3.1201452502 7.44618575106 0.0 0.435 0.48 1
168 1.83104645374 5.89489705292 0.0 0.435 0.48 1
248 12.0947984549 5.50731353819 0.0 0.435 0.48 1
249 12.7356647137 4.87176249155 0.0 0.435 0.48 1
256 8.35756950323 5.4130429173 0.0 0.435 0.48 1
259 14.5450332611 11.3501827548 0.0 0.435 0.48 1
262 8.54193693926 6.60753521487 0.0 0.435 0.48 1
278 14.3589821042 8.04044865235 0.0 0.435 0.48 1
279 14.3600344297 7.42589966808 0.0 0.435 0.48 1
329 4.96887077315 8.34736515478 0.0 0.435 0.48 1
331 4.77061263988 9.23613424891 0.0 0.435 0.48 1
332 4.84932659088 8.79007908325 0.0 0.435 0.48 1
333 7.05500093976 11.2119987307 0.0 0.435 0.48 1
334 1.00665461934 12.1179513305 0.0 0.435 0.48 1
335 9.53175434983 12.2115059719 0.0 0.435 0.48 1
358 12.4915251865 11.137775533 0.0 0.435 0.48 1
