45 4.80765449918 6.31947283661 0.0 0.435 0.48 1
46 4.78997542997 6.8280568698 0.0 0.435 0.48 1
47 4.3467359091 7.33735688239 0.0 0.435 0.48 1
48 4.01988359385 4.94025785407 0.0 0.435 0.48 1
49 4.50458474132 5.48989137281 0.0 0.435 0.48 1
50 6.77550327417 8.86859815735 0.0 0.435 0.48 1
51 10.8105403559 1.52455880057 0.0 0.435 0.48 1
52 12.1333135699 6.97936718282 0.0 0.435 0.48 1
53 12.5858135556 6.34835067238 0.0 0.435 0.48 1
54 14.1678797847 5.96959757023 0.0 0.435 0.48 1
55 14.6565797692 6.5817599565 0.0 0.435 0.48 1
56 14.8167437176 7.06433007152 0.0 0.435 0.48 1
87 12.90151122 9.85664972817 0.0 0.435 0.48 1
89 10.3662485095 8.19152030556 0.0 0.435 0.48 1
90 9.51428574573 8.43972649727 0.0 0.435 0.48 1
91 10.9913298851 6.72734243432 0.0 0.435 0.48 1
92 6.9663951286 8.15595999541 0.0 0.435 0.48 1
93 8.48763694098 7.94737133046 0.0 0.435 0.48 1
94 5.86755679125 3.89612123032 0.0 0.435 0.48 1
95 5.50366261671 4.4152062947 0.0 0.435 0.48 1
96 1.01759880504 6.36625015736 0.0 0.435 0.48 1
221 11.6850228864 6.1621960286 0.0 0.435 0.48 1
222 13.1140809808 11.4986291502 0.0 0.435 0.48 1
223 13.6436111966 8.0769636017 0.0 0.435 0.48 1
224 14.204921644 7.497497608 0.0 0.435 0.48 1
225 12.9863286592 8.33376154619 0.0 0.435 0.48 1
226 14.1078972284 8.25667443089 0.0 0.435 0.48 1
227 9.16849157062 1.02528249957 0.0 0.435 0.48 1
228 8.08459625605 4.77916248926 0.0 0.435 0.48 1
229 8.5558276365 4.58990526809 0.0 0.435 0.48 1
230 7.97662765481 5.37318673075 0.0 0.435 0.48 1
232 13.7949356104 3.89230267353 0.0 0.435 0.48 1
233 14.9602809224 2.53838562975 0.0 0.435 0.48 1
300 1.37118018921 8.32922701 0.0 0.435 0.48 1
301 1.04390694374 7.76288730528 0.0 0.435 0.48 1
308 12.1754065918 12.8935956795 0.0 0.435 0.48 1
309 12.4755298382 13.1907271302 0.0 0.435 0.48 1
310 13.6739181724 11.8224904984 0.0 0.435 0.48 1
311 13.5989925933 10.9272775897 0.0 0.435 0.48 1
312 14.4025483819 12.0661621539 0.0 0.435 0.48 1
317 14.9567030155 0.994018065807 0.0 0.435 0.48 1
318 2.65712200902 8.16813164519 0.0 0.435 0.48 1
319 2.58030224401 8.80177341343 0.0 0.435 0.48 1
340 13.1422833055 11.8387193648 0.0 0.435 0.48 1
341 12.1107938032 11.6850224538 0.0 0.435 0.48 1
