142 8.69220902753 8.86334764176 0.0 0.435 0.48 1
155 13.9572042099 5.54621508554 0.0 0.435 0.48 1
156 4.79165915084 8.9974744492 0.0 0.435 0.48 1
158 4.69210915399 8.27433525607 0.0 0.435 0.48 1
159 9.88596712933 9.95282962745 0.0 0.435 0.48 1
160 12.1528868251 10.6929136664 0.0 0.435 0.48 1
161 6.3190044514 5.92067231129 0.0 0.435 0.48 1
162 4.92130565837 9.46644095563 0.0 0.435 0.48 1
163 3.95295568899 7.67625379798 0.0 0.435 0.48 1
164 3.43836849595 8.56526155192 0.0 0.435 0.48 1
165 1.825784826 8.25166257509 0.0 0.435 0.48 1
166 1.5020894874 7.54164967095 0.0 0.435 0.48 1
248 12.0508112469 5.46984394963 0.0 0.435 0.48 1
249 12.6239077404 4.89085527553 0.0 0.435 0.48 1
256 8.37377531667 5.37605064835 0.0 0.435 0.48 1
259 13.6170925928 10.5845621173 0.0 0.435 0.48 1
260 14.7085646513 8.87122341515 0.0 0.435 0.48 1
262 2.58514294153 5.98940633361 0.0 0.435 0.48 1
329 6.40150677437 9.17312806179 0.0 0.435 0.48 1
331 5.80925795588 9.55331312273 0.0 0.435 0.48 1
332 6.39813933262 9.78505178825 0.0 0.435 0.48 1
334 3.12582780816 11.824161117 0.0 0.435 0.48 1
358 12.4151263517 11.2590147113 0.0 0.435 0.48 1
359 12.876465872 7.19511564176 0.0 0.435 0.48 1
396 2.97513478967 7.98651153761 0.0 0.435 0.48 1
397 14.7051972095 10.3991234529 0.0 0.435 0.48 1
