51 8.83427297653 6.44381459226 0.0 0.435 0.48 1
55 2.94651153476 6.61087645206 0.0 0.435 0.48 1
56 3.17886501578 7.10728883547 0.0 0.435 0.48 1
57 0.244139527166 7.06075017452 0.0 0.435 0.48 1
58 4.72851961796 4.39134031473 0.0 0.435 0.48 1
59 5.01412077172 4.92092641029 0.0 0.435 0.48 1
60 10.4849508313 3.00639749699 0.0 0.435 0.48 1
61 10.8263252391 3.70519339055 0.0 0.435 0.48 1
62 12.6750507621 6.99153883261 0.0 0.435 0.48 1
63 12.71903797 7.73257751072 0.0 0.435 0.48 1
64 13.7284286358 7.18079605378 0.0 0.435 0.48 1
65 14.1733518775 7.65334245721 0.0 0.435 0.48 1
66 14.0881135081 6.49154655221 0.0 0.435 0.48 1
72 1.94574993849 5.20707951015 0.0 0.435 0.48 1
98 5.8357765597 8.10942133446 0.0 0.435 0.48 1
99 5.90038934835 7.51348781458 0.0 0.435 0.48 1
102 8.06081369866 4.85434032617 0.0 0.435 0.48 1
103 1.30109530771 4.4953959874 0.0 0.435 0.48 1
104 0.231511620588 5.32211353361 0.0 0.435 0.48 1
222 11.0494182553 8.48435587981 0.0 0.435 0.48 1
232 6.7980230409 9.06907238911 0.0 0.435 0.48 1
233 8.30916252802 8.93351362287 0.0 0.435 0.48 1
340 11.878229857 8.27528989526 0.0 0.435 0.48 1
343 11.724590327 7.94737133046 0.0 0.435 0.48 1
345 10.4399112979 11.7640188475 0.0 0.435 0.48 1
346 10.8206426812 11.3833564669 0.0 0.435 0.48 1
347 9.69696946089 10.5642760343 0.0 0.435 0.48 1
348 10.7267752423 12.5933616515 0.0 0.435 0.48 1
376 14.3309902446 8.88076980714 0.0 0.435 0.48 1
412 4.43534172025 3.93024958168 0.0 0.435 0.48 1
413 5.18144053387 3.26057018369 0.0 0.435 0.48 1
414 4.57067078574 3.15532121201 0.0 0.435 0.48 1
