45 4.57466962282 6.27460479427 0.0 0.435 0.48 1
46 4.57740566925 6.79154192045 0.0 0.435 0.48 1
47 4.06450219709 7.31587750042 0.0 0.435 0.48 1
48 2.74025572732 5.01304909298 0.0 0.435 0.48 1
49 3.33692431311 5.56077333332 0.0 0.435 0.48 1
50 6.02540562347 8.40416618711 0.0 0.435 0.48 1
51 10.0444473569 1.36632735336 0.0 0.435 0.48 1
52 11.3838473145 7.49009915421 0.0 0.435 0.48 1
53 12.0806972925 6.51541253218 0.0 0.435 0.48 1
54 12.8503681984 6.68557696937 0.0 0.435 0.48 1
55 13.7616821231 6.61302439026 0.0 0.435 0.48 1
56 14.036128626 7.04404398854 0.0 0.435 0.48 1
87 13.3224414393 10.2623713877 0.0 0.435 0.48 1
89 11.3230228979 8.28149505006 0.0 0.435 0.48 1
90 10.7000461734 8.55428320113 0.0 0.435 0.48 1
91 11.5134938221 6.71111356794 0.0 0.435 0.48 1
92 8.26706950609 8.20512391415 0.0 0.435 0.48 1
93 9.81567178272 7.97457854763 0.0 0.435 0.48 1
94 6.85611141116 4.14981659742 0.0 0.435 0.48 1
95 6.76603234424 4.67319753819 0.0 0.435 0.48 1
96 1.87650691742 6.46768057223 0.0 0.435 0.48 1
221 12.3764007715 6.01303365378 0.0 0.435 0.48 1
222 13.0793542377 11.4878894592 0.0 0.435 0.48 1
223 13.9069030487 7.76384194448 0.0 0.435 0.48 1
224 14.6725751175 7.15263419741 0.0 0.435 0.48 1
225 12.8634170352 8.0752929831 0.0 0.435 0.48 1
226 14.3307797795 7.94212081486 0.0 0.435 0.48 1
227 9.16217761733 -0.0556077333332 0.0 0.435 0.48 1
228 7.33912883775 3.55101915994 0.0 0.435 0.48 1
229 9.46714156118 5.55432951873 0.0 0.435 0.48 1
230 8.94476715908 6.06195891272 0.0 0.435 0.48 1
231 11.1314996481 12.2115059719 0.0 0.435 0.48 1
232 13.7075925899 4.97772744262 0.0 0.435 0.48 1
233 14.6231158168 3.96938978883 0.0 0.435 0.48 1
300 0.858276717053 8.36979917595 0.0 0.435 0.48 1
301 0.286232549091 7.77863885206 0.0 0.435 0.48 1
308 12.0806972925 13.5558766237 0.0 0.435 0.48 1
310 13.258460046 12.6365590752 0.0 0.435 0.48 1
311 12.7120926214 11.164028111 0.0 0.435 0.48 1
312 13.746107705 12.4725997928 0.0 0.435 0.48 1
313 15.0482553382 9.05236620313 0.0 0.435 0.48 1
318 1.76980110684 7.89271823632 0.0 0.435 0.48 1
319 1.72581389893 8.5798197997 0.0 0.435 0.48 1
340 13.154911212 11.8263090552 0.0 0.435 0.48 1
341 12.375348446 10.811288927 0.0 0.435 0.48 1
342 14.16851118 12.5869178369 0.0 0.435 0.48 1
376 14.1259972278 11.7074564749 0.0 0.435 0.48 1
