45 3.68755918575 6.17699293618 0.0 0.435 0.48 1
46 3.74880453265 6.77483573447 0.0 0.435 0.48 1
47 3.79658011253 7.28676100485 0.0 0.435 0.48 1
48 1.09946973268 4.63286403204 0.0 0.435 0.48 1
49 1.38949065375 5.20326095335 0.0 0.435 0.48 1
50 5.56995912624 7.20203677595 0.0 0.435 0.48 1
51 8.27443578493 0.482570115021 0.0 0.435 0.48 1
52 9.33412761189 7.97123731043 0.0 0.435 0.48 1
53 9.62646364916 7.09535584548 0.0 0.435 0.48 1
54 10.9096694225 7.09249192788 0.0 0.435 0.48 1
55 12.2069763583 6.87340223175 0.0 0.435 0.48 1
56 12.4948926282 7.33568626379 0.0 0.435 0.48 1
57 14.5265123315 7.72470173733 0.0 0.435 0.48 1
87 12.5148868137 11.4287018289 0.0 0.435 0.48 1
89 12.7962786652 8.4115646409 0.0 0.435 0.48 1
90 12.4744775126 9.0793347605 0.0 0.435 0.48 1
91 13.1330228406 5.94262901286 0.0 0.435 0.48 1
92 10.6792101275 8.61275485206 0.0 0.435 0.48 1
93 11.9087472979 8.61347083146 0.0 0.435 0.48 1
94 9.46693109607 3.73621916451 0.0 0.435 0.48 1
95 9.42883691122 4.72546403433 0.0 0.435 0.48 1
96 3.27694175687 5.81709395822 0.0 0.435 0.48 1
221 14.4943111697 5.14240270443 0.0 0.435 0.48 1
222 13.0101112166 11.4659327576 0.0 0.435 0.48 1
223 14.7134053488 6.53068675936 0.0 0.435 0.48 1
225 10.6495345471 7.92350535049 0.0 0.435 0.48 1
228 6.87336955015 0.577795375106 0.0 0.435 0.48 1
229 10.4630624599 6.34668005378 0.0 0.435 0.48 1
230 10.5121008305 4.81710939742 0.0 0.435 0.48 1
231 10.0558124728 10.7260873785 0.0 0.435 0.48 1
232 13.2300472562 7.14833832102 0.0 0.435 0.48 1
233 13.8742809567 6.38820685893 0.0 0.435 0.48 1
300 0.206466272543 8.6621574306 0.0 0.435 0.48 1
310 12.0596507815 13.5558766237 0.0 0.435 0.48 1
311 10.9376612821 11.7668827651 0.0 0.435 0.48 1
313 13.9399460709 10.4301492269 0.0 0.435 0.48 1
340 13.1803774903 11.8017270958 0.0 0.435 0.48 1
341 13.2073170243 9.34424713818 0.0 0.435 0.48 1
342 13.3925263208 10.9623605802 0.0 0.435 0.48 1
344 14.3897100102 12.0556611227 0.0 0.435 0.48 1
376 14.1643018778 11.5988662661 0.0 0.435 0.48 1
