121 5.40053471299 7.21874296193 0.0 0.435 0.48 1
123 5.67919051814 7.94737133046 0.0 0.435 0.48 1
127 3.84582894819 11.8730863759 0.0 0.435 0.48 1
128 3.32324408099 11.4034038901 0.0 0.435 0.48 1
129 4.31011498002 9.01966981057 0.0 0.435 0.48 1
130 3.98515685076 9.96476261744 0.0 0.435 0.48 1
132 3.51034756344 10.2633260269 0.0 0.435 0.48 1
133 4.47869753283 9.9139280801 0.0 0.435 0.48 1
134 5.01959286457 11.3210662592 0.0 0.435 0.48 1
136 0.84291276405 5.42760116508 0.0 0.435 0.48 1
137 4.82554403349 5.27438157367 0.0 0.435 0.48 1
138 5.08483704855 5.89322643432 0.0 0.435 0.48 1
139 1.27457670389 6.27937799026 0.0 0.435 0.48 1
140 6.68731839324 6.56457645092 0.0 0.435 0.48 1
141 6.94134978056 6.01279499398 0.0 0.435 0.48 1
142 3.87529406353 7.98197700142 0.0 0.435 0.48 1
143 13.1736426068 12.3582817488 0.0 0.435 0.48 1
232 12.1408903139 7.86598833876 0.0 0.435 0.48 1
233 12.6927298313 7.47005173103 0.0 0.435 0.48 1
238 12.4140740262 8.39294917652 0.0 0.435 0.48 1
245 11.8399252071 13.4470477551 0.0 0.435 0.48 1
248 11.5585333555 5.19610115936 0.0 0.435 0.48 1
249 12.1636205457 4.77558259227 0.0 0.435 0.48 1
252 9.16638691952 11.9442069963 0.0 0.435 0.48 1
253 7.49129511201 7.17411357939 0.0 0.435 0.48 1
254 6.79676025025 7.27578265406 0.0 0.435 0.48 1
255 11.6627135848 3.84815061058 0.0 0.435 0.48 1
256 0.769039510572 7.72088318053 0.0 0.435 0.48 1
257 1.59258948454 7.62112338425 0.0 0.435 0.48 1
258 1.61510925127 7.05812491673 0.0 0.435 0.48 1
322 0.830284857473 8.35309298997 0.0 0.435 0.48 1
324 4.89983821719 10.1962626232 0.0 0.435 0.48 1
325 4.65654055046 10.7382590283 0.0 0.435 0.48 1
326 3.91296731816 10.835154907 0.0 0.435 0.48 1
327 5.2060649517 9.22754249612 0.0 0.435 0.48 1
376 7.62094161954 8.06908782831 0.0 0.435 0.48 1
386 14.6883600008 10.3602219056 0.0 0.435 0.48 1
