189 12.8577344772 5.61948364405 0.0 0.435 0.48 1
190 12.5656089051 5.13810682803 0.0 0.435 0.48 1
191 5.41105796847 9.18339043317 0.0 0.435 0.48 1
192 5.80589051413 9.0819600183 0.0 0.435 0.48 1
193 9.00222413401 10.192921386 0.0 0.435 0.48 1
196 10.0448682871 11.180734297 0.0 0.435 0.48 1
198 7.508553251 8.53375845835 0.0 0.435 0.48 1
200 6.38740561203 6.56051923432 0.0 0.435 0.48 1
201 8.3765113631 4.27201041487 0.0 0.435 0.48 1
202 1.10494182553 4.36747433476 0.0 0.435 0.48 1
263 6.74246025196 9.33804198339 0.0 0.435 0.48 1
291 13.9073239789 9.18124249498 0.0 0.435 0.48 1
362 4.31579753798 8.77265691787 0.0 0.435 0.48 1
363 4.87521379937 9.12539610184 0.0 0.435 0.48 1
366 4.80912775494 6.92304347009 0.0 0.435 0.48 1
401 10.3984496713 12.1766616412 0.0 0.435 0.48 1
402 11.0500496507 11.7776224561 0.0 0.435 0.48 1
433 11.1384449967 6.55312078053 0.0 0.435 0.48 1
