179 3.7673254623 8.94974248925 0.0 0.435 0.48 1
181 11.8327693934 12.971637434 0.0 0.435 0.48 1
183 12.4974182096 3.65626813161 0.0 0.435 0.48 1
184 12.8930926157 2.95460832045 0.0 0.435 0.48 1
185 2.04508947023 6.40801562231 0.0 0.435 0.48 1
186 14.8438937168 6.46600995364 0.0 0.435 0.48 1
187 12.2454914733 9.77932395306 0.0 0.435 0.48 1
189 2.49990457213 5.43977281487 0.0 0.435 0.48 1
190 1.97100575164 4.29229649785 0.0 0.435 0.48 1
191 13.7863065409 3.15890110901 0.0 0.435 0.48 1
192 14.4846297746 3.72715009212 0.0 0.435 0.48 1
194 15.2606146338 6.73020635192 0.0 0.435 0.48 1
362 4.9459300762 8.47242288983 0.0 0.435 0.48 1
363 5.08967774607 7.96598679484 0.0 0.435 0.48 1
365 13.3378053923 12.3267786552 0.0 0.435 0.48 1
417 14.0695925785 3.5798969957 0.0 0.435 0.48 1
418 14.6397425604 0.664428882402 0.0 0.435 0.48 1
