45 4.75609054732 6.30610788783 0.0 0.435 0.48 1
46 4.71547078116 6.81516924062 0.0 0.435 0.48 1
47 4.15373940357 7.3254238924 0.0 0.435 0.48 1
48 3.57559174743 4.97557950443 0.0 0.435 0.48 1
49 4.13164056706 5.54430580714 0.0 0.435 0.48 1
50 6.50905444539 8.72540227752 0.0 0.435 0.48 1
51 10.7640275667 1.52694539857 0.0 0.435 0.48 1
52 11.8176159055 7.19153574477 0.0 0.435 0.48 1
53 12.3052635645 6.58701047209 0.0 0.435 0.48 1
54 13.6739181724 6.14596716222 0.0 0.435 0.48 1
55 14.3362518724 6.57149758511 0.0 0.435 0.48 1
56 14.5555565166 7.05621563833 0.0 0.435 0.48 1
87 13.0418914482 9.9919698346 0.0 0.435 0.48 1
89 10.691627569 8.18961102717 0.0 0.435 0.48 1
90 9.91564270979 8.45452340485 0.0 0.435 0.48 1
91 11.2140019711 6.83975119999 0.0 0.435 0.48 1
92 7.38921953384 8.1643130884 0.0 0.435 0.48 1
93 8.93761134536 7.94737133046 0.0 0.435 0.48 1
94 6.18093933948 3.98466401602 0.0 0.435 0.48 1
95 5.93216957991 4.43215114048 0.0 0.435 0.48 1
96 1.322773214 6.42591510728 0.0 0.435 0.48 1
221 11.897382182 6.14716046122 0.0 0.435 0.48 1
222 13.1025053997 11.4950492532 0.0 0.435 0.48 1
223 13.728849566 7.97457854763 0.0 0.435 0.48 1
224 14.3606658251 7.38246358454 0.0 0.435 0.48 1
225 12.9452879628 8.2476053585 0.0 0.435 0.48 1
226 14.1527262968 8.17027958339 0.0 0.435 0.48 1
227 9.16617645441 0.539848466952 0.0 0.435 0.48 1
228 7.83561603136 4.4121037173 0.0 0.435 0.48 1
229 8.87573460313 4.90493620371 0.0 0.435 0.48 1
230 8.29590322611 5.62449549985 0.0 0.435 0.48 1
232 13.7185367756 4.30446814763 0.0 0.435 0.48 1
233 14.8262146476 3.0808593545 0.0 0.435 0.48 1
300 1.17692089303 8.32922701 0.0 0.435 0.48 1
301 0.791348812192 7.76813782087 0.0 0.435 0.48 1
308 12.1438368254 13.1143559943 0.0 0.435 0.48 1
309 12.4471170484 13.4164993007 0.0 0.435 0.48 1
310 13.5648972456 12.0964719485 0.0 0.435 0.48 1
311 13.358430973 10.961405941 0.0 0.435 0.48 1
312 14.2219693178 12.2857291696 0.0 0.435 0.48 1
318 2.32290341494 8.02923164176 0.0 0.435 0.48 1
319 2.3045929504 8.72898217452 0.0 0.435 0.48 1
340 13.1464926076 11.8346621482 0.0 0.435 0.48 1
341 12.2288647297 11.4131889419 0.0 0.435 0.48 1
