189 13.2115263265 5.58630993189 0.0 0.435 0.48 1
190 12.9038263363 5.10397847667 0.0 0.435 0.48 1
191 5.18607076628 9.45498528525 0.0 0.435 0.48 1
192 5.62131261299 9.35021363317 0.0 0.435 0.48 1
193 9.29561249683 10.4532992274 0.0 0.435 0.48 1
196 9.8152508525 11.2747662581 0.0 0.435 0.48 1
198 7.14444861135 8.46263783804 0.0 0.435 0.48 1
200 5.89428586017 6.62185480285 0.0 0.435 0.48 1
201 7.74511603422 4.46293825464 0.0 0.435 0.48 1
202 1.51934762639 4.35243876737 0.0 0.435 0.48 1
204 14.9657530153 2.34626449098 0.0 0.435 0.48 1
263 6.95944977999 9.48266982201 0.0 0.435 0.48 1
291 13.6903344509 9.23899816651 0.0 0.435 0.48 1
362 4.24781730757 8.95714094305 0.0 0.435 0.48 1
363 4.78576612777 9.38577394333 0.0 0.435 0.48 1
366 4.23034870347 6.93306718168 0.0 0.435 0.48 1
401 10.275117117 12.2341786529 0.0 0.435 0.48 1
402 10.9020926786 11.8613920458 0.0 0.435 0.48 1
433 11.1546508102 6.36028366236 0.0 0.435 0.48 1
