190 14.740555348 5.00755991759 0.0 0.435 0.48 1
191 4.18825568155 11.1406394506 0.0 0.435 0.48 1
192 4.63717776038 10.6151105717 0.0 0.435 0.48 1
193 10.6364857103 11.4444533757 0.0 0.435 0.48 1
198 5.52912889497 9.09604094648 0.0 0.435 0.48 1
200 3.6711429072 7.26217904548 0.0 0.435 0.48 1
201 4.36609869918 5.40445116451 0.0 0.435 0.48 1
202 3.90370685333 4.38680577853 0.0 0.435 0.48 1
203 1.0845267099 4.18155835078 0.0 0.435 0.48 1
204 11.9386333435 4.00852999599 0.0 0.435 0.48 1
263 7.18738349371 10.847087897 0.0 0.435 0.48 1
291 12.7562902944 9.69269044576 0.0 0.435 0.48 1
362 3.9925231296 9.89722189412 0.0 0.435 0.48 1
363 4.39872079117 10.2559275731 0.0 0.435 0.48 1
366 1.59090576366 6.92113419169 0.0 0.435 0.48 1
369 14.5010460532 11.5034023462 0.0 0.435 0.48 1
370 12.582656579 13.5191230146 0.0 0.435 0.48 1
402 9.83798108434 12.1358508154 0.0 0.435 0.48 1
433 11.7258531177 4.85171506837 0.0 0.435 0.48 1
