72 4.00241498975 11.1685626472 0.0 0.435 0.48 1
103 11.4204682436 5.11352486866 0.0 0.435 0.48 1
110 14.3116274545 11.7420621459 0.0 0.435 0.48 1
114 3.5006661684 6.16911716279 0.0 0.435 0.48 1
115 3.55412430625 7.26313368468 0.0 0.435 0.48 1
116 3.59158709576 6.75836820829 0.0 0.435 0.48 1
117 3.81489057707 5.54454446694 0.0 0.435 0.48 1
120 5.41947657286 7.67291256079 0.0 0.435 0.48 1
121 6.11990445769 6.84428573618 0.0 0.435 0.48 1
122 8.65853460999 6.05718571673 0.0 0.435 0.48 1
123 7.15791837836 6.79034862145 0.0 0.435 0.48 1
124 9.72201480893 6.44285995306 0.0 0.435 0.48 1
125 10.4485403674 4.00542741859 0.0 0.435 0.48 1
126 10.8000171004 3.56891864491 0.0 0.435 0.48 1
127 11.8523426486 6.37221665235 0.0 0.435 0.48 1
128 11.9422112504 5.61685838626 0.0 0.435 0.48 1
129 12.7148286678 5.32402281201 0.0 0.435 0.48 1
130 13.0785123772 7.20012749756 0.0 0.435 0.48 1
131 12.3402007727 4.38346454134 0.0 0.435 0.48 1
132 13.1835344669 6.55359810013 0.0 0.435 0.48 1
133 13.3780042282 7.72159915993 0.0 0.435 0.48 1
134 14.5157786109 5.20278363375 0.0 0.435 0.48 1
135 14.8194797641 4.29086453905 0.0 0.435 0.48 1
232 10.0844357277 7.69773317996 0.0 0.435 0.48 1
233 10.4794787385 7.44785636966 0.0 0.435 0.48 1
238 10.4649566459 8.06861050871 0.0 0.435 0.48 1
243 9.47598109578 9.13971568983 0.0 0.435 0.48 1
244 7.62936022393 9.0750388841 0.0 0.435 0.48 1
245 7.74701022021 8.62874505864 0.0 0.435 0.48 1
246 6.43686491279 4.94168981287 0.0 0.435 0.48 1
247 6.75593001898 4.05721659513 0.0 0.435 0.48 1
248 2.28186271856 4.47153000743 0.0 0.435 0.48 1
249 1.71108134126 3.82571658941 0.0 0.435 0.48 1
250 0.763988347941 3.28801606065 0.0 0.435 0.48 1
251 0.520690681214 5.90563674391 0.0 0.435 0.48 1
252 0.158269762438 6.14405788382 0.0 0.435 0.48 1
321 6.84832420211 7.56408369212 0.0 0.435 0.48 1
322 10.1730415389 9.62944559884 0.0 0.435 0.48 1
323 8.92940320608 8.68506877137 0.0 0.435 0.48 1
324 0.530372076256 12.8783214523 0.0 0.435 0.48 1
376 11.0115345356 8.72850485492 0.0 0.435 0.48 1
377 8.9517125077 7.2418929625 0.0 0.435 0.48 1
379 12.4525891412 13.349435897 0.0 0.435 0.48 1
380 13.774941425 10.6840832538 0.0 0.435 0.48 1
381 13.8850146773 9.84137550098 0.0 0.435 0.48 1
382 14.9623855735 10.5358755181 0.0 0.435 0.48 1
383 14.9392344114 9.95640952445 0.0 0.435 0.48 1
384 14.9857472007 6.90228006751 0.0 0.435 0.48 1
