3 14.8188483687 11.2074641945 0.0 0.435 0.48 1
4 4.73841147811 6.96289965664 0.0 0.435 0.48 1
7 1.8520929647 6.87340223175 0.0 0.435 0.48 1
8 2.51253247871 7.51515843318 0.0 0.435 0.48 1
10 11.0119554658 7.2485754369 0.0 0.435 0.48 1
11 11.0551008133 7.97243060943 0.0 0.435 0.48 1
12 10.5371461785 6.98223110042 0.0 0.435 0.48 1
13 10.8871496558 6.51946974877 0.0 0.435 0.48 1
19 5.69560679669 5.79036406065 0.0 0.435 0.48 1
20 5.67224516952 5.17557641659 0.0 0.435 0.48 1
23 11.0195322098 9.30582291043 0.0 0.435 0.48 1
25 0.970875550703 8.10202288067 0.0 0.435 0.48 1
26 4.55804287916 10.2487677791 0.0 0.435 0.48 1
27 7.1238230306 4.5794042369 0.0 0.435 0.48 1
28 9.3867438893 0.439134031473 0.0 0.435 0.48 1
29 7.22989744586 5.2469356967 0.0 0.435 0.48 1
30 10.1353682842 1.18828714277 0.0 0.435 0.48 1
31 11.6692380032 12.5546987639 0.0 0.435 0.48 1
32 11.5661100995 11.6282214214 0.0 0.435 0.48 1
33 14.0317088587 9.54472136994 0.0 0.435 0.48 1
73 12.0806972925 9.29579919884 0.0 0.435 0.48 1
74 12.7108298307 11.4936172944 0.0 0.435 0.48 1
75 4.80618124341 7.70155173675 0.0 0.435 0.48 1
76 6.07549631956 8.17218886179 0.0 0.435 0.48 1
77 5.26709983349 8.4977208286 0.0 0.435 0.48 1
78 5.38138238802 9.08410795649 0.0 0.435 0.48 1
79 3.82772894876 11.4057904881 0.0 0.435 0.48 1
80 1.79400459445 6.09560994448 0.0 0.435 0.48 1
81 1.50124762696 5.13524291043 0.0 0.435 0.48 1
82 12.2187624044 12.9721147536 0.0 0.435 0.48 1
217 7.46140906644 3.84815061058 0.0 0.435 0.48 1
219 11.317550805 0.217896397138 0.0 0.435 0.48 1
220 10.1277915403 2.25939232389 0.0 0.435 0.48 1
315 6.8897858287 10.8790683101 0.0 0.435 0.48 1
419 13.7764146808 3.25269441029 0.0 0.435 0.48 1
420 13.6356135224 4.14719133962 0.0 0.435 0.48 1
