142 9.25015203315 9.40295744891 0.0 0.435 0.48 1
146 2.47338596832 5.06412229012 0.0 0.435 0.48 1
147 2.86232549091 5.68010323318 0.0 0.435 0.48 1
148 2.72910107651 6.86815171615 0.0 0.435 0.48 1
149 2.68343014773 7.40656822431 0.0 0.435 0.48 1
150 9.0455799466 6.62805995764 0.0 0.435 0.48 1
151 8.95444855413 5.9987140658 0.0 0.435 0.48 1
152 10.657111291 4.63000011444 0.0 0.435 0.48 1
153 10.6049159438 3.14816141802 0.0 0.435 0.48 1
154 11.4215205692 3.60543359427 0.0 0.435 0.48 1
232 12.455956583 7.92111875249 0.0 0.435 0.48 1
233 13.367901903 8.09820432388 0.0 0.435 0.48 1
238 12.6041240201 8.47122959083 0.0 0.435 0.48 1
248 11.8426612535 5.3278413688 0.0 0.435 0.48 1
249 12.2907414719 4.90422022431 0.0 0.435 0.48 1
256 4.13606033436 4.18919546437 0.0 0.435 0.48 1
259 7.18296372641 9.17599197938 0.0 0.435 0.48 1
260 0.818498811334 6.14739912102 0.0 0.435 0.48 1
324 14.5288274477 6.46314603604 0.0 0.435 0.48 1
325 14.2274414107 6.85550274677 0.0 0.435 0.48 1
328 11.3667996407 9.28195693046 0.0 0.435 0.48 1
329 6.48022072537 9.80963374762 0.0 0.435 0.48 1
330 6.16410213071 10.194114685 0.0 0.435 0.48 1
331 6.59092537303 10.8695219181 0.0 0.435 0.48 1
354 11.6521903293 8.12111566465 0.0 0.435 0.48 1
355 11.5467473094 8.75428011329 0.0 0.435 0.48 1
376 4.54478357725 10.2506770575 0.0 0.435 0.48 1
388 12.3963949569 13.5797426037 0.0 0.435 0.48 1
389 11.3255484792 12.3119817476 0.0 0.435 0.48 1
391 14.0205542079 9.42181157309 0.0 0.435 0.48 1
392 14.5094646576 9.27264919827 0.0 0.435 0.48 1
