45 1.12704066204 5.71208364634 0.0 0.435 0.48 1
46 1.42821623392 6.36195428096 0.0 0.435 0.48 1
47 1.87040342924 6.89368831472 0.0 0.435 0.48 1
50 13.5268030607 2.81284439942 0.0 0.435 0.48 1
51 7.08972768285 0.00739845379112 0.0 0.435 0.48 1
52 3.0458510665 7.84283833818 0.0 0.435 0.48 1
53 2.90862781502 7.2495300761 0.0 0.435 0.48 1
54 4.29959172454 10.6411244898 0.0 0.435 0.48 1
55 7.6310439448 6.77793831186 0.0 0.435 0.48 1
56 7.89244161096 7.43019554448 0.0 0.435 0.48 1
57 8.04397648989 6.11446406866 0.0 0.435 0.48 1
58 11.4362531268 1.82574746781 0.0 0.435 0.48 1
59 11.9813577608 2.10092221688 0.0 0.435 0.48 1
60 14.1325216462 0.876597444347 0.0 0.435 0.48 1
61 14.387394894 1.61811344206 0.0 0.435 0.48 1
93 11.6092554469 13.0451446523 0.0 0.435 0.48 1
96 9.2206869178 8.36144608296 0.0 0.435 0.48 1
97 8.28874741238 4.37033825235 0.0 0.435 0.48 1
98 3.51729291206 8.34569453618 0.0 0.435 0.48 1
99 2.70952782132 8.18292855278 0.0 0.435 0.48 1
100 4.02283010538 4.998729505 0.0 0.435 0.48 1
101 5.02001379479 4.00948463519 0.0 0.435 0.48 1
222 12.7752321543 10.3480502558 0.0 0.435 0.48 1
225 1.97542551895 8.35309298997 0.0 0.435 0.48 1
229 14.8714646461 5.15505167381 0.0 0.435 0.48 1
231 4.51931729899 8.93494558167 0.0 0.435 0.48 1
232 9.3627508668 9.17074146379 0.0 0.435 0.48 1
233 8.76376716481 9.08339197709 0.0 0.435 0.48 1
313 12.2715891469 13.2141157905 0.0 0.435 0.48 1
340 13.3942100417 10.3733481945 0.0 0.435 0.48 1
343 13.5486914321 9.85664972817 0.0 0.435 0.48 1
376 14.3549832671 9.35307755077 0.0 0.435 0.48 1
