3 12.9631774972 8.65642959541 0.0 0.435 0.48 1
4 3.11214757603 6.59655686408 0.0 0.435 0.48 1
5 3.33944989443 12.0637755559 0.0 0.435 0.48 1
7 6.46296258638 6.46863521143 0.0 0.435 0.48 1
8 7.41931604452 6.68772490757 0.0 0.435 0.48 1
9 12.8377402918 11.9322740063 0.0 0.435 0.48 1
10 6.500635841 8.4962888698 0.0 0.435 0.48 1
11 6.85758466693 8.02231050757 0.0 0.435 0.48 1
12 5.85682307066 8.37934556794 0.0 0.435 0.48 1
13 6.08496724949 7.55429864033 0.0 0.435 0.48 1
14 13.5268030607 10.1936373654 0.0 0.435 0.48 1
15 13.9731995583 9.38839920113 0.0 0.435 0.48 1
16 13.0831426097 10.3886224217 0.0 0.435 0.48 1
17 5.91596376646 6.15026303862 0.0 0.435 0.48 1
19 12.2865321697 4.21377742374 0.0 0.435 0.48 1
20 12.1333135699 3.72309287553 0.0 0.435 0.48 1
21 14.8714646461 1.66107220601 0.0 0.435 0.48 1
22 14.9194506911 0.865141773961 0.0 0.435 0.48 1
23 7.09877768256 7.2440409007 0.0 0.435 0.48 1
24 10.7625543109 3.46319235364 0.0 0.435 0.48 1
25 6.78602652966 9.01799919197 0.0 0.435 0.48 1
26 11.5296996355 9.03446671815 0.0 0.435 0.48 1
27 13.031999588 2.49160830901 0.0 0.435 0.48 1
28 13.7513693327 3.14291090243 0.0 0.435 0.48 1
29 13.1860600483 3.12429543805 0.0 0.435 0.48 1
30 14.274164665 2.85604182317 0.0 0.435 0.48 1
74 12.1629891504 11.9630611204 0.0 0.435 0.48 1
75 3.41690105477 8.56144299512 0.0 0.435 0.48 1
76 3.72396964971 8.09724968468 0.0 0.435 0.48 1
77 0.843333694269 7.32208265521 0.0 0.435 0.48 1
78 0.828811601705 7.87505741114 0.0 0.435 0.48 1
217 6.40403235569 5.19299858196 0.0 0.435 0.48 1
219 7.75058812707 3.84958256938 0.0 0.435 0.48 1
220 7.21642767884 4.495873307 0.0 0.435 0.48 1
273 13.0277902858 12.5723595891 0.0 0.435 0.48 1
274 14.6732065129 11.1236946048 0.0 0.435 0.48 1
409 8.5667718222 2.71666450014 0.0 0.435 0.48 1
