4 6.84832420211 6.81779449841 0.0 0.435 0.48 1
28 0.179316273401 5.31543105922 0.0 0.435 0.48 1
30 0.0865011600561 4.84360063518 0.0 0.435 0.48 1
37 4.09354638222 2.99207790901 0.0 0.435 0.48 1
38 9.28866714821 7.09726512388 0.0 0.435 0.48 1
39 9.33959970474 7.63210173504 0.0 0.435 0.48 1
40 12.5077309999 12.6012374249 0.0 0.435 0.48 1
41 13.9601507215 2.2512778907 0.0 0.435 0.48 1
42 10.446014786 3.51235627238 0.0 0.435 0.48 1
43 13.5259612003 9.35021363317 0.0 0.435 0.48 1
44 11.8778089268 6.75502697109 0.0 0.435 0.48 1
45 13.5160693402 5.67533003719 0.0 0.435 0.48 1
46 14.018870487 5.94692488926 0.0 0.435 0.48 1
47 14.2375437359 6.49154655221 0.0 0.435 0.48 1
75 7.64514510715 6.92113419169 0.0 0.435 0.48 1
80 14.683098373 10.2635646867 0.0 0.435 0.48 1
82 13.2803484174 7.17172698139 0.0 0.435 0.48 1
83 6.35604631069 3.10257739627 0.0 0.435 0.48 1
84 13.469767016 7.83663318339 0.0 0.435 0.48 1
85 12.8804647091 7.71730328353 0.0 0.435 0.48 1
86 9.06220669026 3.34386245379 0.0 0.435 0.48 1
87 1.91228598606 7.36504141916 0.0 0.435 0.48 1
217 2.01204644802 6.64190222603 0.0 0.435 0.48 1
219 2.18168132638 5.36101508096 0.0 0.435 0.48 1
220 2.19388830274 6.04954860314 0.0 0.435 0.48 1
221 1.86156389464 8.05214298253 0.0 0.435 0.48 1
222 13.0578867965 11.8757116337 0.0 0.435 0.48 1
223 10.6882601272 12.2544647359 0.0 0.435 0.48 1
224 10.4104461825 12.5773714449 0.0 0.435 0.48 1
232 2.24839876613 4.43119650128 0.0 0.435 0.48 1
233 4.72830915285 3.79469081544 0.0 0.435 0.48 1
235 1.92217784621 13.0387008377 0.0 0.435 0.48 1
275 15.195580915 8.3301816492 0.0 0.435 0.48 1
300 10.6137554784 8.89676001372 0.0 0.435 0.48 1
301 11.0050101172 8.52445072616 0.0 0.435 0.48 1
302 13.201003071 12.4461085551 0.0 0.435 0.48 1
303 12.9116135453 10.818448721 0.0 0.435 0.48 1
304 12.6178042523 11.2265569785 0.0 0.435 0.48 1
316 9.10703575861 8.40774608411 0.0 0.435 0.48 1
317 8.49752880113 8.81251310442 0.0 0.435 0.48 1
410 2.71079061198 0.10023711588 0.0 0.435 0.48 1
411 10.4300194377 6.15742283261 0.0 0.435 0.48 1
