203 9.15691598959 4.27749959026 0.0 0.435 0.48 1
204 7.30103465291 6.61541098826 0.0 0.435 0.48 1
205 12.0596507815 9.02921620256 0.0 0.435 0.48 1
206 12.1501507787 8.51299505578 0.0 0.435 0.48 1
208 9.58773806899 3.39398101172 0.0 0.435 0.48 1
209 9.21710901094 2.79470625464 0.0 0.435 0.48 1
210 7.41321255634 11.5327575016 0.0 0.435 0.48 1
264 7.86087184451 0.859175278968 0.0 0.435 0.48 1
265 6.80770443595 0.656314449212 0.0 0.435 0.48 1
266 10.1785136317 8.98649609841 0.0 0.435 0.48 1
267 7.760059057 3.31737121602 0.0 0.435 0.48 1
268 4.23434754056 6.69345274276 0.0 0.435 0.48 1
269 4.53657543798 7.41683059569 0.0 0.435 0.48 1
270 2.21872318567 7.54546822774 0.0 0.435 0.48 1
271 2.04614179578 6.77221047667 0.0 0.435 0.48 1
292 12.1484670578 5.35123002917 0.0 0.435 0.48 1
293 10.5946031534 4.90541352331 0.0 0.435 0.48 1
294 10.355725254 4.36651969556 0.0 0.435 0.48 1
295 12.0933251991 4.68489186838 0.0 0.435 0.48 1
296 12.3000019367 9.48386312101 0.0 0.435 0.48 1
297 12.5007856513 7.64331874562 0.0 0.435 0.48 1
337 11.0494182553 11.5869332761 0.0 0.435 0.48 1
371 13.8241902606 12.6043400023 0.0 0.435 0.48 1
375 12.6258019264 12.2399064881 0.0 0.435 0.48 1
404 13.0862995863 11.3229755376 0.0 0.435 0.48 1
405 14.0401274631 11.1191600686 0.0 0.435 0.48 1
434 14.4928379139 0.54104176595 0.0 0.435 0.48 1
