121 5.54175680155 7.46647183404 0.0 0.435 0.48 1
122 1.37412670075 12.4919312366 0.0 0.435 0.48 1
123 5.77095330593 7.9130043193 0.0 0.435 0.48 1
124 1.61258366995 13.0747384675 0.0 0.435 0.48 1
127 4.28864753884 10.3972141745 0.0 0.435 0.48 1
128 4.56709287887 9.02444300656 0.0 0.435 0.48 1
129 6.17125794444 8.46263783804 0.0 0.435 0.48 1
130 5.20711727725 9.2418620841 0.0 0.435 0.48 1
131 2.65649061369 12.505773505 0.0 0.435 0.48 1
132 5.27215099612 8.71108268954 0.0 0.435 0.48 1
133 5.6061591251 9.40248012931 0.0 0.435 0.48 1
134 6.39813933262 9.30773218882 0.0 0.435 0.48 1
135 1.90555110255 6.45097438625 0.0 0.435 0.48 1
136 3.58085337517 5.98009860142 0.0 0.435 0.48 1
137 7.65693115329 5.75432643089 0.0 0.435 0.48 1
138 8.06207648932 6.45216768525 0.0 0.435 0.48 1
139 6.04034864625 6.4094475811 0.0 0.435 0.48 1
140 9.79315201599 7.04571460714 0.0 0.435 0.48 1
141 10.3239450225 6.52042438797 0.0 0.435 0.48 1
232 12.0872217109 7.85668060657 0.0 0.435 0.48 1
233 12.6649484368 7.47005173103 0.0 0.435 0.48 1
238 12.3818728644 8.37958422774 0.0 0.435 0.48 1
244 11.8401356722 12.2831039119 0.0 0.435 0.48 1
245 12.4096542589 12.2136539101 0.0 0.435 0.48 1
248 11.5103368454 5.17366713819 0.0 0.435 0.48 1
249 12.1518344996 4.56031145292 0.0 0.435 0.48 1
251 9.3278136586 11.0976806867 0.0 0.435 0.48 1
252 8.72925088683 10.3759734523 0.0 0.435 0.48 1
253 4.81417891757 7.41873987409 0.0 0.435 0.48 1
254 4.15584405467 6.96337697624 0.0 0.435 0.48 1
255 5.88691958134 4.53119495736 0.0 0.435 0.48 1
321 1.81378831475 4.04790886294 0.0 0.435 0.48 1
322 3.64336151273 8.75117753589 0.0 0.435 0.48 1
323 11.4493019636 13.3783137327 0.0 0.435 0.48 1
324 4.46038706829 10.9941023336 0.0 0.435 0.48 1
325 4.42081962768 11.6174817305 0.0 0.435 0.48 1
326 5.41000564292 9.9082002449 0.0 0.435 0.48 1
327 5.65414517009 10.2270497373 0.0 0.435 0.48 1
376 7.72891022078 8.13591257223 0.0 0.435 0.48 1
386 14.5010460532 8.17815535678 0.0 0.435 0.48 1
