203 9.99014735859 4.06079649212 0.0 0.435 0.48 1
204 10.2022961891 5.90086354792 0.0 0.435 0.48 1
205 13.300763533 9.98337808181 0.0 0.435 0.48 1
206 13.7044356133 9.53326569955 0.0 0.435 0.48 1
208 13.0677786566 2.7445876967 0.0 0.435 0.48 1
209 12.5982309971 1.90092530472 0.0 0.435 0.48 1
265 7.4100555797 -0.111454126466 0.0 0.435 0.48 1
266 12.1017438035 8.55141928353 0.0 0.435 0.48 1
267 10.6970996618 2.46535573104 0.0 0.435 0.48 1
268 6.67384862623 7.36098420256 0.0 0.435 0.48 1
269 6.56651142032 7.89963937052 0.0 0.435 0.48 1
270 3.83972546001 7.162657909 0.0 0.435 0.48 1
271 3.36112780072 6.15837747181 0.0 0.435 0.48 1
272 0.445554637077 8.01491205378 0.0 0.435 0.48 1
292 10.6495345471 5.42354394849 0.0 0.435 0.48 1
293 7.88886370409 6.32042747581 0.0 0.435 0.48 1
294 7.57884859762 5.69680941916 0.0 0.435 0.48 1
295 10.2706973497 4.84479393418 0.0 0.435 0.48 1
296 9.87081364144 9.43446054247 0.0 0.435 0.48 1
297 9.91985201198 7.73663472731 0.0 0.435 0.48 1
337 10.6783682671 12.4504044315 0.0 0.435 0.48 1
338 1.53639530027 13.1740209442 0.0 0.435 0.48 1
339 2.08718249216 13.5231802312 0.0 0.435 0.48 1
371 14.8354751124 12.7852441304 0.0 0.435 0.48 1
375 12.308210076 11.9246368927 0.0 0.435 0.48 1
404 11.5909449824 12.0523198855 0.0 0.435 0.48 1
405 12.5992833226 12.3842956669 0.0 0.435 0.48 1
406 14.4090728003 10.864987382 0.0 0.435 0.48 1
434 12.5245682087 3.73383256652 0.0 0.435 0.48 1
