4 6.31290096322 6.90585996451 0.0 0.435 0.48 1
28 1.61132087929 5.36316301916 0.0 0.435 0.48 1
30 1.7207627363 4.86579599656 0.0 0.435 0.48 1
37 4.84890566066 1.97061396623 0.0 0.435 0.48 1
38 10.6044950136 7.02638316336 0.0 0.435 0.48 1
39 10.9932240711 7.62112338425 0.0 0.435 0.48 1
40 12.5660298353 12.0895508143 0.0 0.435 0.48 1
41 13.9346844432 2.17180417739 0.0 0.435 0.48 1
42 12.3923961199 1.80760932303 0.0 0.435 0.48 1
43 14.0578065323 9.96929715363 0.0 0.435 0.48 1
44 14.2072367602 4.87963826494 0.0 0.435 0.48 1
45 14.9668053408 5.28321198626 0.0 0.435 0.48 1
75 6.88031489877 7.10776615507 0.0 0.435 0.48 1
80 14.5532414004 9.08386929669 0.0 0.435 0.48 1
81 14.9733297592 8.12779813904 0.0 0.435 0.48 1
82 12.457850769 7.87577339054 0.0 0.435 0.48 1
83 7.31808232679 4.75314857109 0.0 0.435 0.48 1
84 12.7722856427 8.40416618711 0.0 0.435 0.48 1
85 12.354301935 8.57266000571 0.0 0.435 0.48 1
86 7.15455093661 3.24004544091 0.0 0.435 0.48 1
87 0.773880208093 7.01277955478 0.0 0.435 0.48 1
217 3.16308013256 6.58533985349 0.0 0.435 0.48 1
219 3.68124523246 5.26650580028 0.0 0.435 0.48 1
220 3.80057894962 6.05742437653 0.0 0.435 0.48 1
221 1.75296389807 8.0829300967 0.0 0.435 0.48 1
222 12.8444751753 12.4427673179 0.0 0.435 0.48 1
223 10.5200985046 12.6986106232 0.0 0.435 0.48 1
232 2.11812086327 4.40828516051 0.0 0.435 0.48 1
233 3.36744175401 3.75889184549 0.0 0.435 0.48 1
300 11.4072089417 9.37933012874 0.0 0.435 0.48 1
301 11.8519217183 9.06095795592 0.0 0.435 0.48 1
302 13.402418181 12.4790436074 0.0 0.435 0.48 1
303 13.7223251476 11.0499487267 0.0 0.435 0.48 1
304 13.6415065455 11.5969569877 0.0 0.435 0.48 1
316 9.50397295536 8.53041722116 0.0 0.435 0.48 1
317 8.70925670141 8.94067341687 0.0 0.435 0.48 1
410 2.70047782161 0.150832993419 0.0 0.435 0.48 1
411 9.93395317432 5.32211353361 0.0 0.435 0.48 1
