198 0.865011600561 13.0752157871 0.0 0.435 0.48 1
203 8.18456718312 4.19635525836 0.0 0.435 0.48 1
204 3.16476385344 8.88721362173 0.0 0.435 0.48 1
205 6.64522537132 6.45001974706 0.0 0.435 0.48 1
206 6.75929746073 5.70516251215 0.0 0.435 0.48 1
207 11.5924182382 5.59418570528 0.0 0.435 0.48 1
208 2.46349410817 6.93784037767 0.0 0.435 0.48 1
209 1.99331505326 6.43355222088 0.0 0.435 0.48 1
210 2.31195922924 8.20631721315 0.0 0.435 0.48 1
211 1.94133017119 8.54688474734 0.0 0.435 0.48 1
212 13.8662832826 5.28368930586 0.0 0.435 0.48 1
264 3.37017780043 5.31208982202 0.0 0.435 0.48 1
265 2.94167083724 4.78083310786 0.0 0.435 0.48 1
266 4.17668010052 7.03354295736 0.0 0.435 0.48 1
267 1.75128017719 4.37367948955 0.0 0.435 0.48 1
291 11.027740349 12.6878709322 0.0 0.435 0.48 1
337 5.42726378191 10.8621234644 0.0 0.435 0.48 1
371 12.1876135682 11.3473188372 0.0 0.435 0.48 1
372 11.4053147557 12.9422822787 0.0 0.435 0.48 1
374 12.3932379803 12.8427611422 0.0 0.435 0.48 1
403 14.2040797835 11.9559013264 0.0 0.435 0.48 1
434 10.7793915197 6.51684449098 0.0 0.435 0.48 1
