179 0.298860455668 7.52876204176 0.0 0.435 0.48 1
189 12.1524658949 5.69680941916 0.0 0.435 0.48 1
190 11.8986449727 5.01734496938 0.0 0.435 0.48 1
191 5.78484400317 8.58841155249 0.0 0.435 0.48 1
192 6.15863003786 8.43686257967 0.0 0.435 0.48 1
193 8.35020322439 9.71942034333 0.0 0.435 0.48 1
196 10.5045240865 10.9845559416 0.0 0.435 0.48 1
197 9.82177527089 11.8155693642 0.0 0.435 0.48 1
198 8.2365520652 8.67552237938 0.0 0.435 0.48 1
200 7.3685939531 6.44834912846 0.0 0.435 0.48 1
201 9.84134852609 4.06198979112 0.0 0.435 0.48 1
202 0.276130223829 4.39730680972 0.0 0.435 0.48 1
263 6.21524515235 9.09866620428 0.0 0.435 0.48 1
291 14.3840274522 9.09222238968 0.0 0.435 0.48 1
362 4.46522776582 8.38769866093 0.0 0.435 0.48 1
363 5.03643007334 8.65547495621 0.0 0.435 0.48 1
366 6.07549631956 7.09607182488 0.0 0.435 0.48 1
401 10.7560298925 11.9129425625 0.0 0.435 0.48 1
402 11.3457531297 11.6098446169 0.0 0.435 0.48 1
