64 5.31150797162 6.88676718053 0.0 0.435 0.48 1
65 5.13029751223 7.47291564863 0.0 0.435 0.48 1
66 5.15892076714 6.38056974534 0.0 0.435 0.48 1
67 0.761252301516 6.42209655049 0.0 0.435 0.48 1
70 4.99581030718 7.97338524863 0.0 0.435 0.48 1
71 5.35128587734 8.31156618482 0.0 0.435 0.48 1
72 6.99943815082 0.778508266665 0.0 0.435 0.48 1
103 6.32005677694 0.617174242059 0.0 0.435 0.48 1
104 3.90791615553 7.33449296479 0.0 0.435 0.48 1
106 4.71968008335 5.13046971444 0.0 0.435 0.48 1
107 4.69947543283 5.8266403502 0.0 0.435 0.48 1
108 6.15000096837 7.56909554791 0.0 0.435 0.48 1
109 6.36867421727 8.12612752044 0.0 0.435 0.48 1
110 5.49861145408 8.87098475535 0.0 0.435 0.48 1
111 7.40458348685 6.96671821344 0.0 0.435 0.48 1
112 7.3248172103 6.29250427924 0.0 0.435 0.48 1
113 10.4436996698 8.87026877595 0.0 0.435 0.48 1
114 13.5975193376 5.79537591644 0.0 0.435 0.48 1
115 13.6831786372 6.61087645206 0.0 0.435 0.48 1
116 13.8250321211 6.22735015392 0.0 0.435 0.48 1
117 14.2436472241 4.9941949688 0.0 0.435 0.48 1
232 6.44023235454 8.86621155935 0.0 0.435 0.48 1
233 6.27501724349 8.39891567152 0.0 0.435 0.48 1
236 2.60282201074 8.34259195878 0.0 0.435 0.48 1
237 2.73604642513 9.04520640914 0.0 0.435 0.48 1
238 6.80707304062 8.87193939455 0.0 0.435 0.48 1
242 6.05150329706 3.34433977338 0.0 0.435 0.48 1
243 1.47325576738 7.39845379112 0.0 0.435 0.48 1
244 0.960773225441 8.11443319026 0.0 0.435 0.48 1
245 0.945830202657 7.59868936308 0.0 0.435 0.48 1
320 5.116406815 12.4496884521 0.0 0.435 0.48 1
321 10.8715752377 12.2215296835 0.0 0.435 0.48 1
345 2.67985224086 13.2682915651 0.0 0.435 0.48 1
346 2.36962666927 12.9031420715 0.0 0.435 0.48 1
350 13.7393728215 10.2521090163 0.0 0.435 0.48 1
351 14.0106623478 10.9184471771 0.0 0.435 0.48 1
352 12.9305554052 10.8986384137 0.0 0.435 0.48 1
353 13.2832949289 11.2544801751 0.0 0.435 0.48 1
376 14.1588297849 8.68053423518 0.0 0.435 0.48 1
421 1.15334880075 4.87820630614 0.0 0.435 0.48 1
422 0.484069752139 5.29395167724 0.0 0.435 0.48 1
423 1.07337205909 5.70396921315 0.0 0.435 0.48 1
425 3.16644757432 6.77459707467 0.0 0.435 0.48 1
426 1.95900924039 6.10229241887 0.0 0.435 0.48 1
427 11.4471973125 10.9728616114 0.0 0.435 0.48 1
428 11.8016205571 10.5628440755 0.0 0.435 0.48 1
429 12.2033984514 10.8709538769 0.0 0.435 0.48 1
