198 2.01836040131 12.3489740166 0.0 0.435 0.48 1
203 6.51115909648 3.97106040743 0.0 0.435 0.48 1
204 4.01209638479 8.04020999255 0.0 0.435 0.48 1
205 4.83459403321 6.21875840113 0.0 0.435 0.48 1
206 4.69758124684 5.55122694133 0.0 0.435 0.48 1
207 12.56539844 3.46748823004 0.0 0.435 0.48 1
208 1.28383716872 7.43258214248 0.0 0.435 0.48 1
209 0.587408120965 6.81779449841 0.0 0.435 0.48 1
210 0.809027881401 8.14617494362 0.0 0.435 0.48 1
211 0.593511609144 8.56311361372 0.0 0.435 0.48 1
264 2.27302318396 5.47962900142 0.0 0.435 0.48 1
265 2.10528249158 4.90541352331 0.0 0.435 0.48 1
266 2.20693713953 6.75741356909 0.0 0.435 0.48 1
267 0.636025561288 4.01664442918 0.0 0.435 0.48 1
291 11.5246484729 12.5387085573 0.0 0.435 0.48 1
362 1.51682204507 13.2453802243 0.0 0.435 0.48 1
371 10.8448461688 11.4260765711 0.0 0.435 0.48 1
