179 3.49771965687 9.04711568754 0.0 0.435 0.48 1
189 7.91643463345 5.79084138025 0.0 0.435 0.48 1
190 8.03787300171 4.45267588325 0.0 0.435 0.48 1
191 8.10017067416 5.43619291787 0.0 0.435 0.48 1
192 8.71409739894 6.47364706723 0.0 0.435 0.48 1
193 4.09712428908 8.60774299626 0.0 0.435 0.48 1
194 12.5291984411 11.6170044109 0.0 0.435 0.48 1
195 13.091561214 11.6029234827 0.0 0.435 0.48 1
196 12.5043635582 8.49103835421 0.0 0.435 0.48 1
197 12.8524728495 9.12468012244 0.0 0.435 0.48 1
198 11.9948275278 8.8304125894 0.0 0.435 0.48 1
199 13.415887948 7.83854246179 0.0 0.435 0.48 1
200 11.5922077731 4.99300166981 0.0 0.435 0.48 1
263 2.91978246583 8.37481103174 0.0 0.435 0.48 1
289 14.2331239686 7.0762630615 0.0 0.435 0.48 1
290 14.5913355852 5.8323681854 0.0 0.435 0.48 1
362 4.63696729527 8.28459762745 0.0 0.435 0.48 1
363 5.11830100098 8.18412185177 0.0 0.435 0.48 1
366 11.2668287136 9.4986600286 0.0 0.435 0.48 1
367 14.0826414153 11.2723796601 0.0 0.435 0.48 1
368 14.2943693155 11.7442100841 0.0 0.435 0.48 1
400 10.45359153 12.3589977282 0.0 0.435 0.48 1
401 13.1980565595 10.4358770621 0.0 0.435 0.48 1
402 14.1699844358 10.6595012944 0.0 0.435 0.48 1
