1 9.80093922504 6.19298314276 0.0 0.435 0.48 1
2 12.0861693854 7.37339451215 0.0 0.435 0.48 1
3 6.63912188314 4.41974083089 0.0 0.435 0.48 1
4 2.6413371258 6.42877902488 0.0 0.435 0.48 1
5 12.2393879852 6.74118470271 0.0 0.435 0.48 1
6 13.6410856153 5.73117643032 0.0 0.435 0.48 1
7 12.9156123824 2.70473151015 0.0 0.435 0.48 1
8 13.3876856233 3.39827688812 0.0 0.435 0.48 1
9 14.2169181552 8.30536103003 0.0 0.435 0.48 1
10 1.61447785594 8.30870226722 0.0 0.435 0.48 1
11 1.20975345013 7.88412648353 0.0 0.435 0.48 1
12 0.854909275299 7.96670277423 0.0 0.435 0.48 1
13 0.577726725922 7.47625688582 0.0 0.435 0.48 1
14 11.5334880075 9.54018683375 0.0 0.435 0.48 1
15 11.2017949947 9.21966672273 0.0 0.435 0.48 1
16 10.6354333847 9.44305229526 0.0 0.435 0.48 1
17 15.093926267 0.902850022316 0.0 0.435 0.48 1
21 9.87691712962 1.59567942088 0.0 0.435 0.48 1
22 9.42336481837 0.71597939914 0.0 0.435 0.48 1
23 1.06348019894 4.03764649155 0.0 0.435 0.48 1
25 10.9938554664 12.4052977293 0.0 0.435 0.48 1
213 4.12427428822 11.8666425614 0.0 0.435 0.48 1
214 3.68040337202 11.7033992583 0.0 0.435 0.48 1
215 4.53194520557 10.7549652143 0.0 0.435 0.48 1
216 4.13669172969 10.6072347983 0.0 0.435 0.48 1
217 7.73332998808 4.73644238511 0.0 0.435 0.48 1
218 3.50676965658 3.78872432045 0.0 0.435 0.48 1
219 7.29303697874 3.31021142203 0.0 0.435 0.48 1
220 8.15952183507 4.1636588658 0.0 0.435 0.48 1
273 14.8954576686 7.85978318396 0.0 0.435 0.48 1
409 11.1567554612 4.25482690929 0.0 0.435 0.48 1
