51 11.0891961611 9.30510693103 0.0 0.435 0.48 1
55 1.93059645059 6.81421460142 0.0 0.435 0.48 1
56 1.99331505326 7.27220275707 0.0 0.435 0.48 1
58 3.01975339291 5.51447333218 0.0 0.435 0.48 1
59 3.47330570415 5.9123192183 0.0 0.435 0.48 1
60 11.776364744 2.88420367954 0.0 0.435 0.48 1
61 11.6698693985 3.73550318511 0.0 0.435 0.48 1
62 11.6012577728 6.9991759462 0.0 0.435 0.48 1
63 11.7199600946 7.60417853847 0.0 0.435 0.48 1
64 12.7438728529 7.17268162059 0.0 0.435 0.48 1
65 13.2433065581 7.22208419913 0.0 0.435 0.48 1
66 12.7215635513 6.61326305006 0.0 0.435 0.48 1
67 14.1121065306 1.18852580257 0.0 0.435 0.48 1
72 3.21716966574 4.97128362803 0.0 0.435 0.48 1
98 7.6310439448 8.23018319312 0.0 0.435 0.48 1
99 8.19382764794 8.27505123546 0.0 0.435 0.48 1
102 11.1925345299 1.69925777396 0.0 0.435 0.48 1
103 2.61692317308 4.54384392674 0.0 0.435 0.48 1
104 2.51821503667 6.3302125276 0.0 0.435 0.48 1
222 11.2228415057 8.33686412359 0.0 0.435 0.48 1
232 6.38824747246 8.97336980943 0.0 0.435 0.48 1
233 7.69986603565 9.03422805835 0.0 0.435 0.48 1
237 14.3800286152 10.2027064377 0.0 0.435 0.48 1
340 11.6894426537 8.65117907981 0.0 0.435 0.48 1
343 12.1817205451 8.47719608582 0.0 0.435 0.48 1
345 9.37622063382 10.6879018106 0.0 0.435 0.48 1
346 9.7104392279 10.3852811845 0.0 0.435 0.48 1
347 8.94897646128 9.7468662203 0.0 0.435 0.48 1
348 12.7567112246 12.4981363914 0.0 0.435 0.48 1
349 12.2932670532 12.7542183565 0.0 0.435 0.48 1
376 14.3109960592 8.84115228038 0.0 0.435 0.48 1
412 3.72123360329 4.21974391873 0.0 0.435 0.48 1
413 4.09396731244 3.57536245951 0.0 0.435 0.48 1
414 2.83959525907 3.84051349699 0.0 0.435 0.48 1
421 10.2496508388 4.84479393418 0.0 0.435 0.48 1
422 11.2403101098 5.23786662431 0.0 0.435 0.48 1
423 11.4617194051 6.05981097452 0.0 0.435 0.48 1
