64 4.37767428021 6.79392851844 0.0 0.435 0.48 1
65 4.23455800567 7.34738059398 0.0 0.435 0.48 1
66 4.3730440478 6.30061871244 0.0 0.435 0.48 1
67 0.0631395328877 6.44381459226 0.0 0.435 0.48 1
70 4.05250568584 8.09701102488 0.0 0.435 0.48 1
71 4.31811265419 8.58650227409 0.0 0.435 0.48 1
72 6.9903881511 0.785190741057 0.0 0.435 0.48 1
103 6.33521026484 0.628629912445 0.0 0.435 0.48 1
104 2.97618711521 7.22805069412 0.0 0.435 0.48 1
106 3.61473825782 5.11257022946 0.0 0.435 0.48 1
107 3.63346965258 5.75695168869 0.0 0.435 0.48 1
108 5.16039402291 7.7495223565 0.0 0.435 0.48 1
109 5.38243471356 8.23066051272 0.0 0.435 0.48 1
110 6.56651142032 9.56071157652 0.0 0.435 0.48 1
111 6.08370445884 6.8330687256 0.0 0.435 0.48 1
112 5.99825562433 6.03880891215 0.0 0.435 0.48 1
113 8.79281134994 8.84544815678 0.0 0.435 0.48 1
114 12.5104670464 5.9156604555 0.0 0.435 0.48 1
115 12.5910751833 6.8263862512 0.0 0.435 0.48 1
116 12.7609205268 6.34190685779 0.0 0.435 0.48 1
117 12.793963549 5.15887023061 0.0 0.435 0.48 1
118 13.9959297901 7.09416254648 0.0 0.435 0.48 1
119 14.1533576921 8.04832442574 0.0 0.435 0.48 1
232 6.67911025397 8.65237237881 0.0 0.435 0.48 1
233 6.62312653481 8.11085329326 0.0 0.435 0.48 1
236 1.76559180465 8.28412030785 0.0 0.435 0.48 1
237 2.00741621561 8.86239300256 0.0 0.435 0.48 1
238 7.00301605768 8.92014867409 0.0 0.435 0.48 1
242 7.79583812564 3.39779956852 0.0 0.435 0.48 1
243 2.04761505155 7.493917711 0.0 0.435 0.48 1
244 1.33708484145 8.06168937452 0.0 0.435 0.48 1
245 1.39222670017 7.55907183632 0.0 0.435 0.48 1
321 10.3969764155 11.9091240057 0.0 0.435 0.48 1
345 2.234718534 13.7377353911 0.0 0.435 0.48 1
346 1.77821971123 13.4372627033 0.0 0.435 0.48 1
350 14.0051902549 9.83445436679 0.0 0.435 0.48 1
351 14.2796367579 10.5404100543 0.0 0.435 0.48 1
352 13.3771623678 10.2146394277 0.0 0.435 0.48 1
353 13.7042251482 10.5726291273 0.0 0.435 0.48 1
376 14.1440972273 8.67003320399 0.0 0.435 0.48 1
421 0.68022323431 5.11233156966 0.0 0.435 0.48 1
423 0.580673237457 5.77389653447 0.0 0.435 0.48 1
425 2.26607783534 6.70896562974 0.0 0.435 0.48 1
426 1.16744996309 6.37985376594 0.0 0.435 0.48 1
427 11.630512423 11.865926582 0.0 0.435 0.48 1
428 11.7018600952 10.9124806821 0.0 0.435 0.48 1
429 12.2633810077 11.3019734752 0.0 0.435 0.48 1
