44 1.43116274545 13.5797426037 0.0 0.435 0.48 1
45 5.33023936638 6.40610634391 0.0 0.435 0.48 1
46 5.67308702996 6.93115790328 0.0 0.435 0.48 1
47 5.84735214073 7.43425276107 0.0 0.435 0.48 1
48 5.84040679211 4.51138619398 0.0 0.435 0.48 1
49 6.26765096465 5.05242795993 0.0 0.435 0.48 1
50 8.70757298054 9.15498991701 0.0 0.435 0.48 1
51 11.0433147672 1.51310313018 0.0 0.435 0.48 1
52 14.3269914075 5.98200787982 0.0 0.435 0.48 1
53 14.8779890645 5.20159033475 0.0 0.435 0.48 1
83 1.84662087185 3.81998875421 0.0 0.435 0.48 1
87 12.4485903041 8.84019764119 0.0 0.435 0.48 1
89 8.55540670628 8.47242288983 0.0 0.435 0.48 1
90 7.63377999123 8.18746308897 0.0 0.435 0.48 1
91 8.86984158006 5.93212798168 0.0 0.435 0.48 1
92 4.96003123854 7.82016565721 0.0 0.435 0.48 1
93 6.19251492051 7.92684658768 0.0 0.435 0.48 1
94 4.20930219251 4.21664134134 0.0 0.435 0.48 1
95 3.40532547374 4.80899496423 0.0 0.435 0.48 1
221 10.1940880498 5.70683313075 0.0 0.435 0.48 1
222 13.1717484208 11.5170059548 0.0 0.435 0.48 1
223 13.3689542285 8.5817290781 0.0 0.435 0.48 1
224 13.5861542217 8.01228679598 0.0 0.435 0.48 1
225 12.9328705214 9.11895228725 0.0 0.435 0.48 1
226 13.8736495614 8.68053423518 0.0 0.435 0.48 1
227 8.80017762877 4.10184597768 0.0 0.435 0.48 1
228 8.37819508397 7.01254089498 0.0 0.435 0.48 1
229 6.91020094433 3.26963925607 0.0 0.435 0.48 1
230 6.40340096036 3.75292535049 0.0 0.435 0.48 1
232 13.6250902669 2.998044404 0.0 0.435 0.48 1
233 14.3002623386 1.47611086123 0.0 0.435 0.48 1
235 14.8805146459 7.20299141515 0.0 0.435 0.48 1
300 2.70616037957 8.51490433418 0.0 0.435 0.48 1
301 2.08697202705 7.9118110203 0.0 0.435 0.48 1
308 12.2402298456 11.8148533848 0.0 0.435 0.48 1
309 12.5437205337 12.3699760789 0.0 0.435 0.48 1
310 14.4231739626 10.4564018048 0.0 0.435 0.48 1
312 14.527564657 11.6917049282 0.0 0.435 0.48 1
316 13.7223251476 5.04908672274 0.0 0.435 0.48 1
317 12.955179823 2.36058407897 0.0 0.435 0.48 1
318 4.65043706229 8.6602481522 0.0 0.435 0.48 1
319 4.4037719538 9.10534867867 0.0 0.435 0.48 1
340 13.1210263294 11.8592441076 0.0 0.435 0.48 1
341 11.7447949775 12.5157972166 0.0 0.435 0.48 1
