198 3.29988245382 11.7069791553 0.0 0.435 0.48 1
202 13.0155833095 3.13193255164 0.0 0.435 0.48 1
203 4.8760556598 4.05888721373 0.0 0.435 0.48 1
204 5.62952075226 7.00084656479 0.0 0.435 0.48 1
205 3.09888827413 6.17150376079 0.0 0.435 0.48 1
206 2.691638287 5.36411765836 0.0 0.435 0.48 1
207 14.3516158254 1.12408765665 0.0 0.435 0.48 1
264 1.10809880218 5.500392404 0.0 0.435 0.48 1
265 0.920784854612 4.85076042918 0.0 0.435 0.48 1
266 0.833020903898 6.44882644806 0.0 0.435 0.48 1
291 11.780153116 12.0771405047 0.0 0.435 0.48 1
362 2.73478363447 12.4900219582 0.0 0.435 0.48 1
363 2.98860455668 12.8921637207 0.0 0.435 0.48 1
371 10.3169996738 12.0189075136 0.0 0.435 0.48 1
