179 3.71744523132 8.9922239336 0.0 0.435 0.48 1
183 13.6053065466 2.32550108841 0.0 0.435 0.48 1
184 14.1062135075 2.80616192503 0.0 0.435 0.48 1
185 0.75304416224 6.08487025349 0.0 0.435 0.48 1
187 13.7128542177 10.327525513 0.0 0.435 0.48 1
189 4.00409871063 5.61852900485 0.0 0.435 0.48 1
190 3.44110454238 4.51854598797 0.0 0.435 0.48 1
191 12.4858426285 4.15268051501 0.0 0.435 0.48 1
192 13.2405705117 5.19777177796 0.0 0.435 0.48 1
193 0.689483699133 7.1655218266 0.0 0.435 0.48 1
194 14.3537204765 8.4127579399 0.0 0.435 0.48 1
195 15.032470455 8.60965227466 0.0 0.435 0.48 1
263 0.772406952326 8.31037288582 0.0 0.435 0.48 1
362 4.80323473187 8.37528835134 0.0 0.435 0.48 1
363 5.06926263044 8.02875432216 0.0 0.435 0.48 1
365 14.5616600048 11.6198683284 0.0 0.435 0.48 1
366 14.0794844386 12.5083987628 0.0 0.435 0.48 1
367 12.4525891412 13.305283834 0.0 0.435 0.48 1
400 13.7964088662 10.7967306792 0.0 0.435 0.48 1
417 14.9865890611 3.10090677768 0.0 0.435 0.48 1
