191 3.00039060282 12.6668688698 0.0 0.435 0.48 1
192 3.61831616468 12.1783322598 0.0 0.435 0.48 1
193 11.5147566127 12.5986121671 0.0 0.435 0.48 1
198 4.39198590767 10.0198930312 0.0 0.435 0.48 1
200 1.96195575193 7.50489606179 0.0 0.435 0.48 1
201 1.01823020037 6.17389035879 0.0 0.435 0.48 1
202 7.23473814338 3.73598050471 0.0 0.435 0.48 1
203 2.52200340864 4.40279598511 0.0 0.435 0.48 1
204 9.28151133449 5.22664961372 0.0 0.435 0.48 1
205 0.819972067101 5.4939485894 0.0 0.435 0.48 1
206 0.495645333168 4.829519707 0.0 0.435 0.48 1
263 7.17686023823 12.1477838054 0.0 0.435 0.48 1
291 12.11437171 10.5893353133 0.0 0.435 0.48 1
362 3.99399638536 10.9699976938 0.0 0.435 0.48 1
363 4.37830567554 11.3103265682 0.0 0.435 0.48 1
370 13.6221437554 12.4535070088 0.0 0.435 0.48 1
433 13.2645635341 2.3328995422 0.0 0.435 0.48 1
