142 9.23731366146 9.43183528468 0.0 0.435 0.48 1
145 1.01801973526 6.21398520514 0.0 0.435 0.48 1
146 3.85572080834 5.11209290986 0.0 0.435 0.48 1
147 4.22824405238 5.6641130266 0.0 0.435 0.48 1
148 4.74493589651 6.26672902088 0.0 0.435 0.48 1
149 4.69589752596 6.78772336365 0.0 0.435 0.48 1
150 11.2060042969 6.4108795399 0.0 0.435 0.48 1
151 11.1483368569 5.78797746265 0.0 0.435 0.48 1
152 13.126077492 4.1629428864 0.0 0.435 0.48 1
153 13.4426170169 2.70520882975 0.0 0.435 0.48 1
154 13.9327902572 3.28944801945 0.0 0.435 0.48 1
232 12.4224926305 7.9151522575 0.0 0.435 0.48 1
233 13.1065042368 7.79868627524 0.0 0.435 0.48 1
238 12.5839193696 8.46287649784 0.0 0.435 0.48 1
248 11.8125647428 5.31376044062 0.0 0.435 0.48 1
249 12.2770612398 4.89252589413 0.0 0.435 0.48 1
256 4.16426265905 4.12547329785 0.0 0.435 0.48 1
259 7.06215675348 9.18362909297 0.0 0.435 0.48 1
324 12.7857554098 6.54261974934 0.0 0.435 0.48 1
325 12.655687972 7.05191976193 0.0 0.435 0.48 1
328 9.72012062295 8.35786618597 0.0 0.435 0.48 1
329 6.4612788655 10.1084358169 0.0 0.435 0.48 1
330 6.9312474553 10.9659404772 0.0 0.435 0.48 1
331 7.20485209781 11.2568667731 0.0 0.435 0.48 1
354 11.7193286993 8.15500535621 0.0 0.435 0.48 1
355 11.6284077719 8.85714248697 0.0 0.435 0.48 1
376 4.75040798936 9.04687702774 0.0 0.435 0.48 1
387 11.6763938169 12.7494451605 0.0 0.435 0.48 1
388 12.4549042574 12.5453910317 0.0 0.435 0.48 1
389 12.1465728718 11.328464713 0.0 0.435 0.48 1
390 14.2575379214 9.67264302259 0.0 0.435 0.48 1
391 14.1365204833 10.4876662386 0.0 0.435 0.48 1
392 14.5671320976 10.4277626289 0.0 0.435 0.48 1
