46 0.231511620588 6.27675273246 0.0 0.435 0.48 1
47 0.526794169393 6.78342748726 0.0 0.435 0.48 1
50 15.1250751032 1.50355673819 0.0 0.435 0.48 1
51 7.00364745301 0.0212407221745 0.0 0.435 0.48 1
52 2.53736736165 7.67148060199 0.0 0.435 0.48 1
53 2.40351155192 7.23353986951 0.0 0.435 0.48 1
54 3.61600104848 11.5473157493 0.0 0.435 0.48 1
55 6.95566140801 6.77793831186 0.0 0.435 0.48 1
56 7.22147884147 7.35573368697 0.0 0.435 0.48 1
57 6.56903700163 6.08582489269 0.0 0.435 0.48 1
58 10.3012147906 2.35199232618 0.0 0.435 0.48 1
59 10.8961996555 2.83933563719 0.0 0.435 0.48 1
60 13.2062646988 1.30427580543 0.0 0.435 0.48 1
61 13.394841437 1.99137736881 0.0 0.435 0.48 1
96 10.2046113053 8.77528217566 0.0 0.435 0.48 1
97 10.3226822318 4.00685937739 0.0 0.435 0.48 1
98 3.62189407155 8.2480826781 0.0 0.435 0.48 1
99 2.93767200015 8.31753267981 0.0 0.435 0.48 1
100 5.75748353892 4.84932847038 0.0 0.435 0.48 1
101 7.01038233652 4.14623670042 0.0 0.435 0.48 1
222 12.6634751811 9.83898890299 0.0 0.435 0.48 1
225 1.13209182468 7.9099017419 0.0 0.435 0.48 1
231 3.52676384199 8.994133212 0.0 0.435 0.48 1
232 9.29014040398 9.23159971272 0.0 0.435 0.48 1
233 8.76944972277 9.11704300885 0.0 0.435 0.48 1
313 12.1764589174 13.5673322941 0.0 0.435 0.48 1
340 13.2683519061 10.0664316921 0.0 0.435 0.48 1
343 13.4451425982 9.55259714333 0.0 0.435 0.48 1
376 14.3882367544 9.21871208353 0.0 0.435 0.48 1
