4 4.84364403292 7.01397285378 0.0 0.435 0.48 1
7 1.29499181953 6.64166356623 0.0 0.435 0.48 1
8 1.77169529283 7.63114709584 0.0 0.435 0.48 1
10 11.9354763669 7.23306254992 0.0 0.435 0.48 1
11 11.1559136008 7.70441565435 0.0 0.435 0.48 1
12 11.2209473197 6.98843625521 0.0 0.435 0.48 1
13 11.7605798608 6.50968469698 0.0 0.435 0.48 1
19 4.49279869518 5.64502024262 0.0 0.435 0.48 1
20 4.54309985638 4.93405269928 0.0 0.435 0.48 1
23 11.8230879983 9.45212136765 0.0 0.435 0.48 1
26 4.20235684389 11.2389672881 0.0 0.435 0.48 1
27 5.72465098181 4.84479393418 0.0 0.435 0.48 1
28 9.21479389473 -0.0198087633762 0.0 0.435 0.48 1
29 5.95153236999 5.47676508382 0.0 0.435 0.48 1
30 9.14428808301 0.848912907581 0.0 0.435 0.48 1
31 11.3686938266 13.6513405436 0.0 0.435 0.48 1
32 11.1952705763 12.8592286684 0.0 0.435 0.48 1
33 12.7120926214 9.26000022888 0.0 0.435 0.48 1
34 13.6665518935 8.77003166007 0.0 0.435 0.48 1
35 14.8887227851 9.42085693389 0.0 0.435 0.48 1
37 15.1082378945 4.43000320228 0.0 0.435 0.48 1
73 12.8030135487 8.53065588096 0.0 0.435 0.48 1
74 12.755448434 11.8220131788 0.0 0.435 0.48 1
75 4.92109519326 7.68532287037 0.0 0.435 0.48 1
76 7.07099628809 8.35524092817 0.0 0.435 0.48 1
77 6.4086625881 8.78268062945 0.0 0.435 0.48 1
78 6.51031723605 9.33947394219 0.0 0.435 0.48 1
79 4.24003009852 10.2365961293 0.0 0.435 0.48 1
80 2.8425417706 6.70419243375 0.0 0.435 0.48 1
81 2.58872084839 5.52187178597 0.0 0.435 0.48 1
82 12.1663565921 12.4754637104 0.0 0.435 0.48 1
217 8.81848809331 3.50829905579 0.0 0.435 0.48 1
219 11.3529089434 0.197848973962 0.0 0.435 0.48 1
220 10.305845023 1.73267014592 0.0 0.435 0.48 1
315 6.1245346901 10.2862373676 0.0 0.435 0.48 1
419 14.2392274568 4.25196299169 0.0 0.435 0.48 1
420 13.8433425856 5.05266661973 0.0 0.435 0.48 1
