72 4.16889289146 6.77602903346 0.0 0.435 0.48 1
103 6.98849396512 4.59539444348 0.0 0.435 0.48 1
110 12.8606809888 10.7955373802 0.0 0.435 0.48 1
113 0.627817422013 8.33948938139 0.0 0.435 0.48 1
114 6.10685562089 5.78320426666 0.0 0.435 0.48 1
115 6.10896027199 7.02232594677 0.0 0.435 0.48 1
116 6.11590562061 6.48701201601 0.0 0.435 0.48 1
117 6.60565793071 5.34597951358 0.0 0.435 0.48 1
118 11.1096112767 11.979051327 0.0 0.435 0.48 1
119 11.4503542892 11.9535147284 0.0 0.435 0.48 1
120 10.8482136105 6.51111665578 0.0 0.435 0.48 1
121 11.0976147654 6.02114808697 0.0 0.435 0.48 1
122 12.4100751891 5.34049033819 0.0 0.435 0.48 1
123 12.7489240156 7.01850738997 0.0 0.435 0.48 1
124 13.8991158397 6.05718571673 0.0 0.435 0.48 1
125 14.6904646519 4.70159805435 0.0 0.435 0.48 1
126 15.2239937048 3.4958887462 0.0 0.435 0.48 1
232 10.0141403811 7.67386719999 0.0 0.435 0.48 1
233 10.4647461808 7.2480981173 0.0 0.435 0.48 1
238 10.2614368849 8.08316875649 0.0 0.435 0.48 1
243 8.02819160667 8.69867237996 0.0 0.435 0.48 1
244 4.83901380051 8.19891875936 0.0 0.435 0.48 1
245 4.90299519384 7.7488063771 0.0 0.435 0.48 1
246 2.65186038128 4.77940114906 0.0 0.435 0.48 1
247 2.66659293896 4.07272948211 0.0 0.435 0.48 1
321 7.54875208694 9.15666053561 0.0 0.435 0.48 1
322 10.4761112967 11.3573425488 0.0 0.435 0.48 1
323 7.42247302116 10.7952987204 0.0 0.435 0.48 1
376 11.866654276 8.70607083375 0.0 0.435 0.48 1
377 13.0412600528 9.26763734247 0.0 0.435 0.48 1
378 12.6609495997 12.1766616412 0.0 0.435 0.48 1
379 13.0795647028 12.3912168011 0.0 0.435 0.48 1
