179 3.7673254623 8.85260795077 0.0 0.435 0.48 1
181 11.8967507867 12.7642420681 0.0 0.435 0.48 1
183 12.1606740342 3.79946401144 0.0 0.435 0.48 1
184 12.4932089074 3.02620626037 0.0 0.435 0.48 1
185 2.33153248443 6.38820685893 0.0 0.435 0.48 1
186 14.3627704762 6.2442949997 0.0 0.435 0.48 1
187 11.8100391615 9.56524611272 0.0 0.435 0.48 1
189 2.25281853343 5.40349652531 0.0 0.435 0.48 1
190 1.66056971495 4.22666505293 0.0 0.435 0.48 1
191 14.0906390894 2.85198460658 0.0 0.435 0.48 1
192 14.8140076712 3.1670155422 0.0 0.435 0.48 1
362 5.07978588592 8.48698113761 0.0 0.435 0.48 1
363 5.21806146295 7.94856462946 0.0 0.435 0.48 1
365 13.0383135413 12.4461085551 0.0 0.435 0.48 1
417 13.8065111914 3.67536091559 0.0 0.435 0.48 1
418 14.1859797841 0.925522703289 0.0 0.435 0.48 1
