4 9.7234880647 6.68247439198 0.0 0.435 0.48 1
37 1.25816042534 3.68705524577 0.0 0.435 0.48 1
38 5.00170333025 7.80226617223 0.0 0.435 0.48 1
39 4.99328472587 8.41729247609 0.0 0.435 0.48 1
41 14.2249158294 2.74411037711 0.0 0.435 0.48 1
42 6.36362305464 7.42231977109 0.0 0.435 0.48 1
43 14.3006832688 8.9979517688 0.0 0.435 0.48 1
44 7.30313930401 8.98721207781 0.0 0.435 0.48 1
45 9.77252643524 6.02210272617 0.0 0.435 0.48 1
46 10.7290903585 6.32520067181 0.0 0.435 0.48 1
47 11.027740349 6.85621872617 0.0 0.435 0.48 1
48 12.2236031019 2.7455423359 0.0 0.435 0.48 1
49 12.6188565778 3.35818204177 0.0 0.435 0.48 1
75 9.7649496913 7.23711976651 0.0 0.435 0.48 1
83 6.03613934406 0.373263926752 0.0 0.435 0.48 1
86 13.8500774691 4.37773670614 0.0 0.435 0.48 1
87 6.02624748391 6.38271768354 0.0 0.435 0.48 1
88 4.32968823522 6.71946666093 0.0 0.435 0.48 1
89 1.39896158368 7.68102699398 0.0 0.435 0.48 1
90 0.987081364144 6.83998985979 0.0 0.435 0.48 1
91 0.336744175401 6.15742283261 0.0 0.435 0.48 1
221 3.36218012627 7.86384040056 0.0 0.435 0.48 1
222 13.3041309748 11.5781028635 0.0 0.435 0.48 1
223 11.6667124219 11.4318044063 0.0 0.435 0.48 1
224 11.217790343 11.660917814 0.0 0.435 0.48 1
225 12.1754065918 11.8852580257 0.0 0.435 0.48 1
226 12.0104019459 11.4623528606 0.0 0.435 0.48 1
227 10.4927380404 12.4434832973 0.0 0.435 0.48 1
232 5.98057655512 4.54312794735 0.0 0.435 0.48 1
233 5.87197655855 3.87225525035 0.0 0.435 0.48 1
234 5.01138472529 3.18921090357 0.0 0.435 0.48 1
235 6.24639398858 10.696970883 0.0 0.435 0.48 1
275 12.6377984377 11.5750002861 0.0 0.435 0.48 1
300 8.62654391333 8.18913370757 0.0 0.435 0.48 1
301 8.42533926853 7.65716101401 0.0 0.435 0.48 1
302 11.2809298759 11.1931446066 0.0 0.435 0.48 1
306 14.575550702 10.9167765585 0.0 0.435 0.48 1
307 14.5271437268 11.3635477036 0.0 0.435 0.48 1
312 14.298999548 11.837287406 0.0 0.435 0.48 1
316 8.28369624975 7.10132234047 0.0 0.435 0.48 1
317 7.50350208837 7.14738368182 0.0 0.435 0.48 1
340 13.0698833077 12.1699791668 0.0 0.435 0.48 1
410 3.0260673462 -0.0663474243203 0.0 0.435 0.48 1
411 12.1688821734 8.33638680399 0.0 0.435 0.48 1
