64 8.74040553764 7.14953162002 0.0 0.435 0.48 1
65 8.7658718159 7.64904658082 0.0 0.435 0.48 1
66 8.75640088597 6.53927851215 0.0 0.435 0.48 1
67 5.14208355837 5.67795529498 0.0 0.435 0.48 1
68 12.1722496152 12.9384637219 0.0 0.435 0.48 1
69 12.5542437892 13.0904900143 0.0 0.435 0.48 1
70 9.65656015984 8.48554917881 0.0 0.435 0.48 1
71 9.65866481093 8.92229661229 0.0 0.435 0.48 1
72 7.03879512632 0.748675791701 0.0 0.435 0.48 1
103 6.25418119763 0.567294343919 0.0 0.435 0.48 1
104 7.57674394652 7.80417545063 0.0 0.435 0.48 1
105 8.66169158664 2.94386862947 0.0 0.435 0.48 1
106 9.45577644526 5.62664343804 0.0 0.435 0.48 1
107 9.39411016814 6.31827953761 0.0 0.435 0.48 1
108 10.2359706066 6.88819913933 0.0 0.435 0.48 1
109 10.4611682739 7.5788805997 0.0 0.435 0.48 1
110 1.83946505813 7.79224246064 0.0 0.435 0.48 1
111 13.0463112155 6.64524346322 0.0 0.435 0.48 1
112 13.0970333069 5.97437076623 0.0 0.435 0.48 1
222 13.7703111926 6.87626614934 0.0 0.435 0.48 1
232 6.15715678209 9.0781414615 0.0 0.435 0.48 1
233 6.07149748248 8.44927288926 0.0 0.435 0.48 1
236 7.68197650133 8.59175278968 0.0 0.435 0.48 1
237 7.37680209237 9.40319610871 0.0 0.435 0.48 1
238 6.97460326788 7.92660792788 0.0 0.435 0.48 1
239 6.83106606312 3.87464184835 0.0 0.435 0.48 1
240 3.32619059252 11.9100786449 0.0 0.435 0.48 1
241 3.98368359499 11.9253528721 0.0 0.435 0.48 1
242 0.346425570444 4.11282432846 0.0 0.435 0.48 1
276 13.7132751479 9.48171518282 0.0 0.435 0.48 1
314 10.3590926958 10.327525513 0.0 0.435 0.48 1
320 4.80639170852 12.1504090632 0.0 0.435 0.48 1
340 14.7961181369 6.81493058082 0.0 0.435 0.48 1
345 4.44923241748 11.1215466666 0.0 0.435 0.48 1
346 3.9815789439 10.9599739822 0.0 0.435 0.48 1
347 14.2787948974 8.25691309069 0.0 0.435 0.48 1
350 12.356196121 11.7289358569 0.0 0.435 0.48 1
351 13.4276739941 12.9114951645 0.0 0.435 0.48 1
352 10.9656531417 13.4365467239 0.0 0.435 0.48 1
376 14.2230216434 8.72587959712 0.0 0.435 0.48 1
421 2.85180223543 4.85672692417 0.0 0.435 0.48 1
422 2.70573944935 5.47533312503 0.0 0.435 0.48 1
423 3.66840686077 4.72236145693 0.0 0.435 0.48 1
424 14.4244367533 1.64245674163 0.0 0.435 0.48 1
425 8.08186020962 5.96172179684 0.0 0.435 0.48 1
426 6.1659963167 5.69728673876 0.0 0.435 0.48 1
