142 9.2272113362 9.45474662545 0.0 0.435 0.48 1
143 0.499012774922 7.67720843718 0.0 0.435 0.48 1
145 2.25744876584 5.38750631873 0.0 0.435 0.48 1
146 5.05116263101 4.75792176709 0.0 0.435 0.48 1
147 5.51355447686 5.03500579455 0.0 0.435 0.48 1
148 6.60271141917 5.50492694019 0.0 0.435 0.48 1
149 6.50021491078 6.18200479198 0.0 0.435 0.48 1
150 13.0067437749 6.01351097338 0.0 0.435 0.48 1
151 12.9640193576 5.46292281544 0.0 0.435 0.48 1
232 12.3955530965 7.9106177213 0.0 0.435 0.48 1
233 13.0341042391 7.72684967552 0.0 0.435 0.48 1
238 12.5677135562 8.45619402345 0.0 0.435 0.48 1
248 11.7883612552 5.30254343003 0.0 0.435 0.48 1
249 12.2663275192 4.88321816194 0.0 0.435 0.48 1
256 4.59634752911 4.05101144034 0.0 0.435 0.48 1
259 6.94745326874 9.16763888639 0.0 0.435 0.48 1
277 0.434189521157 5.50612023919 0.0 0.435 0.48 1
324 11.4913949856 6.79392851844 0.0 0.435 0.48 1
325 11.4282554527 7.35072183117 0.0 0.435 0.48 1
328 8.02756021134 8.08770329269 0.0 0.435 0.48 1
329 6.70710211355 10.8165394426 0.0 0.435 0.48 1
354 11.7729973022 8.18221257338 0.0 0.435 0.48 1
355 11.6936519559 8.93948011787 0.0 0.435 0.48 1
376 5.04800565437 8.1657450472 0.0 0.435 0.48 1
387 12.1911914751 11.9389564807 0.0 0.435 0.48 1
388 13.0178984257 11.8119894672 0.0 0.435 0.48 1
389 12.9909588916 10.3776440709 0.0 0.435 0.48 1
390 14.0485460675 10.6322940772 0.0 0.435 0.48 1
391 14.2794262928 11.5210631714 0.0 0.435 0.48 1
392 14.5641855861 10.8733404749 0.0 0.435 0.48 1
