4 4.85500914884 7.01254089498 0.0 0.435 0.48 1
7 1.04580112973 6.61636562746 0.0 0.435 0.48 1
8 1.48483134841 7.65716101401 0.0 0.435 0.48 1
10 12.1663565921 7.25048471529 0.0 0.435 0.48 1
11 11.2487287142 7.62732853904 0.0 0.435 0.48 1
12 11.4377263826 7.07506976251 0.0 0.435 0.48 1
13 12.0160845039 6.48701201601 0.0 0.435 0.48 1
19 4.16615684504 5.53810065235 0.0 0.435 0.48 1
20 4.18215219337 4.81830269641 0.0 0.435 0.48 1
23 12.1137403147 9.5771791027 0.0 0.435 0.48 1
26 4.02682894247 11.5470770895 0.0 0.435 0.48 1
27 5.36033587705 4.87223981115 0.0 0.435 0.48 1
28 9.15228575718 -0.034128351359 0.0 0.435 0.48 1
29 5.4838788964 5.51208673418 0.0 0.435 0.48 1
30 8.81491018645 0.776121668668 0.0 0.435 0.48 1
32 11.1094008116 13.2129224915 0.0 0.435 0.48 1
33 12.3067368202 9.15403527781 0.0 0.435 0.48 1
34 13.1094507484 8.64378062602 0.0 0.435 0.48 1
35 14.6035425616 9.67502962058 0.0 0.435 0.48 1
36 14.7653902309 10.1855229322 0.0 0.435 0.48 1
37 14.9867995262 4.02595216137 0.0 0.435 0.48 1
73 13.0833530748 8.29891721544 0.0 0.435 0.48 1
74 12.7678658754 11.9062600881 0.0 0.435 0.48 1
75 5.08462658344 7.69821049956 0.0 0.435 0.48 1
76 7.47340557769 8.41848577509 0.0 0.435 0.48 1
77 6.79002536674 8.84234557938 0.0 0.435 0.48 1
78 6.86116257379 9.40319610871 0.0 0.435 0.48 1
79 4.37767428021 9.83278374819 0.0 0.435 0.48 1
80 3.27673129176 6.68175841258 0.0 0.435 0.48 1
81 3.00965106765 5.77819241086 0.0 0.435 0.48 1
82 12.1381542674 12.3642482438 0.0 0.435 0.48 1
217 9.12471482781 3.10687327267 0.0 0.435 0.48 1
219 11.3646949896 0.19116649957 0.0 0.435 0.48 1
220 10.3759299045 1.56560828612 0.0 0.435 0.48 1
315 5.8774486514 10.120130147 0.0 0.435 0.48 1
419 14.3486693138 4.6624578472 0.0 0.435 0.48 1
420 13.8195600282 5.32306817281 0.0 0.435 0.48 1
