51 12.6891519244 10.9315734661 0.0 0.435 0.48 1
55 1.00286624737 6.60992181286 0.0 0.435 0.48 1
56 1.12283135985 7.10060636107 0.0 0.435 0.48 1
58 1.3511860038 5.22187641773 0.0 0.435 0.48 1
59 1.92933365994 5.90492076451 0.0 0.435 0.48 1
60 14.8971413895 2.664398004 0.0 0.435 0.48 1
61 14.7047762793 3.48825163261 0.0 0.435 0.48 1
62 11.4882380089 6.60252335907 0.0 0.435 0.48 1
63 11.2725112715 7.18270533218 0.0 0.435 0.48 1
64 12.0036670624 7.37124657395 0.0 0.435 0.48 1
65 12.6068600666 7.28509038625 0.0 0.435 0.48 1
66 12.3570379814 6.71206820714 0.0 0.435 0.48 1
67 11.7797321857 2.32406912961 0.0 0.435 0.48 1
68 13.8195600282 7.53425121715 0.0 0.435 0.48 1
69 14.3572983833 7.36528007896 0.0 0.435 0.48 1
72 4.77019170966 4.52188722517 0.0 0.435 0.48 1
98 8.32242182992 9.29746981744 0.0 0.435 0.48 1
99 8.82753809302 9.39866157252 0.0 0.435 0.48 1
102 15.0128971998 0.581613931902 0.0 0.435 0.48 1
103 4.06197661577 4.20041247496 0.0 0.435 0.48 1
104 5.09262425761 7.26384966408 0.0 0.435 0.48 1
222 11.8851752057 8.06956514791 0.0 0.435 0.48 1
232 6.33058003243 8.99962238739 0.0 0.435 0.48 1
233 7.36922534843 8.80487599083 0.0 0.435 0.48 1
236 13.4381972496 9.35260023117 0.0 0.435 0.48 1
237 13.5223832934 9.86261622316 0.0 0.435 0.48 1
340 12.0028252019 8.69437650356 0.0 0.435 0.48 1
343 12.9936949381 8.2418775233 0.0 0.435 0.48 1
345 8.01451137454 10.3902930403 0.0 0.435 0.48 1
346 8.29400904012 9.82180539741 0.0 0.435 0.48 1
347 9.64561597414 8.9122729007 0.0 0.435 0.48 1
348 14.4141239629 12.6365590752 0.0 0.435 0.48 1
349 13.5531111994 12.811974028 0.0 0.435 0.48 1
376 14.2939483853 8.80726258883 0.0 0.435 0.48 1
412 1.6026918098 3.92834030328 0.0 0.435 0.48 1
413 2.11854179349 3.42691606409 0.0 0.435 0.48 1
414 0.802292997893 3.19040420257 0.0 0.435 0.48 1
421 9.31560668225 4.61758980486 0.0 0.435 0.48 1
422 9.55595783744 5.36698157596 0.0 0.435 0.48 1
423 10.6305926872 5.71112900714 0.0 0.435 0.48 1
424 11.8195100915 4.02452020257 0.0 0.435 0.48 1
425 12.813115874 4.18227433018 0.0 0.435 0.48 1
426 12.100901943 5.64263364463 0.0 0.435 0.48 1
