45 4.910992868 6.34644139398 0.0 0.435 0.48 1
46 5.03664053845 6.87745944834 0.0 0.435 0.48 1
47 4.85984984636 7.36718935735 0.0 0.435 0.48 1
48 4.81817775466 4.85792022317 0.0 0.435 0.48 1
49 5.25026262472 5.38082384434 0.0 0.435 0.48 1
50 7.54454278475 9.02778424376 0.0 0.435 0.48 1
51 10.9037763995 1.52002426437 0.0 0.435 0.48 1
52 12.9953786589 6.57054294591 0.0 0.435 0.48 1
53 13.2313100468 5.91876303289 0.0 0.435 0.48 1
83 0.678960443652 3.63526606924 0.0 0.435 0.48 1
87 12.6571612278 9.47169147123 0.0 0.435 0.48 1
89 9.6862357403 8.33829608239 0.0 0.435 0.48 1
90 8.72819856128 8.37003783575 0.0 0.435 0.48 1
91 10.2824833959 6.39226407553 0.0 0.435 0.48 1
92 6.1245346901 8.14235638682 0.0 0.435 0.48 1
93 7.54201720343 7.98889813561 0.0 0.435 0.48 1
94 5.35633703997 4.01545113018 0.0 0.435 0.48 1
95 4.65127892272 4.46079031644 0.0 0.435 0.48 1
96 0.407249987125 6.2469202575 0.0 0.435 0.48 1
221 11.2238938312 6.04143416995 0.0 0.435 0.48 1
222 13.1372321428 11.506027604 0.0 0.435 0.48 1
223 13.5019681778 8.28030175106 0.0 0.435 0.48 1
224 13.9431030476 7.71205276794 0.0 0.435 0.48 1
225 12.9789623804 8.6612027914 0.0 0.435 0.48 1
226 14.0182390917 8.42922546608 0.0 0.435 0.48 1
227 9.13734273439 2.26273356108 0.0 0.435 0.48 1
228 8.36956601448 5.55814807553 0.0 0.435 0.48 1
229 7.98399393364 4.19563927896 0.0 0.435 0.48 1
230 7.33912883775 4.73238516852 0.0 0.435 0.48 1
232 13.8330297952 3.40877791931 0.0 0.435 0.48 1
233 14.9343937139 1.90927839771 0.0 0.435 0.48 1
300 1.81168366366 8.35571824777 0.0 0.435 0.48 1
301 1.48735692972 7.78818524405 0.0 0.435 0.48 1
308 12.2459124036 12.4518363902 0.0 0.435 0.48 1
309 12.5323554178 12.7391827891 0.0 0.435 0.48 1
310 13.9047983976 11.2726183199 0.0 0.435 0.48 1
311 14.1931355978 10.7836043903 0.0 0.435 0.48 1
312 14.5719727951 11.7671214249 0.0 0.435 0.48 1
316 14.627325119 3.79469081544 0.0 0.435 0.48 1
317 14.1514635061 1.51286447038 0.0 0.435 0.48 1
318 3.3541824521 8.48149196222 0.0 0.435 0.48 1
319 3.11341036669 8.94496929326 0.0 0.435 0.48 1
340 13.1338647011 11.8470724578 0.0 0.435 0.48 1
341 11.8744414851 12.1907425694 0.0 0.435 0.48 1
