115 0.759989510858 6.2454882987 0.0 0.435 0.48 1
116 0.722526721344 5.72186869813 0.0 0.435 0.48 1
121 5.56932773091 7.56551565092 0.0 0.435 0.48 1
122 4.00451964084 10.6232250048 0.0 0.435 0.48 1
123 5.79894516551 7.87481875134 0.0 0.435 0.48 1
124 3.51624058651 11.5945703897 0.0 0.435 0.48 1
126 14.8495762747 1.65868560801 0.0 0.435 0.48 1
127 5.71307540078 8.87003011615 0.0 0.435 0.48 1
128 6.13021724806 8.15500535621 0.0 0.435 0.48 1
129 6.45054514491 7.43687801887 0.0 0.435 0.48 1
130 6.69784164872 8.72229970013 0.0 0.435 0.48 1
131 4.50963590395 10.4134430409 0.0 0.435 0.48 1
132 6.70647071822 8.09892030328 0.0 0.435 0.48 1
133 6.89210094491 9.08506259569 0.0 0.435 0.48 1
134 7.47698348456 7.78484400685 0.0 0.435 0.48 1
135 4.31853358441 6.52877748096 0.0 0.435 0.48 1
136 7.56116952841 6.58701047209 0.0 0.435 0.48 1
137 10.6501659424 5.834038804 0.0 0.435 0.48 1
138 10.8522124476 6.41875531329 0.0 0.435 0.48 1
139 10.9862787225 7.06433007152 0.0 0.435 0.48 1
140 13.2452007441 6.80968006522 0.0 0.435 0.48 1
141 13.7583146813 6.20372283375 0.0 0.435 0.48 1
232 11.6917577699 7.76312596508 0.0 0.435 0.48 1
233 12.0947984549 7.27506667467 0.0 0.435 0.48 1
238 11.7559496284 8.42803216708 0.0 0.435 0.48 1
243 13.50617748 10.7800244933 0.0 0.435 0.48 1
244 11.803304278 10.4898141768 0.0 0.435 0.48 1
245 12.3759798413 10.3996007725 0.0 0.435 0.48 1
246 14.5250390757 4.51401145178 0.0 0.435 0.48 1
248 11.0710961616 5.17653105578 0.0 0.435 0.48 1
249 11.3413333624 4.47725784262 0.0 0.435 0.48 1
251 6.98554745358 9.62729766064 0.0 0.435 0.48 1
252 6.1245346901 9.43899507867 0.0 0.435 0.48 1
253 2.10528249158 7.65811565321 0.0 0.435 0.48 1
254 1.80494878015 7.01898470957 0.0 0.435 0.48 1
255 1.62310692543 4.23955268211 0.0 0.435 0.48 1
321 4.12974638107 4.38083928354 0.0 0.435 0.48 1
322 6.17336259554 9.01370331558 0.0 0.435 0.48 1
323 13.22773214 11.8573348292 0.0 0.435 0.48 1
324 3.99799522245 11.8749956543 0.0 0.435 0.48 1
325 3.88076615639 12.3086405104 0.0 0.435 0.48 1
376 8.89720204431 8.54712340714 0.0 0.435 0.48 1
382 11.7416380009 13.3768817739 0.0 0.435 0.48 1
383 11.3234438281 13.2358338323 0.0 0.435 0.48 1
386 14.7786495328 5.35504858597 0.0 0.435 0.48 1
