4 4.93519635561 7.00347182259 0.0 0.435 0.48 1
10 13.3805298096 7.05287440113 0.0 0.435 0.48 1
11 12.6323263448 7.90226462831 0.0 0.435 0.48 1
12 12.7642879686 7.2447568801 0.0 0.435 0.48 1
13 12.9543379626 6.59679552388 0.0 0.435 0.48 1
19 2.22398481341 5.00923053619 0.0 0.435 0.48 1
20 1.97395226318 4.4996918638 0.0 0.435 0.48 1
23 14.2646937351 9.59173735048 0.0 0.435 0.48 1
26 2.12211970035 13.4086235273 0.0 0.435 0.48 1
27 3.23316501407 4.85624960457 0.0 0.435 0.48 1
28 8.3655671774 -0.0625288675249 0.0 0.435 0.48 1
29 3.22537780501 5.48320889842 0.0 0.435 0.48 1
30 8.26496485499 0.513834548783 0.0 0.435 0.48 1
33 9.14344622257 8.56788680971 0.0 0.435 0.48 1
34 9.42567993458 8.23376309011 0.0 0.435 0.48 1
35 12.6312740193 11.0184456332 0.0 0.435 0.48 1
36 13.1751158626 11.7556657545 0.0 0.435 0.48 1
37 12.5948635553 2.24244747811 0.0 0.435 0.48 1
74 12.9461298233 12.6005214455 0.0 0.435 0.48 1
75 5.2913033211 7.59510946608 0.0 0.435 0.48 1
76 10.9134577945 7.69964245836 0.0 0.435 0.48 1
77 9.45619737547 9.04639970814 0.0 0.435 0.48 1
78 9.35959389016 9.64185590842 0.0 0.435 0.48 1
79 7.36038581382 8.06097339512 0.0 0.435 0.48 1
80 6.52336607284 6.6648135668 0.0 0.435 0.48 1
81 6.17778236284 6.03260375736 0.0 0.435 0.48 1
82 11.8824391592 11.8933724589 0.0 0.435 0.48 1
83 12.5388798362 11.7678374043 0.0 0.435 0.48 1
217 9.87270782742 1.01215621058 0.0 0.435 0.48 1
219 11.446144987 0.29975670844 0.0 0.435 0.48 1
220 10.9060915157 1.42957220028 0.0 0.435 0.48 1
315 4.29348823636 8.96764197423 0.0 0.435 0.48 1
410 5.43084168878 0.965140230041 0.0 0.435 0.48 1
411 8.49584508025 2.69065058197 0.0 0.435 0.48 1
419 14.996059991 7.03640687495 0.0 0.435 0.48 1
420 14.2627995491 7.25143935449 0.0 0.435 0.48 1
