3 12.450274025 8.37027649555 0.0 0.435 0.48 1
4 3.08394525134 6.59273830728 0.0 0.435 0.48 1
5 3.75385569528 11.3277487336 0.0 0.435 0.48 1
7 6.95734512889 6.41994861229 0.0 0.435 0.48 1
8 7.95095091143 6.61612696766 0.0 0.435 0.48 1
9 13.087562377 11.7382435891 0.0 0.435 0.48 1
10 6.04329515779 8.58841155249 0.0 0.435 0.48 1
11 6.10348817914 8.03090226036 0.0 0.435 0.48 1
12 5.14587193034 8.4962888698 0.0 0.435 0.48 1
13 5.41568820088 7.53138729956 0.0 0.435 0.48 1
14 13.1553321423 10.1234713842 0.0 0.435 0.48 1
15 13.4813425971 9.35689610757 0.0 0.435 0.48 1
16 12.8394240127 10.4012713911 0.0 0.435 0.48 1
17 6.7761346695 5.83881199999 0.0 0.435 0.48 1
19 12.7893333166 4.1605562884 0.0 0.435 0.48 1
20 12.7796519216 3.56915730471 0.0 0.435 0.48 1
21 14.408441405 1.61334024606 0.0 0.435 0.48 1
22 14.4600053568 0.870869609154 0.0 0.435 0.48 1
23 6.65069746417 6.70634037195 0.0 0.435 0.48 1
24 9.52501946632 3.39016245493 0.0 0.435 0.48 1
25 7.3620695347 9.03566001715 0.0 0.435 0.48 1
26 12.5512972776 8.86955279655 0.0 0.435 0.48 1
27 13.9138483973 2.26607479828 0.0 0.435 0.48 1
28 14.1502007155 3.40495936251 0.0 0.435 0.48 1
29 14.1765088542 2.83599439999 0.0 0.435 0.48 1
30 14.7262437205 3.12119286065 0.0 0.435 0.48 1
74 12.1579379877 12.0709353499 0.0 0.435 0.48 1
75 3.05174408957 8.61561876966 0.0 0.435 0.48 1
76 3.22348361902 8.05906411672 0.0 0.435 0.48 1
77 0.350634872636 7.38031564634 0.0 0.435 0.48 1
78 0.305384874067 7.84928215278 0.0 0.435 0.48 1
217 6.54083467694 5.28583724405 0.0 0.435 0.48 1
219 7.05710559085 3.98895989241 0.0 0.435 0.48 1
220 7.30313930401 4.47487124463 0.0 0.435 0.48 1
273 13.4487205051 11.9792899868 0.0 0.435 0.48 1
274 14.4690553565 10.8489971754 0.0 0.435 0.48 1
409 8.66337530752 2.75652068669 0.0 0.435 0.48 1
