64 6.30995445168 7.15311151701 0.0 0.435 0.48 1
65 6.31163817256 7.6650367874 0.0 0.435 0.48 1
66 6.09948934206 6.55741665693 0.0 0.435 0.48 1
67 1.93627900855 6.36696613676 0.0 0.435 0.48 1
70 6.3583614269 8.10512545807 0.0 0.435 0.48 1
71 6.59913351231 8.43614660027 0.0 0.435 0.48 1
72 7.01164512717 0.769200534476 0.0 0.435 0.48 1
103 6.29985212642 0.601900014877 0.0 0.435 0.48 1
104 5.09073007162 7.39153265693 0.0 0.435 0.48 1
106 6.13611027113 5.13357229184 0.0 0.435 0.48 1
107 6.09654283052 5.84000529899 0.0 0.435 0.48 1
108 7.36901488332 7.46074399884 0.0 0.435 0.48 1
109 7.54096487788 8.07242906551 0.0 0.435 0.48 1
110 4.61928822606 7.86336308096 0.0 0.435 0.48 1
111 9.17164854726 7.00681305979 0.0 0.435 0.48 1
112 9.09945901466 6.38056974534 0.0 0.435 0.48 1
113 12.897512383 9.27193321887 0.0 0.435 0.48 1
222 14.9668053408 3.44457688926 0.0 0.435 0.48 1
232 6.2905916616 9.01776053217 0.0 0.435 0.48 1
233 6.10454050469 8.4955728904 0.0 0.435 0.48 1
236 3.96684638622 8.50607392159 0.0 0.435 0.48 1
237 4.02556615181 9.32300641601 0.0 0.435 0.48 1
238 6.63049281364 8.80129609383 0.0 0.435 0.48 1
239 1.32529879531 3.23718152331 0.0 0.435 0.48 1
240 5.36412424903 11.2960069802 0.0 0.435 0.48 1
241 6.01214632156 10.9399265591 0.0 0.435 0.48 1
242 3.9182289459 3.84647999198 0.0 0.435 0.48 1
243 0.681906955187 7.21229914734 0.0 0.435 0.48 1
320 5.02106612034 12.4081616469 0.0 0.435 0.48 1
345 3.28094059395 12.6410936114 0.0 0.435 0.48 1
346 3.10625455296 12.1325095782 0.0 0.435 0.48 1
350 13.4314623661 10.8902853207 0.0 0.435 0.48 1
351 13.8696507243 11.1501858426 0.0 0.435 0.48 1
352 12.4029193753 11.5492250277 0.0 0.435 0.48 1
353 12.517412395 12.3088791702 0.0 0.435 0.48 1
376 14.1786135053 8.69437650356 0.0 0.435 0.48 1
421 1.70097901599 4.80971094363 0.0 0.435 0.48 1
422 1.34087321342 5.28798518225 0.0 0.435 0.48 1
423 2.15389993191 5.62354086065 0.0 0.435 0.48 1
425 4.54120567039 6.83879656079 0.0 0.435 0.48 1
426 3.20811966602 5.85790478397 0.0 0.435 0.48 1
