198 0.675593001898 13.2327312549 0.0 0.435 0.48 1
203 8.45017415146 4.23621144491 0.0 0.435 0.48 1
204 3.12730106393 8.96191413904 0.0 0.435 0.48 1
205 7.01669628981 6.53498263575 0.0 0.435 0.48 1
206 7.19117186569 5.7490759153 0.0 0.435 0.48 1
207 11.4951833575 5.77556715307 0.0 0.435 0.48 1
208 2.75372549434 6.91850893389 0.0 0.435 0.48 1
209 2.34205573991 6.35622644577 0.0 0.435 0.48 1
210 2.56346503524 8.25285587409 0.0 0.435 0.48 1
211 2.18273365193 8.56430691272 0.0 0.435 0.48 1
212 13.6286681738 5.21423930414 0.0 0.435 0.48 1
264 3.61831616468 5.28201868726 0.0 0.435 0.48 1
265 3.15908129548 4.69085836337 0.0 0.435 0.48 1
266 4.57719520414 7.13354141344 0.0 0.435 0.48 1
267 2.02825226146 4.46795011044 0.0 0.435 0.48 1
291 10.9284008173 12.7177034071 0.0 0.435 0.48 1
337 5.619418427 10.6442270672 0.0 0.435 0.48 1
371 12.5113089068 11.4024492509 0.0 0.435 0.48 1
372 11.6218833535 12.8398972246 0.0 0.435 0.48 1
374 12.5874972765 12.7966998008 0.0 0.435 0.48 1
403 13.9710949072 12.1862080332 0.0 0.435 0.48 1
434 10.7442438464 6.26481974248 0.0 0.435 0.48 1
