72 3.82688708832 11.5423038935 0.0 0.435 0.48 1
103 11.8634972994 5.1638820864 0.0 0.435 0.48 1
114 3.22011617727 6.162912008 0.0 0.435 0.48 1
115 3.42595105448 7.26814554047 0.0 0.435 0.48 1
116 3.36449524247 6.76982387867 0.0 0.435 0.48 1
117 3.51034756344 5.60731199427 0.0 0.435 0.48 1
120 4.79565798793 7.95429246465 0.0 0.435 0.48 1
121 5.80799516523 6.88843779913 0.0 0.435 0.48 1
122 8.19551136882 6.16052541 0.0 0.435 0.48 1
123 6.75698234453 6.9154063565 0.0 0.435 0.48 1
124 9.31602761246 6.57078160571 0.0 0.435 0.48 1
125 10.2521764201 4.00805267639 0.0 0.435 0.48 1
126 10.4197066473 3.55054184034 0.0 0.435 0.48 1
127 11.4375159175 6.37221665235 0.0 0.435 0.48 1
128 11.4737159163 5.6631583874 0.0 0.435 0.48 1
129 12.3553542606 5.43285168068 0.0 0.435 0.48 1
130 12.6649484368 7.37291719255 0.0 0.435 0.48 1
131 11.7384810243 4.49086145121 0.0 0.435 0.48 1
132 12.7346123881 6.58533985349 0.0 0.435 0.48 1
133 12.8819379648 7.84928215278 0.0 0.435 0.48 1
134 14.0489669977 5.20278363375 0.0 0.435 0.48 1
135 14.2143925739 4.24122330071 0.0 0.435 0.48 1
232 10.0922229368 7.70059709755 0.0 0.435 0.48 1
233 10.4811624594 7.47005173103 0.0 0.435 0.48 1
238 10.4784264129 8.07362236451 0.0 0.435 0.48 1
243 9.63572411399 9.12086156565 0.0 0.435 0.48 1
244 7.94505788836 9.13470383403 0.0 0.435 0.48 1
245 8.07870323298 8.73709660771 0.0 0.435 0.48 1
246 6.86453001555 4.97892074162 0.0 0.435 0.48 1
247 7.19790674919 4.10494855507 0.0 0.435 0.48 1
248 2.57988131379 4.47821248182 0.0 0.435 0.48 1
249 2.06887202762 3.9133047359 0.0 0.435 0.48 1
250 1.20596507815 3.37536554735 0.0 0.435 0.48 1
251 0.894055785689 6.05957231472 0.0 0.435 0.48 1
252 0.524689518296 6.329735208 0.0 0.435 0.48 1
321 6.85421722517 7.47792750442 0.0 0.435 0.48 1
322 10.144418284 9.59412394848 0.0 0.435 0.48 1
323 9.31202877538 8.61991464605 0.0 0.435 0.48 1
324 0.592880213815 12.8523075342 0.0 0.435 0.48 1
325 0.829442997034 13.5902436349 0.0 0.435 0.48 1
376 10.9974333733 8.72325433933 0.0 0.435 0.48 1
377 8.10585323212 7.5791192595 0.0 0.435 0.48 1
379 12.3881868177 13.4618446626 0.0 0.435 0.48 1
380 13.5329065489 10.9007863519 0.0 0.435 0.48 1
381 13.6265635227 9.9934017934 0.0 0.435 0.48 1
382 14.7035134887 10.627759541 0.0 0.435 0.48 1
383 14.6330076769 10.0649997333 0.0 0.435 0.48 1
384 14.9350251092 6.43713211787 0.0 0.435 0.48 1
