45 2.86232549091 6.19322180256 0.0 0.435 0.48 1
46 3.01259757918 6.73020635192 0.0 0.435 0.48 1
47 3.02669874152 7.18246667238 0.0 0.435 0.48 1
50 6.7519311819 5.84883571158 0.0 0.435 0.48 1
51 7.78720905614 0.548917539341 0.0 0.435 0.48 1
52 7.2703067469 8.10393215907 0.0 0.435 0.48 1
53 6.9445067572 7.10752749527 0.0 0.435 0.48 1
54 9.00180320379 7.85691926637 0.0 0.435 0.48 1
55 10.8810461676 7.04046409155 0.0 0.435 0.48 1
56 11.0332124419 7.54522956794 0.0 0.435 0.48 1
57 13.2273112097 7.27578265406 0.0 0.435 0.48 1
87 12.3096833318 12.5088760824 0.0 0.435 0.48 1
89 13.6259321274 8.73375537051 0.0 0.435 0.48 1
90 13.4053646925 9.27837703346 0.0 0.435 0.48 1
92 12.4822647217 8.60822031586 0.0 0.435 0.48 1
93 12.5641356493 9.83779560399 0.0 0.435 0.48 1
94 11.7439531171 3.01307997138 0.0 0.435 0.48 1
95 11.4118391741 3.50304854019 0.0 0.435 0.48 1
96 5.25847076399 5.37199343175 0.0 0.435 0.48 1
97 1.12241042963 5.81542333962 0.0 0.435 0.48 1
98 0.621082538505 7.43640069927 0.0 0.435 0.48 1
99 0.372523244037 6.8335460452 0.0 0.435 0.48 1
222 12.9522333115 11.4477946129 0.0 0.435 0.48 1
225 8.05786718712 8.45881928124 0.0 0.435 0.48 1
228 7.78068463775 -0.0422427845493 0.0 0.435 0.48 1
229 11.9192705534 6.38009242574 0.0 0.435 0.48 1
230 13.1252356316 3.01522790958 0.0 0.435 0.48 1
231 8.82353925594 9.7406610655 0.0 0.435 0.48 1
232 11.1489682522 8.34879711358 0.0 0.435 0.48 1
233 12.4902623958 7.50871461858 0.0 0.435 0.48 1
311 10.6061787345 11.811034828 0.0 0.435 0.48 1
313 12.9396054049 11.0050806844 0.0 0.435 0.48 1
340 13.2016344664 11.7812023531 0.0 0.435 0.48 1
341 14.2981576875 7.95715638225 0.0 0.435 0.48 1
342 14.2621681538 9.37503425234 0.0 0.435 0.48 1
343 13.5992030585 11.7411075067 0.0 0.435 0.48 1
344 13.1988984199 12.6938374272 0.0 0.435 0.48 1
376 14.1459914133 11.3196343004 0.0 0.435 0.48 1
