142 9.24489040541 9.4144131193 0.0 0.435 0.48 1
145 0.189418598663 7.01325687438 0.0 0.435 0.48 1
146 2.93451502351 5.18918002517 0.0 0.435 0.48 1
147 3.37796500949 5.75170117309 0.0 0.435 0.48 1
148 3.32534873208 6.80180429183 0.0 0.435 0.48 1
149 3.3541824521 7.32088935621 0.0 0.435 0.48 1
150 9.88112643181 6.51278727438 0.0 0.435 0.48 1
151 9.82472178243 5.89871560972 0.0 0.435 0.48 1
152 11.6521903293 4.47081402803 0.0 0.435 0.48 1
153 11.7506880006 2.94530058826 0.0 0.435 0.48 1
154 12.4422763508 3.52190266437 0.0 0.435 0.48 1
232 12.442486816 7.91873215449 0.0 0.435 0.48 1
233 13.3251774857 8.04593782774 0.0 0.435 0.48 1
238 12.5959158809 8.46788835363 0.0 0.435 0.48 1
248 11.8306647423 5.32211353361 0.0 0.435 0.48 1
249 12.2852693791 4.89944702832 0.0 0.435 0.48 1
256 4.12216963713 4.1629428864 0.0 0.435 0.48 1
259 7.1345567512 9.17909455678 0.0 0.435 0.48 1
324 13.8603902595 6.51278727438 0.0 0.435 0.48 1
325 13.6429798013 6.89726821172 0.0 0.435 0.48 1
328 10.8162229139 8.95165176765 0.0 0.435 0.48 1
329 6.46212072594 9.85450178997 0.0 0.435 0.48 1
330 6.40613700678 10.4630842792 0.0 0.435 0.48 1
331 6.78813118075 11.018684293 0.0 0.435 0.48 1
354 11.6789193982 8.13471927323 0.0 0.435 0.48 1
355 11.5793694014 8.79532959884 0.0 0.435 0.48 1
376 4.59803124999 9.76118580828 0.0 0.435 0.48 1
387 11.3274426652 13.503132808 0.0 0.435 0.48 1
388 12.4054449567 13.1632812532 0.0 0.435 0.48 1
389 11.6955461419 11.9360925631 0.0 0.435 0.48 1
390 14.7363460458 8.81513836222 0.0 0.435 0.48 1
391 14.0405483933 9.76023116908 0.0 0.435 0.48 1
392 14.5010460532 9.83636364519 0.0 0.435 0.48 1
