51 6.94640094319 0.0305484543633 0.0 0.435 0.48 1
52 1.94553947338 7.62661255964 0.0 0.435 0.48 1
53 1.85840691799 7.13378007323 0.0 0.435 0.48 1
54 3.05006036869 12.1000518455 0.0 0.435 0.48 1
55 6.49558467837 6.78605274505 0.0 0.435 0.48 1
56 6.75487769343 7.34093677939 0.0 0.435 0.48 1
57 5.61815563634 6.23188469012 0.0 0.435 0.48 1
58 9.56353458138 2.68253614878 0.0 0.435 0.48 1
59 10.1059031689 3.17489131559 0.0 0.435 0.48 1
60 12.6744193668 1.6679933402 0.0 0.435 0.48 1
61 12.7264042488 2.36702789356 0.0 0.435 0.48 1
96 10.8059101235 8.93876413847 0.0 0.435 0.48 1
97 11.6597670733 3.67536091559 0.0 0.435 0.48 1
98 3.66988011654 8.15261875821 0.0 0.435 0.48 1
99 3.02964525306 8.17004092359 0.0 0.435 0.48 1
100 6.87568466636 4.71496300314 0.0 0.435 0.48 1
101 8.36598810761 4.23621144491 0.0 0.435 0.48 1
102 0.745677883403 4.4152062947 0.0 0.435 0.48 1
222 12.5552961147 9.54496002974 0.0 0.435 0.48 1
225 0.620872073395 7.79629967724 0.0 0.435 0.48 1
231 3.02943478795 8.83661774419 0.0 0.435 0.48 1
232 9.24152296366 9.27193321887 0.0 0.435 0.48 1
233 8.77976251314 9.13422651443 0.0 0.435 0.48 1
340 13.1479658634 9.89578993532 0.0 0.435 0.48 1
343 13.2111053963 9.26262548668 0.0 0.435 0.48 1
376 14.3804495454 9.15379661801 0.0 0.435 0.48 1
