203 11.0056415125 4.23310886752 0.0 0.435 0.48 1
204 13.1681705139 5.01591301058 0.0 0.435 0.48 1
205 14.0127669989 11.0184456332 0.0 0.435 0.48 1
206 14.324044896 10.5883806741 0.0 0.435 0.48 1
266 14.3617181506 8.03997133275 0.0 0.435 0.48 1
267 14.5557669817 3.42118822889 0.0 0.435 0.48 1
268 8.7658718159 8.17004092359 0.0 0.435 0.48 1
269 8.36767182849 8.73113011272 0.0 0.435 0.48 1
270 5.18985913826 5.18703208697 0.0 0.435 0.48 1
271 4.38777660547 4.23788206351 0.0 0.435 0.48 1
272 1.71655343411 7.84140637939 0.0 0.435 0.48 1
292 9.51260202485 5.80301303003 0.0 0.435 0.48 1
293 5.44283820003 7.64546668382 0.0 0.435 0.48 1
294 5.28983006533 7.03545223575 0.0 0.435 0.48 1
295 8.82795902324 5.76983931787 0.0 0.435 0.48 1
296 7.2330544225 9.38720590213 0.0 0.435 0.48 1
297 7.69207882659 7.13807594963 0.0 0.435 0.48 1
298 14.7605495334 6.27675273246 0.0 0.435 0.48 1
299 14.7296111623 5.46196817624 0.0 0.435 0.48 1
338 3.42531965916 11.700296681 0.0 0.435 0.48 1
339 3.48004058766 12.3842956669 0.0 0.435 0.48 1
375 11.9988263649 11.4530451284 0.0 0.435 0.48 1
404 11.2979775498 12.8926410403 0.0 0.435 0.48 1
405 11.6643973057 12.7303523765 0.0 0.435 0.48 1
406 12.8859368019 10.8330069688 0.0 0.435 0.48 1
407 14.4398007063 11.3993466735 0.0 0.435 0.48 1
434 11.033422907 5.09586404348 0.0 0.435 0.48 1
