4 5.89954748791 6.80824810643 0.0 0.435 0.48 1
13 15.0000588281 3.88872277653 0.0 0.435 0.48 1
28 4.56204171624 4.02022432617 0.0 0.435 0.48 1
30 4.45428358011 3.53646091215 0.0 0.435 0.48 1
33 3.20854059624 12.2757054581 0.0 0.435 0.48 1
34 2.69942549606 11.7394368881 0.0 0.435 0.48 1
37 8.62738577377 0.889485073532 0.0 0.435 0.48 1
38 13.2475158603 6.26625170128 0.0 0.435 0.48 1
39 13.8008286335 6.02615994276 0.0 0.435 0.48 1
40 14.3474065232 10.5716744881 0.0 0.435 0.48 1
41 14.7325576738 2.24340211731 0.0 0.435 0.48 1
74 14.1971344349 12.995503414 0.0 0.435 0.48 1
75 6.38782654224 7.25215533389 0.0 0.435 0.48 1
76 13.709697241 3.19684801716 0.0 0.435 0.48 1
77 13.7854646805 8.35309298997 0.0 0.435 0.48 1
78 13.8906972353 8.90201052931 0.0 0.435 0.48 1
79 15.101503011 4.72689599312 0.0 0.435 0.48 1
80 13.0587286569 7.31730945921 0.0 0.435 0.48 1
81 13.170275165 6.79559913704 0.0 0.435 0.48 1
82 12.2069763583 9.25594301229 0.0 0.435 0.48 1
83 10.77034152 7.23759708611 0.0 0.435 0.48 1
84 12.6312740193 9.88791416193 0.0 0.435 0.48 1
85 12.1859298473 9.93349818367 0.0 0.435 0.48 1
86 3.60695104876 3.46176039484 0.0 0.435 0.48 1
217 6.2447102677 5.11328620886 0.0 0.435 0.48 1
219 7.60073696902 4.89037795593 0.0 0.435 0.48 1
220 6.73488350802 5.79943313304 0.0 0.435 0.48 1
221 0.416299986839 8.26025432788 0.0 0.435 0.48 1
232 0.577095330593 4.17797845378 0.0 0.435 0.48 1
233 0.424297661005 3.44911142546 0.0 0.435 0.48 1
300 12.8853054066 10.5611734569 0.0 0.435 0.48 1
301 13.3098135327 10.2511543771 0.0 0.435 0.48 1
302 14.5075704716 10.9084234655 0.0 0.435 0.48 1
316 9.34023110007 8.80487599083 0.0 0.435 0.48 1
317 8.80838576805 9.60176106207 0.0 0.435 0.48 1
410 2.67732665955 0.264912377682 0.0 0.435 0.48 1
411 8.75976832772 3.92929494248 0.0 0.435 0.48 1
