4 5.38517075999 6.95239862545 0.0 0.435 0.48 1
10 14.5888100039 3.9140207153 0.0 0.435 0.48 1
11 14.3427762908 7.11564192846 0.0 0.435 0.48 1
12 15.0469925476 6.64953933962 0.0 0.435 0.48 1
13 14.047493742 5.14097074563 0.0 0.435 0.48 1
28 5.13976844217 2.69184388097 0.0 0.435 0.48 1
30 5.6389916822 1.80498406523 0.0 0.435 0.48 1
33 4.36904521072 10.6050868601 0.0 0.435 0.48 1
34 3.99883708289 10.023711588 0.0 0.435 0.48 1
35 10.7652903573 12.3267786552 0.0 0.435 0.48 1
36 11.2914531314 13.0587482609 0.0 0.435 0.48 1
37 10.4984205983 1.57300673991 0.0 0.435 0.48 1
38 14.3274123378 5.98439447781 0.0 0.435 0.48 1
39 14.8403158099 5.46960528983 0.0 0.435 0.48 1
74 14.0508611837 12.9401343405 0.0 0.435 0.48 1
75 6.1594718983 7.20227543575 0.0 0.435 0.48 1
76 13.4228332966 5.37175477195 0.0 0.435 0.48 1
77 12.6678949484 8.61323217166 0.0 0.435 0.48 1
78 12.6775763434 9.22969043432 0.0 0.435 0.48 1
79 12.8057495952 6.26362644348 0.0 0.435 0.48 1
80 11.2634612718 7.07029656651 0.0 0.435 0.48 1
81 11.3076589449 6.39536665292 0.0 0.435 0.48 1
82 12.1775112429 10.4461394335 0.0 0.435 0.48 1
83 12.849526338 8.09486308668 0.0 0.435 0.48 1
84 12.3917647245 11.0709507891 0.0 0.435 0.48 1
85 11.897382182 11.1692786266 0.0 0.435 0.48 1
86 1.93817319454 3.54290472675 0.0 0.435 0.48 1
217 8.41186950151 4.42952588268 0.0 0.435 0.48 1
219 9.52586132676 3.25436502889 0.0 0.435 0.48 1
220 8.47353577863 4.996342907 0.0 0.435 0.48 1
300 13.1342856313 11.4065064675 0.0 0.435 0.48 1
301 13.5392205022 11.2790621345 0.0 0.435 0.48 1
305 13.761471658 12.5024322678 0.0 0.435 0.48 1
315 1.03822438578 8.26240226608 0.0 0.435 0.48 1
316 9.00959041285 9.19198218596 0.0 0.435 0.48 1
317 9.22552761533 10.5657079931 0.0 0.435 0.48 1
410 2.85811618871 0.575170117309 0.0 0.435 0.48 1
411 8.2060346243 3.64194854363 0.0 0.435 0.48 1
