128 0.332534873208 13.4198405379 0.0 0.435 0.48 1
129 1.01086392153 12.8580353694 0.0 0.435 0.48 1
130 1.98700109997 13.2802245551 0.0 0.435 0.48 1
132 1.58353948482 12.9749786712 0.0 0.435 0.48 1
133 2.58093363934 13.4255683731 0.0 0.435 0.48 1
137 1.19965112487 4.94025785407 0.0 0.435 0.48 1
138 0.964982527633 5.37795992674 0.0 0.435 0.48 1
140 1.8651418015 7.04046409155 0.0 0.435 0.48 1
141 2.48264643314 6.38892283833 0.0 0.435 0.48 1
142 9.14660319922 9.59627188668 0.0 0.435 0.48 1
143 9.47092993315 8.73805124691 0.0 0.435 0.48 1
144 9.04221250484 7.39845379112 0.0 0.435 0.48 1
145 10.747400823 8.96286877824 0.0 0.435 0.48 1
146 12.1690926385 1.29353611445 0.0 0.435 0.48 1
147 12.8072228509 1.81930365322 0.0 0.435 0.48 1
232 12.2547519382 7.88603576193 0.0 0.435 0.48 1
233 12.7518705271 7.47005173103 0.0 0.435 0.48 1
238 12.482896117 8.42134969269 0.0 0.435 0.48 1
248 11.6614507941 5.2435944595 0.0 0.435 0.48 1
249 12.2090810094 4.8345315628 0.0 0.435 0.48 1
253 12.9442356373 9.20152857795 0.0 0.435 0.48 1
254 12.2646437983 9.21560950614 0.0 0.435 0.48 1
256 1.7098185506 3.96461659284 0.0 0.435 0.48 1
257 7.76132184766 9.28625280685 0.0 0.435 0.48 1
258 7.56474743527 8.52540536536 0.0 0.435 0.48 1
259 2.63291852142 7.71921256193 0.0 0.435 0.48 1
277 8.704626469 8.03305019855 0.0 0.435 0.48 1
324 6.48800793443 8.96716465463 0.0 0.435 0.48 1
325 5.9363788821 8.77146361887 0.0 0.435 0.48 1
326 4.10933126544 11.6781013196 0.0 0.435 0.48 1
327 4.01083359413 10.2487677791 0.0 0.435 0.48 1
328 3.61999988556 11.9747554506 0.0 0.435 0.48 1
354 11.9272682276 11.5423038935 0.0 0.435 0.48 1
376 7.48329743785 7.93949555707 0.0 0.435 0.48 1
