4 5.01517309727 6.9944027502 0.0 0.435 0.48 1
10 14.4755797749 5.19371456136 0.0 0.435 0.48 1
11 14.25501234 7.33425430499 0.0 0.435 0.48 1
12 14.2855297809 6.97602594562 0.0 0.435 0.48 1
13 13.8027228195 6.35598778597 0.0 0.435 0.48 1
19 0.260555805716 4.98798981401 0.0 0.435 0.48 1
27 1.26468484374 5.18750940657 0.0 0.435 0.48 1
28 5.78252888696 1.2529639485 0.0 0.435 0.48 1
29 1.4846208833 5.80301303003 0.0 0.435 0.48 1
30 6.78855211097 0.926477342488 0.0 0.435 0.48 1
33 5.52597191833 9.43278992387 0.0 0.435 0.48 1
34 5.32476727353 8.75881464948 0.0 0.435 0.48 1
35 11.1803275535 11.7155709081 0.0 0.435 0.48 1
36 12.3460937957 12.3231987582 0.0 0.435 0.48 1
37 11.1876938324 2.16082582661 0.0 0.435 0.48 1
74 13.7143274734 12.8472956784 0.0 0.435 0.48 1
75 5.76400795731 7.29917131444 0.0 0.435 0.48 1
76 13.2923449286 7.05406770013 0.0 0.435 0.48 1
77 11.7944647434 8.80177341343 0.0 0.435 0.48 1
78 11.670711259 9.52706054476 0.0 0.435 0.48 1
79 10.9126159341 6.93473780027 0.0 0.435 0.48 1
80 9.68707760073 6.88318728354 0.0 0.435 0.48 1
81 9.64077527662 6.17245839999 0.0 0.435 0.48 1
82 11.8881217172 11.3406363628 0.0 0.435 0.48 1
83 13.0631484242 9.72777343632 0.0 0.435 0.48 1
84 12.137312407 11.7905100852 0.0 0.435 0.48 1
85 11.7919391621 12.0203394724 0.0 0.435 0.48 1
86 0.71368718674 3.28276554506 0.0 0.435 0.48 1
217 9.5814241157 2.67298975679 0.0 0.435 0.48 1
219 10.6404845473 1.82407684921 0.0 0.435 0.48 1
220 9.90827643095 3.52428926237 0.0 0.435 0.48 1
300 13.16059377 12.3442008206 0.0 0.435 0.48 1
305 14.5665007023 12.0363296789 0.0 0.435 0.48 1
315 2.27996853257 8.52015484977 0.0 0.435 0.48 1
316 9.14470901323 10.2320615931 0.0 0.435 0.48 1
317 9.30045319435 10.9544848068 0.0 0.435 0.48 1
410 3.36302198671 1.03124899456 0.0 0.435 0.48 1
411 8.07323114013 3.26152482288 0.0 0.435 0.48 1
