198 2.53547317566 12.0838229791 0.0 0.435 0.48 1
202 15.2808192844 3.23312430672 0.0 0.435 0.48 1
203 5.84987772204 3.98180009842 0.0 0.435 0.48 1
204 4.5108986946 7.60274657967 0.0 0.435 0.48 1
205 4.10301731215 6.20754139055 0.0 0.435 0.48 1
206 3.88623824924 5.48273157882 0.0 0.435 0.48 1
207 13.3039205096 2.4188170701 0.0 0.435 0.48 1
208 0.656861607141 7.47363162803 0.0 0.435 0.48 1
210 0.0608244166818 8.22588731672 0.0 0.435 0.48 1
264 1.81778715184 5.51304137338 0.0 0.435 0.48 1
265 1.71402785279 4.90732280171 0.0 0.435 0.48 1
266 1.68519413277 6.64452748382 0.0 0.435 0.48 1
267 0.306647664724 3.92332844749 0.0 0.435 0.48 1
291 11.636194981 12.3659188624 0.0 0.435 0.48 1
362 2.00594295984 12.9434755777 0.0 0.435 0.48 1
363 2.35720922781 13.3031358958 0.0 0.435 0.48 1
371 10.3803496718 11.4096090449 0.0 0.435 0.48 1
