142 8.69220902753 9.04449042974 0.0 0.435 0.48 1
155 14.7525518592 5.77103261687 0.0 0.435 0.48 1
156 3.79594871721 11.9091240057 0.0 0.435 0.48 1
158 4.12301149756 11.2790621345 0.0 0.435 0.48 1
160 12.187192638 10.5669012921 0.0 0.435 0.48 1
161 1.54165692801 6.93903367667 0.0 0.435 0.48 1
162 6.54546490935 10.2902945842 0.0 0.435 0.48 1
163 7.09625210124 9.13732909183 0.0 0.435 0.48 1
164 6.58671607084 8.59270742888 0.0 0.435 0.48 1
165 4.40966497687 7.97362390843 0.0 0.435 0.48 1
166 4.91625449574 7.47172234963 0.0 0.435 0.48 1
167 4.05629405781 7.34523265578 0.0 0.435 0.48 1
168 2.87642665325 5.86315529956 0.0 0.435 0.48 1
169 0.13490813527 7.05024914334 0.0 0.435 0.48 1
248 12.6910461104 5.55385219913 0.0 0.435 0.48 1
249 13.1925844667 4.88846867753 0.0 0.435 0.48 1
256 8.35209741038 5.42521456709 0.0 0.435 0.48 1
259 14.8066413924 11.4458853345 0.0 0.435 0.48 1
262 10.6095461762 6.68581562917 0.0 0.435 0.48 1
278 14.0123460686 8.02636772416 0.0 0.435 0.48 1
279 13.7378995657 7.43616203947 0.0 0.435 0.48 1
280 14.5694472138 6.9927321316 0.0 0.435 0.48 1
329 4.37367544313 8.30989556622 0.0 0.435 0.48 1
331 3.85508941301 8.86812083775 0.0 0.435 0.48 1
332 4.31453474732 8.83828836279 0.0 0.435 0.48 1
333 6.85926838781 10.7614090289 0.0 0.435 0.48 1
334 0.930466249654 12.2945595822 0.0 0.435 0.48 1
335 9.57468923219 12.1382374134 0.0 0.435 0.48 1
358 12.5515077427 11.0988739857 0.0 0.435 0.48 1
360 14.162828622 12.1563755582 0.0 0.435 0.48 1
