51 8.63832995947 5.89489705292 0.0 0.435 0.48 1
55 3.16771036497 6.58629449269 0.0 0.435 0.48 1
56 3.35839175429 7.10179966007 0.0 0.435 0.48 1
57 0.580883702566 7.02495120457 0.0 0.435 0.48 1
58 4.93182891385 4.2481444349 0.0 0.435 0.48 1
59 5.19049053358 4.81114290242 0.0 0.435 0.48 1
60 10.5436705969 2.95818821745 0.0 0.435 0.48 1
61 10.8374798899 3.62571967725 0.0 0.435 0.48 1
62 12.8810961044 6.96027439884 0.0 0.435 0.48 1
63 12.8945658714 7.73257751072 0.0 0.435 0.48 1
64 14.0009809527 7.15287285721 0.0 0.435 0.48 1
65 14.3579297787 7.63544297223 0.0 0.435 0.48 1
66 14.3878158242 6.49154655221 0.0 0.435 0.48 1
72 1.74012552638 5.18536146837 0.0 0.435 0.48 1
98 5.52260447657 8.13710587123 0.0 0.435 0.48 1
99 5.56006726609 7.52756874276 0.0 0.435 0.48 1
100 15.0137390602 1.18303662718 0.0 0.435 0.48 1
102 7.49950325129 5.0770099193 0.0 0.435 0.48 1
103 1.08094880304 4.51711402918 0.0 0.435 0.48 1
222 11.0245833724 8.50535794219 0.0 0.435 0.48 1
232 7.02153698733 9.14377290642 0.0 0.435 0.48 1
233 8.39145438588 9.02086310957 0.0 0.435 0.48 1
340 11.9916705511 8.18961102717 0.0 0.435 0.48 1
343 11.7487938146 7.94737133046 0.0 0.435 0.48 1
345 10.574608968 11.9358539033 0.0 0.435 0.48 1
346 11.0106926752 11.5680791519 0.0 0.435 0.48 1
347 9.78852178357 10.7821724315 0.0 0.435 0.48 1
348 10.4929485055 12.5668704137 0.0 0.435 0.48 1
376 14.333726291 8.88625898253 0.0 0.435 0.48 1
412 4.58014171567 3.85149184778 0.0 0.435 0.48 1
413 5.33255448258 3.15627585121 0.0 0.435 0.48 1
414 4.70957775809 3.05389079713 0.0 0.435 0.48 1
