203 10.1303171216 4.09755010128 0.0 0.435 0.48 1
204 10.6127031529 5.67413673819 0.0 0.435 0.48 1
205 13.4676623649 10.1891028292 0.0 0.435 0.48 1
206 13.8540763062 9.73039869412 0.0 0.435 0.48 1
208 13.6339298015 2.68253614878 0.0 0.435 0.48 1
209 13.1456507472 1.95223716166 0.0 0.435 0.48 1
266 12.4279647234 8.42779350728 0.0 0.435 0.48 1
267 11.3554345247 2.57752583691 0.0 0.435 0.48 1
268 7.06994396254 7.48628059741 0.0 0.435 0.48 1
269 6.90641257236 8.04641514734 0.0 0.435 0.48 1
270 4.15268707802 6.94500017166 0.0 0.435 0.48 1
271 3.54044407412 5.80468364863 0.0 0.435 0.48 1
272 0.747151139171 8.00703628039 0.0 0.435 0.48 1
292 10.3188938598 5.43213570128 0.0 0.435 0.48 1
293 7.45341139228 6.54261974934 0.0 0.435 0.48 1
294 7.17686023823 5.93069602288 0.0 0.435 0.48 1
295 9.97246828939 4.90445888411 0.0 0.435 0.48 1
296 9.44988342219 9.41608373789 0.0 0.435 0.48 1
297 9.555115977 7.67124194219 0.0 0.435 0.48 1
338 1.8520929647 12.9353611445 0.0 0.435 0.48 1
339 2.30985457814 13.335116309 0.0 0.435 0.48 1
371 14.9962704561 12.7938358832 0.0 0.435 0.48 1
375 12.2741147283 11.8936111187 0.0 0.435 0.48 1
404 11.4661391724 12.2842972109 0.0 0.435 0.48 1
405 12.3452519353 12.5091147422 0.0 0.435 0.48 1
406 14.1375728089 11.0325265614 0.0 0.435 0.48 1
434 12.2069763583 4.15268051501 0.0 0.435 0.48 1
