45 3.27736268709 6.22591819512 0.0 0.435 0.48 1
46 3.40721965973 6.75741356909 0.0 0.435 0.48 1
47 3.64315104762 7.26766822087 0.0 0.435 0.48 1
48 0.529951146037 4.54861712274 0.0 0.435 0.48 1
49 0.849647647558 5.06841816651 0.0 0.435 0.48 1
50 5.84524748963 6.61445634906 0.0 0.435 0.48 1
51 8.07954509341 0.509061352789 0.0 0.435 0.48 1
52 8.58255670542 8.03949401315 0.0 0.435 0.48 1
53 8.51036717282 7.01659811158 0.0 0.435 0.48 1
54 10.1124275873 7.33353832559 0.0 0.435 0.48 1
55 11.6968089325 6.98915223461 0.0 0.435 0.48 1
56 11.9169554372 7.43711667867 0.0 0.435 0.48 1
57 13.8864879331 7.5750620429 0.0 0.435 0.48 1
87 12.3606158883 11.8422992618 0.0 0.435 0.48 1
89 12.9366588934 8.54187289154 0.0 0.435 0.48 1
90 12.8282693619 9.12133888525 0.0 0.435 0.48 1
91 14.0249739752 5.63976972703 0.0 0.435 0.48 1
92 11.3600647571 8.76716774247 0.0 0.435 0.48 1
93 12.2385461247 8.91991001429 0.0 0.435 0.48 1
94 10.3447810683 3.36032997997 0.0 0.435 0.48 1
95 10.2706973497 4.10900577167 0.0 0.435 0.48 1
96 3.9028649929 5.43523827867 0.0 0.435 0.48 1
222 12.9869600546 11.4587729636 0.0 0.435 0.48 1
223 14.9430227834 6.06195891272 0.0 0.435 0.48 1
225 9.65656015984 8.13758319083 0.0 0.435 0.48 1
228 7.12108698418 0.136036085837 0.0 0.435 0.48 1
229 10.8389531457 6.38009242574 0.0 0.435 0.48 1
230 11.3689042918 3.92929494248 0.0 0.435 0.48 1
231 9.58563341789 10.308432729 0.0 0.435 0.48 1
232 12.4142844913 7.70513163375 0.0 0.435 0.48 1
233 13.4522984119 6.8287728492 0.0 0.435 0.48 1
311 10.8050682631 11.7845435903 0.0 0.435 0.48 1
313 13.5869960821 10.7229848011 0.0 0.435 0.48 1
340 13.1887960947 11.7936126626 0.0 0.435 0.48 1
341 13.6341402667 8.84640279598 0.0 0.435 0.48 1
342 13.4573495746 10.4337291239 0.0 0.435 0.48 1
343 13.6566600334 12.1897879302 0.0 0.435 0.48 1
344 14.0371809516 12.5243889694 0.0 0.435 0.48 1
376 14.2244948992 11.5306095634 0.0 0.435 0.48 1
