189 13.5749995708 5.60253879827 0.0 0.435 0.48 1
190 13.2420437674 5.06985012531 0.0 0.435 0.48 1
191 4.96971263359 9.75474199369 0.0 0.435 0.48 1
192 5.41758238687 9.4919775542 0.0 0.435 0.48 1
193 9.58900085965 10.7136770689 0.0 0.435 0.48 1
198 6.80623118018 8.54115691214 0.0 0.435 0.48 1
200 5.41758238687 6.71755738253 0.0 0.435 0.48 1
201 7.11372070534 4.65386609441 0.0 0.435 0.48 1
202 1.94133017119 4.36317845836 0.0 0.435 0.48 1
203 0.0665069746417 3.93740937567 0.0 0.435 0.48 1
204 14.3181518729 2.7500768721 0.0 0.435 0.48 1
263 7.1762288429 9.62729766064 0.0 0.435 0.48 1
291 13.473555388 9.29699249784 0.0 0.435 0.48 1
362 4.18236265848 9.13828373103 0.0 0.435 0.48 1
363 4.69105682844 9.62944559884 0.0 0.435 0.48 1
366 3.651569652 6.94309089326 0.0 0.435 0.48 1
369 13.6676042191 13.355402392 0.0 0.435 0.48 1
401 10.1515740977 12.2916956646 0.0 0.435 0.48 1
402 10.6653194303 11.9110332841 0.0 0.435 0.48 1
433 11.1708566236 6.16744654419 0.0 0.435 0.48 1
