51 12.12384264 13.0367915593 0.0 0.435 0.48 1
62 15.341643701 3.03241141516 0.0 0.435 0.48 1
63 14.3326739655 3.55364441773 0.0 0.435 0.48 1
64 10.2029275844 7.31921873761 0.0 0.435 0.48 1
65 10.26164735 7.9132429791 0.0 0.435 0.48 1
66 10.1614659578 6.73903676451 0.0 0.435 0.48 1
67 7.12719047236 4.834292903 0.0 0.435 0.48 1
68 12.3530391444 11.7384822489 0.0 0.435 0.48 1
69 13.0210554023 11.637051834 0.0 0.435 0.48 1
70 11.7755228835 8.75499609269 0.0 0.435 0.48 1
71 11.7271159083 9.23136105292 0.0 0.435 0.48 1
72 6.86916024796 1.13816858483 0.0 0.435 0.48 1
99 9.49260783944 12.4391874209 0.0 0.435 0.48 1
103 6.14284515464 0.763711359083 0.0 0.435 0.48 1
104 8.13721253345 7.88555844233 0.0 0.435 0.48 1
105 4.66622194551 3.79803205264 0.0 0.435 0.48 1
106 11.4638240562 6.10897489327 0.0 0.435 0.48 1
107 11.2548322023 6.72161459913 0.0 0.435 0.48 1
108 12.4780554195 6.4972743874 0.0 0.435 0.48 1
109 12.2747461236 7.12614295964 0.0 0.435 0.48 1
110 0.0776616254518 7.71062080914 0.0 0.435 0.48 1
222 13.3285449275 7.25239399369 0.0 0.435 0.48 1
232 6.21503468724 9.05188888353 0.0 0.435 0.48 1
233 6.11632655083 8.36788989755 0.0 0.435 0.48 1
236 9.48776714192 8.83900434219 0.0 0.435 0.48 1
237 9.60962644039 9.51679817337 0.0 0.435 0.48 1
238 9.41831365574 5.39371147352 0.0 0.435 0.48 1
239 10.6600578025 2.68587738598 0.0 0.435 0.48 1
240 1.69971622534 12.8802307307 0.0 0.435 0.48 1
241 2.60471619673 12.978797228 0.0 0.435 0.48 1
276 14.7460274408 9.25140847609 0.0 0.435 0.48 1
314 12.0175577596 9.88051570814 0.0 0.435 0.48 1
320 5.2214289047 11.333237909 0.0 0.435 0.48 1
340 13.6781274746 8.04880174534 0.0 0.435 0.48 1
343 14.5281960523 6.36529551816 0.0 0.435 0.48 1
345 4.95771612234 9.9148827193 0.0 0.435 0.48 1
346 4.63486264417 9.50391054419 0.0 0.435 0.48 1
347 12.5761321606 8.37194711415 0.0 0.435 0.48 1
376 14.2526972238 8.7468816595 0.0 0.435 0.48 1
421 4.33095102587 4.77104805607 0.0 0.435 0.48 1
422 4.34336846734 5.35313930757 0.0 0.435 0.48 1
423 5.87029283768 5.55528415793 0.0 0.435 0.48 1
424 13.4853414341 3.72834339112 0.0 0.435 0.48 1
425 10.6183857108 5.20612487095 0.0 0.435 0.48 1
426 8.39755787406 6.00420324119 0.0 0.435 0.48 1
