3 11.8710740433 8.11156927266 0.0 0.435 0.48 1
4 3.05595339176 6.58891975049 0.0 0.435 0.48 1
5 4.17478591453 10.5501951061 0.0 0.435 0.48 1
7 7.51634046006 6.20443881315 0.0 0.435 0.48 1
8 8.57203344994 6.27818469126 0.0 0.435 0.48 1
9 13.3074984165 11.3100879084 0.0 0.435 0.48 1
10 5.47209285026 8.63948474963 0.0 0.435 0.48 1
11 5.35318006333 8.04426720914 0.0 0.435 0.48 1
12 4.41766265104 8.53017856136 0.0 0.435 0.48 1
13 4.65359403893 7.57005018711 0.0 0.435 0.48 1
14 12.705568203 9.98504870041 0.0 0.435 0.48 1
15 13.2233123727 9.12611208124 0.0 0.435 0.48 1
16 12.4258600723 10.291726543 0.0 0.435 0.48 1
17 7.65882533927 5.57389962231 0.0 0.435 0.48 1
18 11.4913949856 4.84479393418 0.0 0.435 0.48 1
19 13.2323623724 4.14027020543 0.0 0.435 0.48 1
20 13.302657719 3.52572122117 0.0 0.435 0.48 1
21 13.976567 1.5825531319 0.0 0.435 0.48 1
22 13.999507697 0.879938681543 0.0 0.435 0.48 1
23 6.0982265514 6.06004963432 0.0 0.435 0.48 1
24 8.16331020705 3.33717997939 0.0 0.435 0.48 1
25 7.77016138226 9.0788574409 0.0 0.435 0.48 1
26 13.5398518975 8.63948474963 0.0 0.435 0.48 1
27 15.0162646416 1.87968458254 0.0 0.435 0.48 1
28 14.5949134921 3.5798969957 0.0 0.435 0.48 1
74 12.2046612421 12.2122219513 0.0 0.435 0.48 1
75 2.73604642513 8.61561876966 0.0 0.435 0.48 1
76 2.72489177432 7.9962965894 0.0 0.435 0.48 1
215 1.72055227119 13.5678096137 0.0 0.435 0.48 1
216 1.368865073 13.653249822 0.0 0.435 0.48 1
217 6.97481373299 5.22283105693 0.0 0.435 0.48 1
219 7.00911954586 3.92094184949 0.0 0.435 0.48 1
220 7.38985092917 4.45386918225 0.0 0.435 0.48 1
273 13.7433716585 11.3785832709 0.0 0.435 0.48 1
274 14.4019169866 10.478835826 0.0 0.435 0.48 1
409 8.81575204688 2.78993305865 0.0 0.435 0.48 1
