64 8.22687067015 7.15478213561 0.0 0.435 0.48 1
65 8.23970904184 7.68890276737 0.0 0.435 0.48 1
66 8.18035788093 6.53927851215 0.0 0.435 0.48 1
67 4.3620998621 5.8323681854 0.0 0.435 0.48 1
68 12.2149740324 13.2150704297 0.0 0.435 0.48 1
69 12.5637147191 13.5353518809 0.0 0.435 0.48 1
70 8.87215669626 8.45356876565 0.0 0.435 0.48 1
71 8.87089390561 8.88554300313 0.0 0.435 0.48 1
72 7.03269163814 0.753210327896 0.0 0.435 0.48 1
103 6.26428352289 0.57493145751 0.0 0.435 0.48 1
104 7.05752652107 7.74045328411 0.0 0.435 0.48 1
105 10.0602322401 2.95938151645 0.0 0.435 0.48 1
106 8.77534274584 5.40588312331 0.0 0.435 0.48 1
107 8.7023113528 6.04119551015 0.0 0.435 0.48 1
108 9.5178636526 7.06671666952 0.0 0.435 0.48 1
109 9.84513689806 7.6605022512 0.0 0.435 0.48 1
110 2.38667434315 7.9115723605 0.0 0.435 0.48 1
111 12.156464732 6.69679397996 0.0 0.435 0.48 1
112 12.1648833364 6.05408313933 0.0 0.435 0.48 1
222 13.9873007206 6.34906665178 0.0 0.435 0.48 1
232 6.13800445712 9.08673321429 0.0 0.435 0.48 1
233 6.05655445969 8.47624144662 0.0 0.435 0.48 1
236 6.83653815597 8.27839247266 0.0 0.435 0.48 1
237 6.54020328161 9.44090435706 0.0 0.435 0.48 1
238 6.5770346758 8.48435587981 0.0 0.435 0.48 1
239 5.461990525 3.87869906494 0.0 0.435 0.48 1
240 3.94769406125 11.8227291582 0.0 0.435 0.48 1
241 4.52247427563 11.7726106003 0.0 0.435 0.48 1
242 0.899738343649 3.96342329384 0.0 0.435 0.48 1
276 14.7548669754 9.48314714161 0.0 0.435 0.48 1
314 10.0745438676 10.2046157161 0.0 0.435 0.48 1
320 4.85458821862 12.3141296858 0.0 0.435 0.48 1
340 14.8819879016 6.10396303747 0.0 0.435 0.48 1
345 4.29517195724 11.3876523433 0.0 0.435 0.48 1
346 3.89528824895 11.1067497591 0.0 0.435 0.48 1
347 14.8607309255 7.99009143461 0.0 0.435 0.48 1
350 12.7314554115 11.3876523433 0.0 0.435 0.48 1
351 13.6236170112 12.458041545 0.0 0.435 0.48 1
352 11.1813798791 12.9592271244 0.0 0.435 0.48 1
376 14.2133402483 8.71895846293 0.0 0.435 0.48 1
421 2.49653713038 4.89324187352 0.0 0.435 0.48 1
422 2.50011503724 5.41972539169 0.0 0.435 0.48 1
423 3.17633943447 5.04860940314 0.0 0.435 0.48 1
424 14.8798832505 0.912873733904 0.0 0.435 0.48 1
425 7.23999977112 6.2481135565 0.0 0.435 0.48 1
426 5.58553354435 5.2464583771 0.0 0.435 0.48 1
