142 10.5504054804 11.6874090518 0.0 0.435 0.48 1
169 11.8845438103 12.9122111439 0.0 0.435 0.48 1
176 2.20251737223 13.0940699113 0.0 0.435 0.48 1
177 1.8278894771 12.8076781516 0.0 0.435 0.48 1
178 14.800116974 8.72993681372 0.0 0.435 0.48 1
179 3.86329755229 7.46647183404 0.0 0.435 0.48 1
180 10.380560137 12.7100662935 0.0 0.435 0.48 1
181 10.9805961645 9.20582445435 0.0 0.435 0.48 1
182 3.85719406411 11.338011105 0.0 0.435 0.48 1
183 6.42970909906 4.30064959084 0.0 0.435 0.48 1
184 5.98541725264 3.56390678912 0.0 0.435 0.48 1
185 7.59358115529 4.45816505865 0.0 0.435 0.48 1
186 7.04195210296 5.76578210128 0.0 0.435 0.48 1
187 4.92046379794 9.01799919197 0.0 0.435 0.48 1
188 13.8389228183 10.0654770529 0.0 0.435 0.48 1
362 7.64325092116 8.69103526636 0.0 0.435 0.48 1
363 7.82530324099 8.21586360514 0.0 0.435 0.48 1
364 2.95282548805 8.22063680113 0.0 0.435 0.48 1
417 9.86239503705 4.55840217453 0.0 0.435 0.48 1
418 8.98686018101 4.5789269173 0.0 0.435 0.48 1
432 11.1336042992 11.7181961659 0.0 0.435 0.48 1
