179 3.61768476935 9.0769481625 0.0 0.435 0.48 1
189 7.2549427939 5.75671302889 0.0 0.435 0.48 1
190 7.12740093747 4.4951573276 0.0 0.435 0.48 1
191 8.76271483926 5.23691198511 0.0 0.435 0.48 1
192 9.64330085793 6.12568107925 0.0 0.435 0.48 1
193 3.33944989443 8.2416388635 0.0 0.435 0.48 1
194 12.8775181975 10.9914770758 0.0 0.435 0.48 1
195 13.4110472504 11.0267987262 0.0 0.435 0.48 1
196 12.7876495957 8.10727339627 0.0 0.435 0.48 1
197 13.156805398 8.59628732588 0.0 0.435 0.48 1
198 12.8198507575 8.8304125894 0.0 0.435 0.48 1
199 13.673286777 7.50346410299 0.0 0.435 0.48 1
200 12.6706309948 4.53835475135 0.0 0.435 0.48 1
263 2.43676503924 8.25762907009 0.0 0.435 0.48 1
289 14.7672844169 6.83760326179 0.0 0.435 0.48 1
362 4.66117078288 8.29557597824 0.0 0.435 0.48 1
363 5.10840914083 8.15309607781 0.0 0.435 0.48 1
366 12.0491275261 10.0953095279 0.0 0.435 0.48 1
367 13.6629739867 11.6303693596 0.0 0.435 0.48 1
368 13.9047983976 12.1160420521 0.0 0.435 0.48 1
400 11.0165856982 11.9365698827 0.0 0.435 0.48 1
401 13.819139098 10.3769280915 0.0 0.435 0.48 1
402 14.6995146516 10.5478085081 0.0 0.435 0.48 1
