179 2.17641969864 8.20536257395 0.0 0.435 0.48 1
189 9.96931131274 5.59824292188 0.0 0.435 0.48 1
190 10.3584613004 4.58871196909 0.0 0.435 0.48 1
191 6.54841142089 6.67579191758 0.0 0.435 0.48 1
192 7.08783349686 7.36504141916 0.0 0.435 0.48 1
193 6.35604631069 9.07074300771 0.0 0.435 0.48 1
194 11.7805740462 12.9105405253 0.0 0.435 0.48 1
195 12.398499608 12.8876291845 0.0 0.435 0.48 1
196 11.5953647497 9.98743529841 0.0 0.435 0.48 1
197 11.4585624285 10.5991203651 0.0 0.435 0.48 1
198 10.0974845645 8.85427856937 0.0 0.435 0.48 1
199 13.5749995708 7.00466512159 0.0 0.435 0.48 1
200 9.46756249139 6.29680015564 0.0 0.435 0.48 1
201 13.0909298187 4.82092795421 0.0 0.435 0.48 1
263 4.33053009565 8.84186825978 0.0 0.435 0.48 1
362 4.57614287859 8.25691309069 0.0 0.435 0.48 1
363 5.1427149537 8.26192494648 0.0 0.435 0.48 1
366 8.88520553306 8.17815535678 0.0 0.435 0.48 1
367 15.0745634769 9.9127347811 0.0 0.435 0.48 1
401 11.7010182347 11.1370595536 0.0 0.435 0.48 1
402 12.6100170432 11.0361064583 0.0 0.435 0.48 1
