3 12.1781426383 8.26073164748 0.0 0.435 0.48 1
4 3.07005455411 6.59082902889 0.0 0.435 0.48 1
5 3.94516847993 10.9516208893 0.0 0.435 0.48 1
7 7.17686023823 6.41994861229 0.0 0.435 0.48 1
8 8.25296834375 6.46314603604 0.0 0.435 0.48 1
9 13.2056333035 11.5874105957 0.0 0.435 0.48 1
10 5.75769400403 8.61394815106 0.0 0.435 0.48 1
11 5.72696609802 8.03710741515 0.0 0.435 0.48 1
12 4.76261496572 8.53041722116 0.0 0.435 0.48 1
13 5.03474635246 7.55071874333 0.0 0.435 0.48 1
14 12.9566530788 10.0769327233 0.0 0.435 0.48 1
15 13.3523274849 9.2416234243 0.0 0.435 0.48 1
16 12.6784182038 10.3793146895 0.0 0.435 0.48 1
17 7.21684860906 5.70516251215 0.0 0.435 0.48 1
19 13.0406286575 4.13406505064 0.0 0.435 0.48 1
20 13.0412600528 3.54743926294 0.0 0.435 0.48 1
21 14.1769297844 1.58947426609 0.0 0.435 0.48 1
22 14.2268100154 0.877313423747 0.0 0.435 0.48 1
23 6.44023235454 6.22902077252 0.0 0.435 0.48 1
24 8.86352762677 3.36748977396 0.0 0.435 0.48 1
25 7.54096487788 9.08339197709 0.0 0.435 0.48 1
26 13.0606228429 8.75881464948 0.0 0.435 0.48 1
27 14.4650565195 2.07299902031 0.0 0.435 0.48 1
28 14.3695053597 3.48443307582 0.0 0.435 0.48 1
29 14.7115111628 2.69685573676 0.0 0.435 0.48 1
74 12.1812996149 12.1415786506 0.0 0.435 0.48 1
75 2.89389525735 8.61561876966 0.0 0.435 0.48 1
76 2.97429292923 8.02779968296 0.0 0.435 0.48 1
217 6.65974746388 5.27533621287 0.0 0.435 0.48 1
219 7.03311256836 3.95483154105 0.0 0.435 0.48 1
220 7.34649511659 4.46437021344 0.0 0.435 0.48 1
273 13.6381391037 11.6814425568 0.0 0.435 0.48 1
274 14.4318030321 10.6664224286 0.0 0.435 0.48 1
409 8.72756716595 2.77465883147 0.0 0.435 0.48 1
