140 0.755780208665 7.02829244176 0.0 0.435 0.48 1
141 1.07337205909 6.41732335449 0.0 0.435 0.48 1
142 9.18638110494 9.54710796794 0.0 0.435 0.48 1
143 7.78215789351 8.04713112674 0.0 0.435 0.48 1
144 6.35983468266 6.39321871472 0.0 0.435 0.48 1
145 8.92372064812 7.78030947066 0.0 0.435 0.48 1
146 10.3005833953 2.27227995307 0.0 0.435 0.48 1
147 10.8877810511 2.73193872732 0.0 0.435 0.48 1
232 12.2884263557 7.89176359712 0.0 0.435 0.48 1
233 12.7693391312 7.47005173103 0.0 0.435 0.48 1
238 12.5031007675 8.42970278568 0.0 0.435 0.48 1
248 11.6915473048 5.25767538769 0.0 0.435 0.48 1
249 12.2225507764 4.84622589298 0.0 0.435 0.48 1
253 13.6419274757 10.185761592 0.0 0.435 0.48 1
254 13.1570158631 10.0120172578 0.0 0.435 0.48 1
256 3.29904059338 3.86628875536 0.0 0.435 0.48 1
258 8.33757531782 9.01131671758 0.0 0.435 0.48 1
259 3.77679639223 7.64331874562 0.0 0.435 0.48 1
277 7.08678117131 7.08580945349 0.0 0.435 0.48 1
324 7.57674394652 9.04997960513 0.0 0.435 0.48 1
325 6.95839745444 8.43566928067 0.0 0.435 0.48 1
326 3.84035685534 12.1301229802 0.0 0.435 0.48 1
327 4.04892777898 11.7079337945 0.0 0.435 0.48 1
328 3.98663010653 11.0136724372 0.0 0.435 0.48 1
354 12.1415217092 10.2437559233 0.0 0.435 0.48 1
355 12.1196333378 11.7933740028 0.0 0.435 0.48 1
356 11.2432566213 12.2802399943 0.0 0.435 0.48 1
357 11.570950797 12.6091131983 0.0 0.435 0.48 1
376 6.78876257608 7.67768575678 0.0 0.435 0.48 1
