64 0.527215099612 6.75407233189 0.0 0.435 0.48 1
65 0.467653473588 7.13330275364 0.0 0.435 0.48 1
66 0.420930219251 6.20515479255 0.0 0.435 0.48 1
72 4.95519054102 4.96937434963 0.0 0.435 0.48 1
103 6.0106730658 3.97654958283 0.0 0.435 0.48 1
108 0.810290672058 7.72064452073 0.0 0.435 0.48 1
109 1.0102325262 8.37695896994 0.0 0.435 0.48 1
110 11.6694484683 10.4115337625 0.0 0.435 0.48 1
111 1.28194298273 6.04930994334 0.0 0.435 0.48 1
112 0.919311598844 5.18655476737 0.0 0.435 0.48 1
113 2.07308132981 8.35309298997 0.0 0.435 0.48 1
114 7.09877768256 5.73069911072 0.0 0.435 0.48 1
115 7.39174511516 7.00633574019 0.0 0.435 0.48 1
116 7.50476487903 6.36720479656 0.0 0.435 0.48 1
117 7.64367185138 5.32378415221 0.0 0.435 0.48 1
118 11.4465659172 11.1256038832 0.0 0.435 0.48 1
119 11.7580542794 11.3895616217 0.0 0.435 0.48 1
120 13.0261065649 6.71350016594 0.0 0.435 0.48 1
121 13.4445112029 6.34835067238 0.0 0.435 0.48 1
122 14.2583797818 5.21185270614 0.0 0.435 0.48 1
123 14.949968132 8.10918267466 0.0 0.435 0.48 1
232 9.98299154487 7.6633661688 0.0 0.435 0.48 1
233 10.3515159518 7.17554553818 0.0 0.435 0.48 1
238 10.1258973543 8.12374092245 0.0 0.435 0.48 1
243 6.71383699705 8.35309298997 0.0 0.435 0.48 1
244 3.54633709719 8.04474452874 0.0 0.435 0.48 1
245 3.36218012627 7.5776873007 0.0 0.435 0.48 1
246 1.53639530027 4.5822681545 0.0 0.435 0.48 1
247 1.480201116 3.76867689728 0.0 0.435 0.48 1
321 8.21508462401 9.73326261171 0.0 0.435 0.48 1
322 9.89059736174 12.1155647325 0.0 0.435 0.48 1
323 7.30587535043 11.5606806981 0.0 0.435 0.48 1
376 12.792069363 8.46597907524 0.0 0.435 0.48 1
377 12.6889414593 10.7349177911 0.0 0.435 0.48 1
378 13.1961623735 11.5750002861 0.0 0.435 0.48 1
379 13.5259612003 12.0554224629 0.0 0.435 0.48 1
