103 14.8285297638 6.15002437882 0.0 0.435 0.48 1
114 2.27197085841 5.92329756909 0.0 0.435 0.48 1
115 2.90252432685 6.84738831358 0.0 0.435 0.48 1
116 2.70573944935 6.42042593189 0.0 0.435 0.48 1
117 2.28291504411 5.30946456423 0.0 0.435 0.48 1
120 1.54902320684 8.13042339684 0.0 0.435 0.48 1
121 5.49082424502 7.56551565092 0.0 0.435 0.48 1
122 6.15147422413 7.29153420085 0.0 0.435 0.48 1
123 5.8446160943 7.81276720342 0.0 0.435 0.48 1
124 6.70626025311 8.18101927438 0.0 0.435 0.48 1
125 9.9836229402 3.92929494248 0.0 0.435 0.48 1
126 9.80577992256 3.30925678283 0.0 0.435 0.48 1
127 8.85258344107 6.88247130414 0.0 0.435 0.48 1
128 8.85468809217 6.13284087324 0.0 0.435 0.48 1
129 9.75905666823 5.96410839484 0.0 0.435 0.48 1
130 10.0585485192 7.22041358053 0.0 0.435 0.48 1
131 7.92590556339 6.25909190728 0.0 0.435 0.48 1
132 9.81630317804 6.89512027352 0.0 0.435 0.48 1
133 10.672475244 7.16838574419 0.0 0.435 0.48 1
134 10.7907566356 5.79442127724 0.0 0.435 0.48 1
135 10.5916566419 5.06555424892 0.0 0.435 0.48 1
136 13.3628507403 7.71229142774 0.0 0.435 0.48 1
232 10.1467334002 7.71897390213 0.0 0.435 0.48 1
233 10.6390112916 7.44021925607 0.0 0.435 0.48 1
238 10.5735566425 8.10965999426 0.0 0.435 0.48 1
243 11.1091903465 9.26071620828 0.0 0.435 0.48 1
244 9.08388459655 9.26000022888 0.0 0.435 0.48 1
245 9.17375319836 8.81991155821 0.0 0.435 0.48 1
246 9.53912062867 4.90780012131 0.0 0.435 0.48 1
247 10.123371773 4.46222227524 0.0 0.435 0.48 1
248 5.58342889326 4.76985475707 0.0 0.435 0.48 1
249 5.65667075141 4.04337432675 0.0 0.435 0.48 1
250 4.57530101815 2.80783254363 0.0 0.435 0.48 1
251 2.98692083581 7.4122960595 0.0 0.435 0.48 1
252 2.70405572847 7.73568008811 0.0 0.435 0.48 1
321 6.50863351517 6.31660891902 0.0 0.435 0.48 1
322 9.6317252769 8.58841155249 0.0 0.435 0.48 1
323 11.6551368408 8.17242752159 0.0 0.435 0.48 1
324 1.29414995909 12.5881111359 0.0 0.435 0.48 1
325 1.86808831304 13.1215157882 0.0 0.435 0.48 1
376 10.8667345402 8.68339815277 0.0 0.435 0.48 1
377 3.23274408385 8.36263938196 0.0 0.435 0.48 1
380 12.1185810122 12.491453917 0.0 0.435 0.48 1
381 12.1648833364 11.3540013116 0.0 0.435 0.48 1
382 13.1427042357 11.5819214203 0.0 0.435 0.48 1
383 12.8897251739 11.2117600709 0.0 0.435 0.48 1
384 14.3947611728 3.34911296938 0.0 0.435 0.48 1
385 14.6892018612 2.26297222088 0.0 0.435 0.48 1
