4 9.96720666165 6.78915532245 0.0 0.435 0.48 1
37 1.00223485204 3.56438410872 0.0 0.435 0.48 1
38 4.66979985237 7.93090380428 0.0 0.435 0.48 1
39 4.62497078402 8.52158680857 0.0 0.435 0.48 1
41 14.2800576881 2.85198460658 0.0 0.435 0.48 1
42 6.07675911022 7.82016565721 0.0 0.435 0.48 1
43 14.3288855935 9.03494403775 0.0 0.435 0.48 1
44 6.93482536216 9.11513373046 0.0 0.435 0.48 1
45 9.52712411742 5.98248519942 0.0 0.435 0.48 1
46 10.4199171125 6.27293417567 0.0 0.435 0.48 1
47 10.7520310554 6.79870171444 0.0 0.435 0.48 1
48 11.9167449721 2.81523099742 0.0 0.435 0.48 1
49 12.2882158906 3.42643874449 0.0 0.435 0.48 1
75 9.964049685 7.35334708897 0.0 0.435 0.48 1
83 6.0150928331 0.378037122746 0.0 0.435 0.48 1
86 14.1356786229 4.65052485722 0.0 0.435 0.48 1
87 6.4000335186 6.39274139512 0.0 0.435 0.48 1
88 4.89583938011 6.62901459684 0.0 0.435 0.48 1
89 1.68435227233 7.71276874734 0.0 0.435 0.48 1
90 1.31793251648 6.90228006751 0.0 0.435 0.48 1
91 0.626133701136 6.06195891272 0.0 0.435 0.48 1
221 3.6690382561 7.68484555077 0.0 0.435 0.48 1
222 13.3020263237 11.5757162655 0.0 0.435 0.48 1
223 11.8363473002 11.352330693 0.0 0.435 0.48 1
224 11.3756391753 11.648984824 0.0 0.435 0.48 1
225 12.2789554258 11.7704626621 0.0 0.435 0.48 1
226 12.1878240333 11.2759595571 0.0 0.435 0.48 1
227 10.221238049 12.1277363822 0.0 0.435 0.48 1
228 11.1426542989 12.6303539204 0.0 0.435 0.48 1
232 6.41834398314 4.46675681144 0.0 0.435 0.48 1
233 6.2577591045 3.80256658883 0.0 0.435 0.48 1
234 5.698132378 3.08873512789 0.0 0.435 0.48 1
235 6.72478118275 10.5458992297 0.0 0.435 0.48 1
275 12.6156996012 11.8136600858 0.0 0.435 0.48 1
300 8.389770665 8.21896618253 0.0 0.435 0.48 1
301 8.30726834203 7.71181410814 0.0 0.435 0.48 1
302 11.2994508056 11.1649827502 0.0 0.435 0.48 1
306 14.7373983713 10.9077074861 0.0 0.435 0.48 1
307 14.5585030281 11.2776301757 0.0 0.435 0.48 1
312 14.3084704779 11.8105575084 0.0 0.435 0.48 1
316 8.46553810447 6.90585996451 0.0 0.435 0.48 1
317 7.69397301258 6.69273676336 0.0 0.435 0.48 1
340 13.0698833077 12.1368054546 0.0 0.435 0.48 1
410 3.26768129205 -0.101669074678 0.0 0.435 0.48 1
411 12.3833461201 8.47982134362 0.0 0.435 0.48 1
