203 9.02832180761 4.31401453962 0.0 0.435 0.48 1
204 3.21043478223 9.04258115134 0.0 0.435 0.48 1
205 8.4990020569 7.05024914334 0.0 0.435 0.48 1
206 8.66021833087 6.4130274781 0.0 0.435 0.48 1
207 11.3234438281 5.77556715307 0.0 0.435 0.48 1
208 4.42692311586 6.50801407839 0.0 0.435 0.48 1
209 4.10470103303 5.98487179741 0.0 0.435 0.48 1
210 3.97231847907 8.44091979627 0.0 0.435 0.48 1
211 3.68313941845 8.8304125894 0.0 0.435 0.48 1
212 13.4114681807 5.31113518282 0.0 0.435 0.48 1
264 5.05726611919 4.56532330872 0.0 0.435 0.48 1
265 4.35831149013 3.87678978655 0.0 0.435 0.48 1
266 6.45622770287 7.68054967438 0.0 0.435 0.48 1
267 2.73983479711 4.83572486179 0.0 0.435 0.48 1
268 0.349161616869 6.20014293676 0.0 0.435 0.48 1
269 0.51121975128 6.84619501458 0.0 0.435 0.48 1
270 0.257609294182 7.61491822946 0.0 0.435 0.48 1
292 14.7451855804 4.31496917882 0.0 0.435 0.48 1
337 7.80551952068 10.4232280927 0.0 0.435 0.48 1
371 13.2561449298 11.8578121488 0.0 0.435 0.48 1
372 12.4892100703 12.5041028864 0.0 0.435 0.48 1
374 13.4666100394 12.49980701 0.0 0.435 0.48 1
403 13.0801960981 13.1141173345 0.0 0.435 0.48 1
434 11.2704066204 4.59062124749 0.0 0.435 0.48 1
