51 9.13692180417 6.92113419169 0.0 0.435 0.48 1
55 2.80486851598 6.65478985521 0.0 0.435 0.48 1
56 3.02312083466 7.15502079541 0.0 0.435 0.48 1
58 4.52499985695 4.53453619456 0.0 0.435 0.48 1
59 4.83775100985 5.03047125836 0.0 0.435 0.48 1
60 10.4262310657 3.05460677653 0.0 0.435 0.48 1
61 10.8052787282 3.79469081544 0.0 0.435 0.48 1
62 12.4700577453 7.01659811158 0.0 0.435 0.48 1
63 12.5576112309 7.71778060313 0.0 0.435 0.48 1
64 13.5497437577 7.14070120743 0.0 0.435 0.48 1
65 14.0083472316 7.61444090986 0.0 0.435 0.48 1
66 13.790305378 6.497751707 0.0 0.435 0.48 1
72 2.1515848157 5.22879755192 0.0 0.435 0.48 1
98 6.14894864282 8.0817367977 0.0 0.435 0.48 1
99 6.24092189573 7.4996455462 0.0 0.435 0.48 1
102 8.60212996061 4.59181454649 0.0 0.435 0.48 1
103 1.4999848363 4.47797382202 0.0 0.435 0.48 1
104 0.534791843558 5.39943930872 0.0 0.435 0.48 1
222 11.0742531383 8.46335381744 0.0 0.435 0.48 1
232 6.57429862937 8.9946105316 0.0 0.435 0.48 1
233 8.22708113526 8.84616413618 0.0 0.435 0.48 1
340 11.7649996281 8.36096876336 0.0 0.435 0.48 1
343 11.7001763743 7.94737133046 0.0 0.435 0.48 1
345 10.3052136277 11.5921837917 0.0 0.435 0.48 1
346 10.6324868732 11.1983951222 0.0 0.435 0.48 1
347 9.59720899892 10.3638018026 0.0 0.435 0.48 1
348 11.0125868612 12.5833379399 0.0 0.435 0.48 1
349 10.1865113059 12.7682992847 0.0 0.435 0.48 1
376 14.3280437331 8.87504197194 0.0 0.435 0.48 1
412 4.35578590881 3.95721813905 0.0 0.435 0.48 1
413 5.03011612005 3.36510317596 0.0 0.435 0.48 1
414 4.43176381338 3.25699028669 0.0 0.435 0.48 1
