142 9.2577287771 9.38553528353 0.0 0.435 0.48 1
146 1.65425576166 4.78131042746 0.0 0.435 0.48 1
147 2.08928714325 5.51948518797 0.0 0.435 0.48 1
148 1.74601854945 6.84547903518 0.0 0.435 0.48 1
149 1.69929529512 7.38556616193 0.0 0.435 0.48 1
150 7.71817650019 6.88509656193 0.0 0.435 0.48 1
151 7.62346720086 6.19226716337 0.0 0.435 0.48 1
152 9.24846831227 4.86054548096 0.0 0.435 0.48 1
153 8.97717878597 3.56963462431 0.0 0.435 0.48 1
154 9.78662759759 3.86628875536 0.0 0.435 0.48 1
155 14.2207065272 4.34909753018 0.0 0.435 0.48 1
232 12.4761612335 7.92445998969 0.0 0.435 0.48 1
233 13.3746367865 8.11347855106 0.0 0.435 0.48 1
238 12.6123321594 8.45786464204 0.0 0.435 0.48 1
248 11.8607612529 5.33619446179 0.0 0.435 0.48 1
249 12.2989496112 4.9111413585 0.0 0.435 0.48 1
256 4.15689638021 4.22857433132 0.0 0.435 0.48 1
259 7.25536372412 9.17145744319 0.0 0.435 0.48 1
260 1.72581389893 6.26123984548 0.0 0.435 0.48 1
328 12.4805810008 9.83278374819 0.0 0.435 0.48 1
329 6.5071602594 9.7423316841 0.0 0.435 0.48 1
330 6.07612771489 10.0275301448 0.0 0.435 0.48 1
331 6.39014165845 10.7060399553 0.0 0.435 0.48 1
332 6.89862536331 10.6494775828 0.0 0.435 0.48 1
354 11.6225147489 7.9125269997 0.0 0.435 0.48 1
355 11.4082612673 8.4962888698 0.0 0.435 0.48 1
376 4.38230451262 10.8750110935 0.0 0.435 0.48 1
389 11.0828822078 12.9145977419 0.0 0.435 0.48 1
391 14.0274995565 8.87695125034 0.0 0.435 0.48 1
392 14.640794886 8.7468816595 0.0 0.435 0.48 1
