142 9.19522063954 8.96000486064 0.0 0.435 0.48 1
155 13.7120123572 5.19466920056 0.0 0.435 0.48 1
156 5.29845913482 7.97720380542 0.0 0.435 0.48 1
158 4.57677427392 6.98366305921 0.0 0.435 0.48 1
159 8.96391948406 8.18388319197 0.0 0.435 0.48 1
160 12.2616972868 10.6974482026 0.0 0.435 0.48 1
161 9.18911715136 3.77583669127 0.0 0.435 0.48 1
162 3.00354757947 8.53709969555 0.0 0.435 0.48 1
163 2.32711271713 7.83782648239 0.0 0.435 0.48 1
164 1.97837203048 8.25762907009 0.0 0.435 0.48 1
165 0.379679057764 8.10560277767 0.0 0.435 0.48 1
166 0.207097667872 7.25788316909 0.0 0.435 0.48 1
238 14.5974390734 7.37840636794 0.0 0.435 0.48 1
248 12.0215565967 5.44478467066 0.0 0.435 0.48 1
249 12.5494030916 4.90350424491 0.0 0.435 0.48 1
256 8.27759276157 5.37915322574 0.0 0.435 0.48 1
259 12.8638379654 9.61584199025 0.0 0.435 0.48 1
260 13.7825181689 7.32184399541 0.0 0.435 0.48 1
262 0.297176734791 6.30706252703 0.0 0.435 0.48 1
329 6.43518119191 9.25904558968 0.0 0.435 0.48 1
330 0.897002297224 6.88819913933 0.0 0.435 0.48 1
331 5.83409283882 9.61655796965 0.0 0.435 0.48 1
332 6.64796141774 10.1969786026 0.0 0.435 0.48 1
334 4.5982417151 11.9520827696 0.0 0.435 0.48 1
358 12.2764298445 11.4246446123 0.0 0.435 0.48 1
359 11.7719449767 10.5566389207 0.0 0.435 0.48 1
393 11.772576372 12.9938327954 0.0 0.435 0.48 1
395 10.9098798877 13.0043338266 0.0 0.435 0.48 1
396 4.87921263645 8.37695896994 0.0 0.435 0.48 1
397 14.880725111 8.26049298768 0.0 0.435 0.48 1
