142 12.1911914751 13.4425132189 0.0 0.435 0.48 1
179 3.7673254623 8.46359247724 0.0 0.435 0.48 1
181 12.2888472859 11.7812023531 0.0 0.435 0.48 1
183 10.2824833959 3.72309287553 0.0 0.435 0.48 1
184 10.4798996687 2.94816450586 0.0 0.435 0.48 1
185 3.74627895133 6.11780530585 0.0 0.435 0.48 1
186 12.1581484528 5.5827300349 0.0 0.435 0.48 1
187 9.66603108977 9.25570435249 0.0 0.435 0.48 1
188 12.5927589042 13.5888116761 0.0 0.435 0.48 1
189 1.23795577482 5.24001456251 0.0 0.435 0.48 1
190 0.778720905614 4.08895834849 0.0 0.435 0.48 1
191 15.3008134698 1.26489693848 0.0 0.435 0.48 1
362 5.76442888753 8.56287495392 0.0 0.435 0.48 1
363 5.85724400088 7.94617803146 0.0 0.435 0.48 1
364 0.7587267202 7.65716101401 0.0 0.435 0.48 1
365 11.8165635799 12.7489678409 0.0 0.435 0.48 1
417 12.6910461104 3.67536091559 0.0 0.435 0.48 1
418 12.2368624038 2.02240314277 0.0 0.435 0.48 1
