4 8.0989078835 6.38486562173 0.0 0.435 0.48 1
37 2.85958944448 3.86318617796 0.0 0.435 0.48 1
38 7.25809977055 7.2461888389 0.0 0.435 0.48 1
39 7.31261023394 7.91658421629 0.0 0.435 0.48 1
41 13.9921414181 2.35079902718 0.0 0.435 0.48 1
42 8.19572183393 5.20063569556 0.0 0.435 0.48 1
43 13.8486042134 9.04520640914 0.0 0.435 0.48 1
44 8.92372064812 7.61324761086 0.0 0.435 0.48 1
45 11.6883903282 6.31088108382 0.0 0.435 0.48 1
46 12.4812123961 6.41994861229 0.0 0.435 0.48 1
47 12.7962786652 6.89726821172 0.0 0.435 0.48 1
48 14.0902181592 3.04911760114 0.0 0.435 0.48 1
49 14.6113297706 3.44648616766 0.0 0.435 0.48 1
75 8.63222647129 6.81874913761 0.0 0.435 0.48 1
80 14.7395030224 11.1055564601 0.0 0.435 0.48 1
82 14.9577553411 5.85957540256 0.0 0.435 0.48 1
83 6.01130446112 1.15153353362 0.0 0.435 0.48 1
85 14.5010460532 6.77316511587 0.0 0.435 0.48 1
86 11.6856542817 3.45149802346 0.0 0.435 0.48 1
87 3.63241732703 7.57315276451 0.0 0.435 0.48 1
88 1.78074529254 7.02041666837 0.0 0.435 0.48 1
217 0.250874410674 6.36314757996 0.0 0.435 0.48 1
219 0.300333711436 5.16984858139 0.0 0.435 0.48 1
220 0.304543013628 5.72902849212 0.0 0.435 0.48 1
221 2.08507784106 8.00178576479 0.0 0.435 0.48 1
222 13.3178112069 11.5936157505 0.0 0.435 0.48 1
223 10.7852845428 11.9248755525 0.0 0.435 0.48 1
224 10.5695578054 12.0995745259 0.0 0.435 0.48 1
225 11.5591647509 12.462814741 0.0 0.435 0.48 1
226 11.1336042992 12.1835827754 0.0 0.435 0.48 1
232 3.4305812869 4.55553825693 0.0 0.435 0.48 1
233 4.93161844875 3.81784081602 0.0 0.435 0.48 1
234 2.02888365679 3.44624750786 0.0 0.435 0.48 1
235 3.78416267107 11.7153322483 0.0 0.435 0.48 1
275 13.9603611866 10.0879110741 0.0 0.435 0.48 1
300 9.51302295507 8.18603113017 0.0 0.435 0.48 1
301 9.80388573658 7.70011977795 0.0 0.435 0.48 1
302 12.168040313 11.7475513213 0.0 0.435 0.48 1
303 11.9278996229 10.4738239702 0.0 0.435 0.48 1
304 11.5040228921 10.8511451136 0.0 0.435 0.48 1
306 14.4557960546 11.8227291582 0.0 0.435 0.48 1
312 14.6904646519 12.7682992847 0.0 0.435 0.48 1
316 8.31337183021 8.01896927037 0.0 0.435 0.48 1
317 7.49045325157 8.49056103461 0.0 0.435 0.48 1
410 2.72362898366 0.0369922689556 0.0 0.435 0.48 1
411 11.259883365 7.09153728869 0.0 0.435 0.48 1
