142 9.31876365889 9.2471125997 0.0 0.435 0.48 1
155 13.2064751639 4.68441454878 0.0 0.435 0.48 1
156 6.35331026427 7.08580945349 0.0 0.435 0.48 1
158 6.57808700135 6.29727747524 0.0 0.435 0.48 1
159 6.53283700278 7.68484555077 0.0 0.435 0.48 1
160 12.8970914527 10.3664270604 0.0 0.435 0.48 1
161 13.1258670269 2.9149907937 0.0 0.435 0.48 1
162 1.31940577224 8.14880020142 0.0 0.435 0.48 1
163 0.742941836978 7.75739812989 0.0 0.435 0.48 1
164 0.176790692085 8.01419607438 0.0 0.435 0.48 1
232 13.6419274757 7.55477595993 0.0 0.435 0.48 1
233 13.6446635221 8.20846515134 0.0 0.435 0.48 1
238 12.6697891343 8.30607700943 0.0 0.435 0.48 1
248 11.9920914814 5.41972539169 0.0 0.435 0.48 1
249 12.4748984428 4.9161532143 0.0 0.435 0.48 1
256 8.14584160295 5.39156353533 0.0 0.435 0.48 1
259 11.6566100966 8.9153754781 0.0 0.435 0.48 1
260 12.1648833364 7.46145997824 0.0 0.435 0.48 1
261 7.38227418523 5.5827300349 0.0 0.435 0.48 1
329 6.46885560945 9.34496311758 0.0 0.435 0.48 1
330 4.22193009909 7.9091857625 0.0 0.435 0.48 1
331 5.85871725665 9.67980281658 0.0 0.435 0.48 1
332 6.68353002127 10.2552115937 0.0 0.435 0.48 1
334 5.02611728297 12.0430121533 0.0 0.435 0.48 1
355 14.6769948848 2.88133976194 0.0 0.435 0.48 1
358 12.1025856639 12.1974250438 0.0 0.435 0.48 1
359 11.5290682402 12.954931248 0.0 0.435 0.48 1
393 12.4384879789 12.501000309 0.0 0.435 0.48 1
394 11.9556810174 13.3353549688 0.0 0.435 0.48 1
395 11.3720612684 12.3547018518 0.0 0.435 0.48 1
396 7.90675323841 8.4974821688 0.0 0.435 0.48 1
397 15.0869809184 6.09799654248 0.0 0.435 0.48 1
415 1.7710638975 5.10302383747 0.0 0.435 0.48 1
416 2.32563946136 5.97842798282 0.0 0.435 0.48 1
