142 9.23226249883 9.44329095506 0.0 0.435 0.48 1
145 1.59216855432 5.6645903462 0.0 0.435 0.48 1
146 4.48985218364 4.98942177281 0.0 0.435 0.48 1
147 4.89731263588 5.34597951358 0.0 0.435 0.48 1
148 5.68192656456 5.92807076508 0.0 0.435 0.48 1
149 5.58721726523 6.50705943919 0.0 0.435 0.48 1
150 12.1594112435 6.39679861172 0.0 0.435 0.48 1
151 12.0794345018 5.75886096709 0.0 0.435 0.48 1
152 14.116736763 3.88943875593 0.0 0.435 0.48 1
153 14.4576902406 2.56487686752 0.0 0.435 0.48 1
232 12.4090228635 7.9127656595 0.0 0.435 0.48 1
233 13.070304238 7.76288730528 0.0 0.435 0.48 1
238 12.5757112303 8.45953526064 0.0 0.435 0.48 1
248 11.8003577665 5.30827126523 0.0 0.435 0.48 1
249 12.2715891469 4.88799135793 0.0 0.435 0.48 1
256 4.4648068356 4.10828979227 0.0 0.435 0.48 1
259 7.01396024338 9.18673167037 0.0 0.435 0.48 1
324 12.2595926357 6.71326150614 0.0 0.435 0.48 1
325 12.0112438063 7.21540172474 0.0 0.435 0.48 1
328 8.8445857669 8.16693834619 0.0 0.435 0.48 1
329 6.5705102574 10.4423208767 0.0 0.435 0.48 1
330 7.21200791154 11.1074657385 0.0 0.435 0.48 1
354 11.7462682333 8.16860896479 0.0 0.435 0.48 1
355 11.6610298639 8.89819197252 0.0 0.435 0.48 1
376 4.90089054274 8.58674093389 0.0 0.435 0.48 1
387 11.9137984606 12.3434848412 0.0 0.435 0.48 1
388 12.7049368077 12.1723657648 0.0 0.435 0.48 1
389 12.5043635582 10.7905255244 0.0 0.435 0.48 1
390 14.0870611826 10.2344481911 0.0 0.435 0.48 1
391 14.2505925727 11.0726214077 0.0 0.435 0.48 1
392 14.5751297718 10.651625521 0.0 0.435 0.48 1
