51 11.4556159169 9.56142755592 0.0 0.435 0.48 1
55 1.77737785079 6.80896408582 0.0 0.435 0.48 1
56 1.79800343153 7.2495300761 0.0 0.435 0.48 1
58 2.76719526136 5.51733724978 0.0 0.435 0.48 1
59 3.25000222284 6.04238880915 0.0 0.435 0.48 1
60 12.2551728684 2.81618563662 0.0 0.435 0.48 1
61 12.1211065936 3.67727019398 0.0 0.435 0.48 1
62 11.5257007984 6.98867491501 0.0 0.435 0.48 1
63 11.5749496341 7.62899915764 0.0 0.435 0.48 1
64 12.6131740199 7.20490069355 0.0 0.435 0.48 1
65 13.1269193525 7.20323007495 0.0 0.435 0.48 1
66 12.6634751811 6.62567335964 0.0 0.435 0.48 1
67 13.6995949157 1.3317216824 0.0 0.435 0.48 1
68 14.9903774331 4.86865991415 0.0 0.435 0.48 1
72 3.43921035639 4.99061507181 0.0 0.435 0.48 1
98 7.86697533269 8.4108486615 0.0 0.435 0.48 1
99 8.35967415433 8.51347237538 0.0 0.435 0.48 1
102 11.7986740456 1.48923715021 0.0 0.435 0.48 1
103 2.80697316708 4.61949908325 0.0 0.435 0.48 1
104 2.87726851369 6.5757934615 0.0 0.435 0.48 1
222 11.2474659235 8.31586206122 0.0 0.435 0.48 1
232 6.37856607742 8.97766568582 0.0 0.435 0.48 1
233 7.63883115386 9.01203269698 0.0 0.435 0.48 1
237 14.1746146682 10.2346868509 0.0 0.435 0.48 1
340 11.7045961416 8.68936464777 0.0 0.435 0.48 1
343 12.3873449572 8.53256515936 0.0 0.435 0.48 1
345 9.19206366289 10.5587868589 0.0 0.435 0.48 1
346 9.57300551132 10.2752590169 0.0 0.435 0.48 1
347 8.95739506566 9.5750311645 0.0 0.435 0.48 1
348 12.984013543 12.5267755674 0.0 0.435 0.48 1
349 12.5618205331 12.7790389757 0.0 0.435 0.48 1
376 14.3082600128 8.83566310499 0.0 0.435 0.48 1
412 3.45373244895 4.21234546494 0.0 0.435 0.48 1
413 3.76543127631 3.58920472789 0.0 0.435 0.48 1
414 2.52558131551 3.80805576423 0.0 0.435 0.48 1
421 10.1921938638 4.82307589241 0.0 0.435 0.48 1
422 11.0157438378 5.2457423977 0.0 0.435 0.48 1
423 11.3625903385 6.05288984033 0.0 0.435 0.48 1
