3 12.707462389 8.46311515764 0.0 0.435 0.48 1
4 3.09804641369 6.59464758568 0.0 0.435 0.48 1
5 3.56254291063 11.7036379181 0.0 0.435 0.48 1
7 6.73761955444 6.41994861229 0.0 0.435 0.48 1
8 7.71712417464 6.64261820542 0.0 0.435 0.48 1
9 12.9627565669 11.8353781276 0.0 0.435 0.48 1
10 6.30995445168 8.55595381973 0.0 0.435 0.48 1
11 6.48001026026 8.02469710557 0.0 0.435 0.48 1
12 5.52912889497 8.46216051844 0.0 0.435 0.48 1
13 5.77537307323 7.52613678396 0.0 0.435 0.48 1
14 13.3409623689 10.1585543748 0.0 0.435 0.48 1
15 13.69812166 9.39770693332 0.0 0.435 0.48 1
16 12.9612833112 10.3948275765 0.0 0.435 0.48 1
17 6.34594398543 5.9944181894 0.0 0.435 0.48 1
19 12.5378275106 4.18704752617 0.0 0.435 0.48 1
20 12.4770030939 3.62762895564 0.0 0.435 0.48 1
21 14.6399530256 1.63720622603 0.0 0.435 0.48 1
22 14.6934111634 0.864425794562 0.0 0.435 0.48 1
23 6.86368815511 7.14571306322 0.0 0.435 0.48 1
24 10.1865113059 3.4128351359 0.0 0.435 0.48 1
25 7.14676372755 9.00081568639 0.0 0.435 0.48 1
26 12.0348158986 8.97790434562 0.0 0.435 0.48 1
27 13.4360925985 2.40569078111 0.0 0.435 0.48 1
28 13.9376309547 3.30830214363 0.0 0.435 0.48 1
29 13.6417170106 2.97537172303 0.0 0.435 0.48 1
30 14.5002041928 2.98849801201 0.0 0.435 0.48 1
74 12.1493089182 12.0098384412 0.0 0.435 0.48 1
75 3.21780106106 8.60654969727 0.0 0.435 0.48 1
76 3.47267430882 8.09056721029 0.0 0.435 0.48 1
77 0.597089516008 7.35119915077 0.0 0.435 0.48 1
78 0.567203470441 7.86216978196 0.0 0.435 0.48 1
217 6.42192189 5.29609961544 0.0 0.435 0.48 1
219 7.26567651449 3.96390061344 0.0 0.435 0.48 1
220 7.25978349142 4.48537227581 0.0 0.435 0.48 1
273 13.2382553954 12.2757054581 0.0 0.435 0.48 1
274 14.5711309347 10.9862265602 0.0 0.435 0.48 1
409 8.6149683323 2.73671192331 0.0 0.435 0.48 1
