64 0.769249975681 6.75407233189 0.0 0.435 0.48 1
65 0.736627883689 7.1597939914 0.0 0.435 0.48 1
66 0.685274396941 6.21064396794 0.0 0.435 0.48 1
70 -0.0193627900855 7.41826255449 0.0 0.435 0.48 1
71 0.28665347931 8.10440947867 0.0 0.435 0.48 1
72 5.23132076485 4.64861557882 0.0 0.435 0.48 1
103 5.94584981203 3.76843823748 0.0 0.435 0.48 1
108 1.25752903001 7.75047699569 0.0 0.435 0.48 1
109 1.33771623678 8.40345020771 0.0 0.435 0.48 1
110 11.377112431 10.5692878901 0.0 0.435 0.48 1
111 1.57301622934 6.11947592445 0.0 0.435 0.48 1
112 1.26342205308 5.23882126351 0.0 0.435 0.48 1
113 2.44139527166 8.47242288983 0.0 0.435 0.48 1
114 7.37553930172 5.7457346781 0.0 0.435 0.48 1
115 7.7053381285 7.01158625578 0.0 0.435 0.48 1
116 7.83982533355 6.34835067238 0.0 0.435 0.48 1
117 7.886759053 5.30779394563 0.0 0.435 0.48 1
118 11.5198077754 10.9752482094 0.0 0.435 0.48 1
119 11.8315066027 11.2618786289 0.0 0.435 0.48 1
120 13.5539530599 6.87029965435 0.0 0.435 0.48 1
121 13.949627466 6.51875376937 0.0 0.435 0.48 1
122 14.7660216262 5.2469356967 0.0 0.435 0.48 1
232 9.95794619682 7.6609795708 0.0 0.435 0.48 1
233 10.2530182805 7.16790842459 0.0 0.435 0.48 1
238 10.0920124717 8.13376463403 0.0 0.435 0.48 1
242 15.0179483624 4.14599804062 0.0 0.435 0.48 1
243 6.3672009615 8.26884608067 0.0 0.435 0.48 1
244 3.35670803342 8.01610535278 0.0 0.435 0.48 1
245 3.26726036183 7.55429864033 0.0 0.435 0.48 1
246 1.22616972868 4.500646503 0.0 0.435 0.48 1
247 1.15713717272 3.6686784412 0.0 0.435 0.48 1
321 8.40197764136 9.91798529669 0.0 0.435 0.48 1
322 9.70496713505 12.2840585511 0.0 0.435 0.48 1
323 7.41826371897 11.7038765779 0.0 0.435 0.48 1
376 13.0656740056 8.40249556851 0.0 0.435 0.48 1
377 12.6784182038 11.0690415107 0.0 0.435 0.48 1
378 13.327703067 11.4332363651 0.0 0.435 0.48 1
379 13.6661309633 11.9680729762 0.0 0.435 0.48 1
