142 7.77394975424 9.4079693047 0.0 0.435 0.48 1
168 13.1850077227 10.7396909871 0.0 0.435 0.48 1
169 7.12676954214 9.5812363193 0.0 0.435 0.48 1
170 14.923028598 2.84124491559 0.0 0.435 0.48 1
171 6.17462538619 7.07101254591 0.0 0.435 0.48 1
172 6.25544398829 6.25956922688 0.0 0.435 0.48 1
173 5.84124865255 5.79394395764 0.0 0.435 0.48 1
174 5.5735370331 4.6646057854 0.0 0.435 0.48 1
175 12.8882519181 10.2385054077 0.0 0.435 0.48 1
176 13.8252425862 5.93928777567 0.0 0.435 0.48 1
177 14.1537786223 5.27438157367 0.0 0.435 0.48 1
256 8.29590322611 5.55265890013 0.0 0.435 0.48 1
282 2.88926502494 4.07201350271 0.0 0.435 0.48 1
285 12.8926716854 13.6243719862 0.0 0.435 0.48 1
286 10.4211799031 8.4137125791 0.0 0.435 0.48 1
333 11.0652031386 4.90445888411 0.0 0.435 0.48 1
334 4.27012660919 11.9859724612 0.0 0.435 0.48 1
335 3.57306616611 8.88458836393 0.0 0.435 0.48 1
336 3.36049640539 8.39294917652 0.0 0.435 0.48 1
360 6.20430096665 7.72637235592 0.0 0.435 0.48 1
361 7.18380558685 8.28054041086 0.0 0.435 0.48 1
362 14.2404902475 10.5163054146 0.0 0.435 0.48 1
363 14.6452146533 10.4363543817 0.0 0.435 0.48 1
364 14.2543809447 11.7215374031 0.0 0.435 0.48 1
430 13.2593019064 9.04520640914 0.0 0.435 0.48 1
431 13.7530530536 7.80417545063 0.0 0.435 0.48 1
432 7.64430324671 8.91895537509 0.0 0.435 0.48 1
