203 9.11398110722 4.28967124005 0.0 0.435 0.48 1
204 5.36686029545 7.44618575106 0.0 0.435 0.48 1
205 11.01995314 8.36025278396 0.0 0.435 0.48 1
206 11.1020345327 7.82875741 0.0 0.435 0.48 1
208 8.07975555852 4.57558568011 0.0 0.435 0.48 1
209 7.61883696844 4.11879082345 0.0 0.435 0.48 1
210 6.68668699791 10.3389811834 0.0 0.435 0.48 1
211 6.25586491851 10.4084311851 0.0 0.435 0.48 1
264 6.76961025111 1.60928302947 0.0 0.435 0.48 1
265 6.10348817914 1.40809281831 0.0 0.435 0.48 1
266 9.38169272667 8.65189505921 0.0 0.435 0.48 1
267 6.20577422242 4.70589393075 0.0 0.435 0.48 1
268 2.69626851941 6.70848831015 0.0 0.435 0.48 1
269 3.05111269424 7.29535275764 0.0 0.435 0.48 1
270 1.4408441405 7.43520740027 0.0 0.435 0.48 1
271 1.28236391295 6.77793831186 0.0 0.435 0.48 1
292 13.1547007469 5.37151611215 0.0 0.435 0.48 1
293 12.2273914739 4.03406659456 0.0 0.435 0.48 1
294 12.2265496135 3.42954132188 0.0 0.435 0.48 1
295 13.1502809796 4.75267125149 0.0 0.435 0.48 1
296 13.7911472384 8.69795640056 0.0 0.435 0.48 1
297 14.3690844295 7.62183936365 0.0 0.435 0.48 1
337 10.7926508216 11.1358662546 0.0 0.435 0.48 1
371 13.3272821368 12.2487369007 0.0 0.435 0.48 1
372 14.33162164 12.0558997825 0.0 0.435 0.48 1
373 14.7115111628 12.3267786552 0.0 0.435 0.48 1
374 14.6799413964 11.7928966832 0.0 0.435 0.48 1
375 13.1410205148 12.8816626895 0.0 0.435 0.48 1
404 14.6384797698 10.7673755239 0.0 0.435 0.48 1
434 14.4284355904 0.763711359083 0.0 0.435 0.48 1
