189 14.3021565246 5.63499653103 0.0 0.435 0.48 1
190 13.9854065346 5.03572177395 0.0 0.435 0.48 1
191 4.56288357668 10.4389796395 0.0 0.435 0.48 1
192 5.01138472529 9.80175797423 0.0 0.435 0.48 1
193 10.1324217727 11.0635523353 0.0 0.435 0.48 1
198 6.14305561975 8.77265691787 0.0 0.435 0.48 1
200 4.51384520614 7.01230223518 0.0 0.435 0.48 1
201 5.74169865569 5.02474342317 0.0 0.435 0.48 1
202 2.80781502751 4.46150629584 0.0 0.435 0.48 1
203 0.575622074826 4.05936453333 0.0 0.435 0.48 1
204 13.0524147036 3.51617482918 0.0 0.435 0.48 1
263 7.19790674919 10.2086729327 0.0 0.435 0.48 1
291 13.0924030745 9.45546260485 0.0 0.435 0.48 1
362 4.07228940614 9.51035435878 0.0 0.435 0.48 1
363 4.45723009165 9.98313942201 0.0 0.435 0.48 1
366 2.61587084754 6.92972594448 0.0 0.435 0.48 1
369 13.9538367682 12.458041545 0.0 0.435 0.48 1
401 9.94026712761 12.512933299 0.0 0.435 0.48 1
402 10.219343863 12.0165209156 0.0 0.435 0.48 1
433 11.24073104 5.33523982259 0.0 0.435 0.48 1
