198 1.75780459559 12.4852487622 0.0 0.435 0.48 1
203 6.86537187598 4.01759906838 0.0 0.435 0.48 1
204 3.78605685705 8.22588731672 0.0 0.435 0.48 1
205 5.20059285885 6.22448623633 0.0 0.435 0.48 1
206 5.0945184436 5.57175168411 0.0 0.435 0.48 1
207 12.3143135642 4.00638205779 0.0 0.435 0.48 1
208 1.49430227834 7.29606873704 0.0 0.435 0.48 1
209 0.89342439036 6.73808212531 0.0 0.435 0.48 1
210 1.18323484631 8.10655741687 0.0 0.435 0.48 1
211 0.902263924965 8.53137186036 0.0 0.435 0.48 1
264 2.48348829358 5.43189704148 0.0 0.435 0.48 1
265 2.25302899854 4.91830115249 0.0 0.435 0.48 1
266 2.59777084811 6.79154192045 0.0 0.435 0.48 1
267 0.800609277016 4.06342174992 0.0 0.435 0.48 1
291 11.4253089411 12.5685410323 0.0 0.435 0.48 1
337 5.10630448973 11.8167626632 0.0 0.435 0.48 1
362 1.2724720528 13.3962132177 0.0 0.435 0.48 1
371 11.0818298822 11.4139049213 0.0 0.435 0.48 1
