4 7.54664743584 6.55980325492 0.0 0.435 0.48 1
37 3.36596849824 3.61617328526 0.0 0.435 0.48 1
38 8.02713928112 7.28389708725 0.0 0.435 0.48 1
39 8.13195090571 7.81228988382 0.0 0.435 0.48 1
40 12.3067368202 13.2191276463 0.0 0.435 0.48 1
41 13.9793030464 2.31094284063 0.0 0.435 0.48 1
42 9.10324738663 4.55911815393 0.0 0.435 0.48 1
43 13.6442425919 9.04520640914 0.0 0.435 0.48 1
44 9.93395317432 7.25048471529 0.0 0.435 0.48 1
45 12.3949217012 6.17436767839 0.0 0.435 0.48 1
46 13.06462168 6.26983159827 0.0 0.435 0.48 1
47 13.2809798127 6.65144861801 0.0 0.435 0.48 1
48 14.9657530153 3.03002481716 0.0 0.435 0.48 1
75 8.22371369351 6.79058728125 0.0 0.435 0.48 1
80 14.6856239543 10.9341987239 0.0 0.435 0.48 1
82 14.2438576892 6.56529243032 0.0 0.435 0.48 1
83 5.98478585731 1.89114025293 0.0 0.435 0.48 1
84 14.4379065203 7.29105688125 0.0 0.435 0.48 1
85 13.8170344469 7.20752595135 0.0 0.435 0.48 1
86 10.6579531514 3.4176083319 0.0 0.435 0.48 1
87 2.87642665325 7.59105224949 0.0 0.435 0.48 1
88 1.08873601209 6.96886615163 0.0 0.435 0.48 1
217 1.05758717587 6.6614723296 0.0 0.435 0.48 1
219 1.08536857034 5.26030064548 0.0 0.435 0.48 1
220 1.0910511283 5.85480220657 0.0 0.435 0.48 1
221 1.94301389206 8.02899298196 0.0 0.435 0.48 1
222 13.3222309742 11.5986276063 0.0 0.435 0.48 1
223 10.7465589626 12.0566157619 0.0 0.435 0.48 1
224 10.4556961811 12.3387116452 0.0 0.435 0.48 1
226 10.9805961645 12.4656786586 0.0 0.435 0.48 1
232 2.71499991417 4.47081402803 0.0 0.435 0.48 1
233 4.85437775351 3.80185060944 0.0 0.435 0.48 1
234 1.38906972353 3.5798969957 0.0 0.435 0.48 1
235 2.92378130292 12.2480209213 0.0 0.435 0.48 1
275 14.5119902389 9.46238373904 0.0 0.435 0.48 1
300 9.99625084677 8.48650381801 0.0 0.435 0.48 1
301 10.3319426966 8.06359865292 0.0 0.435 0.48 1
302 12.5757112303 12.0363296789 0.0 0.435 0.48 1
303 12.2825333326 10.5800275811 0.0 0.435 0.48 1
304 11.9182182279 10.97453223 0.0 0.435 0.48 1
306 14.6106983753 12.1675925688 0.0 0.435 0.48 1
316 8.65411484269 8.22350071873 0.0 0.435 0.48 1
317 7.82319858989 8.67695433818 0.0 0.435 0.48 1
410 2.71857782103 0.0622902077252 0.0 0.435 0.48 1
411 11.0073252334 6.63116253504 0.0 0.435 0.48 1
