179 1.81778715184 8.04760844634 0.0 0.435 0.48 1
189 10.4277043215 5.4960965276 0.0 0.435 0.48 1
190 10.8143287279 4.60446351587 0.0 0.435 0.48 1
191 6.36699049639 7.08748007209 0.0 0.435 0.48 1
192 6.800127692 7.55596925893 0.0 0.435 0.48 1
193 6.77697652994 9.13422651443 0.0 0.435 0.48 1
194 11.6936519559 13.1126853757 0.0 0.435 0.48 1
195 12.371560074 13.1262889842 0.0 0.435 0.48 1
196 11.4120496392 10.2339708715 0.0 0.435 0.48 1
197 11.131289183 10.8642714026 0.0 0.435 0.48 1
198 9.71275434411 8.85427856937 0.0 0.435 0.48 1
199 13.6951751484 6.94500017166 0.0 0.435 0.48 1
200 9.07294041085 6.42639242688 0.0 0.435 0.48 1
201 12.5437205337 4.52260320457 0.0 0.435 0.48 1
263 4.73862194322 8.87098475535 0.0 0.435 0.48 1
362 4.56393590223 8.25142391529 0.0 0.435 0.48 1
363 5.14755565122 8.27743783346 0.0 0.435 0.48 1
366 8.4465962446 7.85978318396 0.0 0.435 0.48 1
367 15.337644864 9.6621419914 0.0 0.435 0.48 1
401 11.4718217304 11.3134291456 0.0 0.435 0.48 1
402 12.2863217046 11.1005446043 0.0 0.435 0.48 1
