4 4.91225565866 7.00609708039 0.0 0.435 0.48 1
8 0.0 7.75644349069 0.0 0.435 0.48 1
10 13.1199740038 7.17793213618 0.0 0.435 0.48 1
11 12.2225507764 7.78913988325 0.0 0.435 0.48 1
12 12.4681635593 7.29773935564 0.0 0.435 0.48 1
13 12.8185879669 6.57054294591 0.0 0.435 0.48 1
19 2.78192781903 5.06817950671 0.0 0.435 0.48 1
20 2.47043945678 4.57319908211 0.0 0.435 0.48 1
23 13.6705507306 9.58505487609 0.0 0.435 0.48 1
26 2.60155922008 12.8384652658 0.0 0.435 0.48 1
27 3.7412277887 4.77391197367 0.0 0.435 0.48 1
28 8.83911367405 -0.105010311874 0.0 0.435 0.48 1
29 3.72228592884 5.4175774535 0.0 0.435 0.48 1
30 8.4619601976 0.524096920171 0.0 0.435 0.48 1
33 10.1374729353 8.71800382373 0.0 0.435 0.48 1
34 10.5762926889 8.44139711586 0.0 0.435 0.48 1
35 13.1650135373 10.7628409877 0.0 0.435 0.48 1
36 13.5057565498 11.3807312091 0.0 0.435 0.48 1
37 13.5137542239 2.39184851273 0.0 0.435 0.48 1
73 14.9611227828 7.47243832903 0.0 0.435 0.48 1
74 12.8531042448 12.4222425751 0.0 0.435 0.48 1
75 5.37717308582 7.65358111701 0.0 0.435 0.48 1
76 10.0067741023 7.95644040285 0.0 0.435 0.48 1
77 8.62906949465 8.89413475592 0.0 0.435 0.48 1
78 8.6806334465 9.64185590842 0.0 0.435 0.48 1
79 6.43244514549 8.56430691272 0.0 0.435 0.48 1
80 5.59395214874 6.63474243203 0.0 0.435 0.48 1
81 5.27151960079 6.09847386208 0.0 0.435 0.48 1
82 11.9556810174 11.9986214306 0.0 0.435 0.48 1
83 12.4911042563 12.1597167954 0.0 0.435 0.48 1
217 9.79188922533 0.965378889841 0.0 0.435 0.48 1
219 11.42320429 0.221714953934 0.0 0.435 0.48 1
220 10.8381112853 1.24413353591 0.0 0.435 0.48 1
315 4.88805217105 9.25403373389 0.0 0.435 0.48 1
410 5.74696028343 0.565862385121 0.0 0.435 0.48 1
411 8.65264158692 2.55747841373 0.0 0.435 0.48 1
419 14.8363169728 6.46028211844 0.0 0.435 0.48 1
420 14.1299960649 6.79464449784 0.0 0.435 0.48 1
