4 11.0060624428 7.11349399026 0.0 0.435 0.48 1
38 3.33208361559 8.12565020084 0.0 0.435 0.48 1
39 3.23632199071 8.64568990442 0.0 0.435 0.48 1
41 14.5166204713 3.13861502603 0.0 0.435 0.48 1
42 4.7118928743 9.23422497051 0.0 0.435 0.48 1
43 14.4419053574 9.18243579397 0.0 0.435 0.48 1
44 5.34581378449 9.54639198854 0.0 0.435 0.48 1
45 8.71578111981 6.29441355764 0.0 0.435 0.48 1
46 9.36569737834 6.20515479255 0.0 0.435 0.48 1
47 9.75063806384 6.67913315478 0.0 0.435 0.48 1
48 10.7707624502 3.42405214649 0.0 0.435 0.48 1
49 11.0439461625 3.8295351462 0.0 0.435 0.48 1
50 13.6829681721 9.41584507809 0.0 0.435 0.48 1
51 14.059069323 1.6665613814 0.0 0.435 0.48 1
75 10.875995005 7.89534349412 0.0 0.435 0.48 1
83 5.93090678925 0.397129906723 0.0 0.435 0.48 1
86 14.7864367419 6.00635117939 0.0 0.435 0.48 1
87 7.88065556482 7.13592801143 0.0 0.435 0.48 1
88 7.03648001011 6.01422695278 0.0 0.435 0.48 1
89 2.68869177547 7.75143163489 0.0 0.435 0.48 1
90 2.71436851884 7.04953316394 0.0 0.435 0.48 1
91 1.79884529197 5.68129653218 0.0 0.435 0.48 1
92 0.592880213815 7.46814245263 0.0 0.435 0.48 1
221 4.90383705427 6.96886615163 0.0 0.435 0.48 1
222 13.2929763239 11.5654538941 0.0 0.435 0.48 1
223 12.3993414685 10.3208430386 0.0 0.435 0.48 1
224 12.0466019447 10.8597368664 0.0 0.435 0.48 1
225 12.6931507615 11.0392090357 0.0 0.435 0.48 1
226 12.7884914562 10.6177358295 0.0 0.435 0.48 1
227 9.46293225898 11.0205935714 0.0 0.435 0.48 1
228 10.2584903734 11.8936111187 0.0 0.435 0.48 1
232 8.11342997606 4.17654649499 0.0 0.435 0.48 1
233 7.94274277216 3.46772688984 0.0 0.435 0.48 1
234 7.45425325272 3.17417533619 0.0 0.435 0.48 1
235 8.37040787492 9.87550385234 0.0 0.435 0.48 1
275 12.5472984405 12.788108048 0.0 0.435 0.48 1
300 7.47698348456 8.26287958568 0.0 0.435 0.48 1
301 7.06868117188 7.86718163775 0.0 0.435 0.48 1
302 11.3737449893 11.0528126443 0.0 0.435 0.48 1
308 14.7325576738 10.1342110752 0.0 0.435 0.48 1
312 14.3461437325 11.7038765779 0.0 0.435 0.48 1
316 9.13418575775 6.98414037881 0.0 0.435 0.48 1
317 8.71872763135 5.38989291673 0.0 0.435 0.48 1
340 13.0698833077 12.0048265854 0.0 0.435 0.48 1
411 13.2803484174 8.80654660943 0.0 0.435 0.48 1
