142 9.2423648241 9.42014095449 0.0 0.435 0.48 1
145 0.505116263101 6.94500017166 0.0 0.435 0.48 1
146 3.2032789685 5.20755682975 0.0 0.435 0.48 1
147 3.63578476878 5.78750014305 0.0 0.435 0.48 1
148 3.79889522874 6.62280944205 0.0 0.435 0.48 1
149 3.80142081006 7.14189450642 0.0 0.435 0.48 1
150 10.2959531629 6.45813418025 0.0 0.435 0.48 1
151 10.2570171176 5.85360890757 0.0 0.435 0.48 1
152 12.1438368254 4.36986093275 0.0 0.435 0.48 1
153 12.3387275169 2.86105367896 0.0 0.435 0.48 1
154 12.9505495906 3.47512534363 0.0 0.435 0.48 1
232 12.4359623976 7.91753885549 0.0 0.435 0.48 1
233 13.2462530696 7.95644040285 0.0 0.435 0.48 1
238 12.5919170438 8.46621773503 0.0 0.435 0.48 1
248 11.8245612541 5.31948827581 0.0 0.435 0.48 1
249 12.2825333326 4.89706043032 0.0 0.435 0.48 1
256 4.11522428851 4.14981659742 0.0 0.435 0.48 1
259 7.1105637287 9.18076517538 0.0 0.435 0.48 1
324 13.4783960855 6.50395686179 0.0 0.435 0.48 1
325 13.3758995771 6.89726821172 0.0 0.435 0.48 1
328 10.4744275758 8.75499609269 0.0 0.435 0.48 1
329 6.4612788655 9.93469148267 0.0 0.435 0.48 1
330 6.58818932661 10.6499549024 0.0 0.435 0.48 1
331 6.92430210668 11.0976806867 0.0 0.435 0.48 1
354 11.6923891652 8.14140174762 0.0 0.435 0.48 1
355 11.5957856799 8.81609300141 0.0 0.435 0.48 1
376 4.64706962053 9.52252600857 0.0 0.435 0.48 1
387 11.4438298708 13.2518240389 0.0 0.435 0.48 1
388 12.409864724 12.9551699078 0.0 0.435 0.48 1
389 11.8601298576 11.8220131788 0.0 0.435 0.48 1
390 14.592808841 9.08649455449 0.0 0.435 0.48 1
391 14.0658042065 9.98934457681 0.0 0.435 0.48 1
392 14.5071495414 10.1039012807 0.0 0.435 0.48 1
