142 8.69220902753 9.28577548725 0.0 0.435 0.48 1
160 12.0386042706 11.4955265728 0.0 0.435 0.48 1
165 10.4721124596 8.90201052931 0.0 0.435 0.48 1
166 11.2266298776 9.10200744147 0.0 0.435 0.48 1
167 10.2881659538 8.42636154848 0.0 0.435 0.48 1
168 9.35664737862 7.84403163718 0.0 0.435 0.48 1
169 4.1129091723 7.23258523032 0.0 0.435 0.48 1
170 6.10643469068 3.37536554735 0.0 0.435 0.48 1
171 1.91523249759 6.45336098425 0.0 0.435 0.48 1
172 1.8017918035 5.67246611959 0.0 0.435 0.48 1
173 12.4658484431 5.28154136766 0.0 0.435 0.48 1
256 8.32305322525 5.49108467181 0.0 0.435 0.48 1
278 10.6832089646 7.82016565721 0.0 0.435 0.48 1
279 10.5257810626 6.90084810871 0.0 0.435 0.48 1
280 11.242625226 6.61230841086 0.0 0.435 0.48 1
281 11.4873961485 7.47076771043 0.0 0.435 0.48 1
282 8.74671949093 4.05125010014 0.0 0.435 0.48 1
283 13.5899425936 9.83898890299 0.0 0.435 0.48 1
284 14.0068739758 10.180988396 0.0 0.435 0.48 1
285 14.0982158334 9.2480672389 0.0 0.435 0.48 1
286 14.6279565143 7.78699194505 0.0 0.435 0.48 1
329 0.558574400946 8.08507803489 0.0 0.435 0.48 1
331 0.997815084735 8.40297288811 0.0 0.435 0.48 1
332 1.06221740828 7.49105379341 0.0 0.435 0.48 1
333 7.44836022965 8.42946412588 0.0 0.435 0.48 1
334 2.44139527166 12.4446765963 0.0 0.435 0.48 1
335 9.30950319407 8.68721670957 0.0 0.435 0.48 1
336 8.66863693526 8.2428321625 0.0 0.435 0.48 1
360 10.8616833776 8.40535948611 0.0 0.435 0.48 1
361 11.2809298759 8.56788680971 0.0 0.435 0.48 1
399 12.6443228561 11.4494652315 0.0 0.435 0.48 1
430 9.712543879 9.83970488239 0.0 0.435 0.48 1
