45 2.29933132266 5.999668705 0.0 0.435 0.48 1
46 2.27954760235 6.54094913075 0.0 0.435 0.48 1
47 2.39277783133 7.04953316394 0.0 0.435 0.48 1
50 11.1637008099 3.80161194964 0.0 0.435 0.48 1
51 7.2046416327 -0.0112170105865 0.0 0.435 0.48 1
52 3.72859988213 7.87959194734 0.0 0.435 0.48 1
53 3.61242314161 7.30680842803 0.0 0.435 0.48 1
54 5.11093472215 9.39651363432 0.0 0.435 0.48 1
55 8.43859857044 7.01779141057 0.0 0.435 0.48 1
56 8.6543253078 7.51301049498 0.0 0.435 0.48 1
57 9.76305550531 6.61374036966 0.0 0.435 0.48 1
58 13.0450484248 1.23673508212 0.0 0.435 0.48 1
59 13.6884402649 1.61286292646 0.0 0.435 0.48 1
93 12.1406798487 12.173320404 0.0 0.435 0.48 1
95 14.9640692944 3.53216503576 0.0 0.435 0.48 1
96 8.0791241632 7.65167183861 0.0 0.435 0.48 1
97 5.70128935465 4.61806712446 0.0 0.435 0.48 1
98 2.88821269939 8.00011514619 0.0 0.435 0.48 1
99 2.11454295641 7.40823884291 0.0 0.435 0.48 1
100 2.10465109626 5.17891765378 0.0 0.435 0.48 1
101 2.55083712866 3.96032071644 0.0 0.435 0.48 1
222 12.8030135487 11.0597337785 0.0 0.435 0.48 1
225 3.32534873208 8.81561568182 0.0 0.435 0.48 1
229 14.6862553497 4.45816505865 0.0 0.435 0.48 1
231 5.86713586103 9.18840228897 0.0 0.435 0.48 1
232 9.45977528234 9.08983579169 0.0 0.435 0.48 1
233 9.18680203515 8.80654660943 0.0 0.435 0.48 1
313 12.398499608 12.7434786655 0.0 0.435 0.48 1
340 13.3965251579 10.9635538792 0.0 0.435 0.48 1
343 13.5937309656 10.0611811765 0.0 0.435 0.48 1
344 10.3944508342 12.7379894901 0.0 0.435 0.48 1
376 14.2162867599 9.8311131296 0.0 0.435 0.48 1
