4 5.72086260984 6.85311614877 0.0 0.435 0.48 1
10 14.969120457 3.44051967267 0.0 0.435 0.48 1
11 14.9943762702 6.22902077252 0.0 0.435 0.48 1
13 14.4865239606 4.34002845779 0.0 0.435 0.48 1
28 4.78597659288 3.5846701917 0.0 0.435 0.48 1
30 4.90951961223 2.8321758432 0.0 0.435 0.48 1
33 3.78605685705 11.7260719393 0.0 0.435 0.48 1
34 3.44341965858 11.1754837814 0.0 0.435 0.48 1
37 9.46840435183 1.09234590329 0.0 0.435 0.48 1
38 13.6859146836 6.21374654534 0.0 0.435 0.48 1
39 14.1897681561 5.79513725664 0.0 0.435 0.48 1
74 14.1386251344 12.9733080526 0.0 0.435 0.48 1
75 6.29543235912 7.23544914791 0.0 0.435 0.48 1
76 13.5531111994 3.98466401602 0.0 0.435 0.48 1
77 13.2856100451 8.47242288983 0.0 0.435 0.48 1
78 13.3908425999 9.06620847151 0.0 0.435 0.48 1
79 13.888171654 5.31638569842 0.0 0.435 0.48 1
80 12.3147344944 7.20179811615 0.0 0.435 0.48 1
81 12.5045740233 6.64166356623 0.0 0.435 0.48 1
82 12.2069763583 9.71965900313 0.0 0.435 0.48 1
83 11.5966275404 7.73257751072 0.0 0.435 0.48 1
84 12.5910751833 10.3974528343 0.0 0.435 0.48 1
85 12.0933251991 10.3960208755 0.0 0.435 0.48 1
86 2.95703479024 3.7438562781 0.0 0.435 0.48 1
217 7.0581579164 4.93691661687 0.0 0.435 0.48 1
219 8.52067996319 4.37940732474 0.0 0.435 0.48 1
220 7.2505230266 5.69203622317 0.0 0.435 0.48 1
300 13.0452588899 10.8862281041 0.0 0.435 0.48 1
301 13.3939995766 10.6967322232 0.0 0.435 0.48 1
302 14.7108797675 10.6943456252 0.0 0.435 0.48 1
315 0.196363947281 7.97601050642 0.0 0.435 0.48 1
316 9.18974854669 8.90702238511 0.0 0.435 0.48 1
317 8.90562064869 10.0151198352 0.0 0.435 0.48 1
410 2.68974410101 0.312644337625 0.0 0.435 0.48 1
411 8.48932066186 3.80423720743 0.0 0.435 0.48 1
