142 7.16444279676 9.40319610871 0.0 0.435 0.48 1
168 13.6240379414 11.3339538884 0.0 0.435 0.48 1
169 7.04805559114 9.95903478224 0.0 0.435 0.48 1
171 7.07478466006 7.13187079484 0.0 0.435 0.48 1
172 7.26736023537 6.25622798969 0.0 0.435 0.48 1
173 4.43323706915 5.8318908658 0.0 0.435 0.48 1
174 7.1718090756 4.39277227353 0.0 0.435 0.48 1
175 12.1766693825 11.5921837917 0.0 0.435 0.48 1
176 12.3795577482 5.7469279771 0.0 0.435 0.48 1
177 12.6550565767 5.15171043661 0.0 0.435 0.48 1
178 0.926046482352 4.31974237481 0.0 0.435 0.48 1
282 2.07686970178 4.01903102717 0.0 0.435 0.48 1
286 8.93508576404 8.25404917309 0.0 0.435 0.48 1
287 13.9250030482 6.26291046408 0.0 0.435 0.48 1
333 11.9653624124 4.50541969899 0.0 0.435 0.48 1
334 4.65443589937 11.9673569968 0.0 0.435 0.48 1
335 2.58872084839 8.52015484977 0.0 0.435 0.48 1
336 2.4117196912 7.98842081601 0.0 0.435 0.48 1
360 5.59837191604 7.76980843947 0.0 0.435 0.48 1
361 5.55627889411 8.44855690986 0.0 0.435 0.48 1
362 14.0662251367 10.2886239656 0.0 0.435 0.48 1
363 14.4955739603 10.0755007645 0.0 0.435 0.48 1
364 13.7985135173 10.8516224332 0.0 0.435 0.48 1
430 14.8377902286 8.46359247724 0.0 0.435 0.48 1
432 6.83822187684 8.76716774247 0.0 0.435 0.48 1
