4 14.053386765 8.01013885778 0.0 0.435 0.48 1
38 0.568255795989 7.39702183232 0.0 0.435 0.48 1
39 0.591827888267 8.11156927266 0.0 0.435 0.48 1
42 2.59566619701 13.0308250644 0.0 0.435 0.48 1
44 2.93451502351 12.3217667994 0.0 0.435 0.48 1
45 6.72309746188 6.53474397595 0.0 0.435 0.48 1
46 6.96071257065 6.97077543003 0.0 0.435 0.48 1
47 7.12676954214 7.44618575106 0.0 0.435 0.48 1
48 7.68576487331 4.11139236966 0.0 0.435 0.48 1
49 7.98672998007 4.77940114906 0.0 0.435 0.48 1
50 10.4390694374 9.04520640914 0.0 0.435 0.48 1
51 11.2731426669 1.52694539857 0.0 0.435 0.48 1
75 14.011083278 8.4955728904 0.0 0.435 0.48 1
83 3.97547545572 3.53049441716 0.0 0.435 0.48 1
87 11.4617194051 8.09939762288 0.0 0.435 0.48 1
88 13.1620670258 6.2488295359 0.0 0.435 0.48 1
89 6.69279048609 8.08627133389 0.0 0.435 0.48 1
90 6.27080794129 7.39582853332 0.0 0.435 0.48 1
91 6.23629166331 5.35886714277 0.0 0.435 0.48 1
92 3.07110687966 7.4932017316 0.0 0.435 0.48 1
93 3.61768476935 6.64070892703 0.0 0.435 0.48 1
94 2.01394063401 4.36246247896 0.0 0.435 0.48 1
95 1.82452203534 5.01853826837 0.0 0.435 0.48 1
221 8.32431601591 5.64072436623 0.0 0.435 0.48 1
222 13.229626326 11.5351440996 0.0 0.435 0.48 1
223 13.1860600483 9.06406053332 0.0 0.435 0.48 1
224 12.9065623827 8.79986413503 0.0 0.435 0.48 1
225 12.9932740078 9.78075591186 0.0 0.435 0.48 1
226 13.5762623615 9.17981053618 0.0 0.435 0.48 1
227 8.51604973078 6.58891975049 0.0 0.435 0.48 1
228 8.61412647186 9.28124095106 0.0 0.435 0.48 1
229 5.47377657114 0.985903632616 0.0 0.435 0.48 1
230 5.01685681814 1.54341292475 0.0 0.435 0.48 1
232 12.142994965 2.80329800743 0.0 0.435 0.48 1
233 11.8933833449 1.94102015107 0.0 0.435 0.48 1
234 13.8338716557 0.942228889269 0.0 0.435 0.48 1
235 12.5437205337 7.84856617338 0.0 0.435 0.48 1
300 4.18657196067 8.75475743289 0.0 0.435 0.48 1
301 3.58422081692 8.14307236622 0.0 0.435 0.48 1
308 12.3724019344 11.2680837837 0.0 0.435 0.48 1
309 12.5917065787 11.6556672984 0.0 0.435 0.48 1
312 14.4536914035 11.5661698735 0.0 0.435 0.48 1
316 12.0607031071 6.76481202288 0.0 0.435 0.48 1
317 11.4147856857 3.62333307925 0.0 0.435 0.48 1
318 6.9137788512 9.21823476393 0.0 0.435 0.48 1
319 6.56103932747 9.88982344033 0.0 0.435 0.48 1
340 13.0999798184 11.8800075101 0.0 0.435 0.48 1
341 11.5225438218 12.3814317493 0.0 0.435 0.48 1
