142 9.29329738062 9.30486827123 0.0 0.435 0.48 1
150 2.63775921894 7.69272132416 0.0 0.435 0.48 1
151 2.48348829358 7.22184553933 0.0 0.435 0.48 1
152 3.45794175115 5.88725993933 0.0 0.435 0.48 1
153 2.90504990816 5.4144748761 0.0 0.435 0.48 1
154 3.60505686278 5.14264136423 0.0 0.435 0.48 1
155 13.3805298096 3.86103823976 0.0 0.435 0.48 1
156 9.62057062609 6.43856407667 0.0 0.435 0.48 1
157 13.4958646896 10.4425595365 0.0 0.435 0.48 1
158 11.2449403422 5.90086354792 0.0 0.435 0.48 1
159 2.3309010891 6.41994861229 0.0 0.435 0.48 1
232 12.5700286724 7.94092751587 0.0 0.435 0.48 1
233 13.4062065529 8.18507649097 0.0 0.435 0.48 1
238 12.6457961118 8.36932185635 0.0 0.435 0.48 1
248 11.9432635759 5.37819858654 0.0 0.435 0.48 1
249 12.3507240282 4.93739393647 0.0 0.435 0.48 1
256 5.67456028572 4.80446042803 0.0 0.435 0.48 1
259 9.22447528978 8.48101464262 0.0 0.435 0.48 1
260 7.96210556224 6.70228315535 0.0 0.435 0.48 1
261 4.16720917059 4.53453619456 0.0 0.435 0.48 1
329 6.52504979372 9.48815899741 0.0 0.435 0.48 1
330 5.84987772204 9.11608836965 0.0 0.435 0.48 1
331 5.96521260212 10.157122416 0.0 0.435 0.48 1
332 6.74267071707 10.3521074724 0.0 0.435 0.48 1
354 13.5076507358 5.82091251501 0.0 0.435 0.48 1
355 12.7304030859 6.11494138826 0.0 0.435 0.48 1
376 2.42981969063 12.7551729957 0.0 0.435 0.48 1
391 14.4768425656 5.9151831359 0.0 0.435 0.48 1
392 14.9914297586 5.78201096766 0.0 0.435 0.48 1
393 12.90151122 11.2227384217 0.0 0.435 0.48 1
394 13.4156774829 12.3530312332 0.0 0.435 0.48 1
395 12.8383716872 10.6282368606 0.0 0.435 0.48 1
396 13.4148356224 9.27360383747 0.0 0.435 0.48 1
415 4.85564054417 2.74220109871 0.0 0.435 0.48 1
416 5.53523238315 3.00711347639 0.0 0.435 0.48 1
