142 8.69220902753 8.87838320914 0.0 0.435 0.48 1
155 13.9980344412 5.56148931272 0.0 0.435 0.48 1
156 4.67232543369 9.14067032903 0.0 0.435 0.48 1
158 4.68432194494 8.43853319827 0.0 0.435 0.48 1
159 9.89670084992 10.2771682953 0.0 0.435 0.48 1
160 12.1482565927 10.6845605734 0.0 0.435 0.48 1
161 5.9233300453 6.16887850299 0.0 0.435 0.48 1
162 5.04926844503 9.51846879197 0.0 0.435 0.48 1
163 4.33852776982 7.68985740657 0.0 0.435 0.48 1
164 3.65977779128 8.28913216365 0.0 0.435 0.48 1
165 2.02867319168 8.27719917366 0.0 0.435 0.48 1
166 1.70603017862 7.54164967095 0.0 0.435 0.48 1
167 0.334849989414 5.5805820967 0.0 0.435 0.48 1
248 12.0556519445 5.47390116623 0.0 0.435 0.48 1
249 12.6363251819 4.88870733733 0.0 0.435 0.48 1
256 8.37188113068 5.38010786494 0.0 0.435 0.48 1
259 13.7389518912 10.7038920171 0.0 0.435 0.48 1
260 14.786647207 9.14401156622 0.0 0.435 0.48 1
262 3.18160106221 5.97938262202 0.0 0.435 0.48 1
329 6.36909514749 9.10940589526 0.0 0.435 0.48 1
331 5.80504865369 9.54281209154 0.0 0.435 0.48 1
332 6.23439747733 9.54639198854 0.0 0.435 0.48 1
334 2.90757548948 11.8508910146 0.0 0.435 0.48 1
358 12.4235449561 11.2454111027 0.0 0.435 0.48 1
359 13.0368402855 6.63474243203 0.0 0.435 0.48 1
396 2.81139293438 7.78293472846 0.0 0.435 0.48 1
397 14.7536041847 10.7120064503 0.0 0.435 0.48 1
