45 4.85942891614 6.3330764452 0.0 0.435 0.48 1
46 4.91330798421 6.85287748897 0.0 0.435 0.48 1
47 4.60329287773 7.35215378997 0.0 0.435 0.48 1
48 4.41913590681 4.89920836852 0.0 0.435 0.48 1
49 4.87731845046 5.43523827867 0.0 0.435 0.48 1
50 7.13055791411 8.96406207724 0.0 0.435 0.48 1
51 10.8572636103 1.52241086237 0.0 0.435 0.48 1
52 12.5258309994 6.77244913647 0.0 0.435 0.48 1
53 12.8905670343 6.12329448125 0.0 0.435 0.48 1
54 14.6620518621 5.79322797824 0.0 0.435 0.48 1
83 0.289179060625 3.57225988211 0.0 0.435 0.48 1
87 12.7792309914 9.6642899296 0.0 0.435 0.48 1
89 10.0261368923 8.26502752388 0.0 0.435 0.48 1
90 9.11313924679 8.42469092988 0.0 0.435 0.48 1
91 10.6697391976 6.57364552331 0.0 0.435 0.48 1
92 6.54546490935 8.14927752102 0.0 0.435 0.48 1
93 8.01745788607 7.96574813504 0.0 0.435 0.48 1
94 5.61184168306 3.95578618025 0.0 0.435 0.48 1
95 5.07515565351 4.39826144892 0.0 0.435 0.48 1
96 0.712424396082 6.30658520743 0.0 0.435 0.48 1
221 11.4850810323 6.11446406866 0.0 0.435 0.48 1
222 13.1256565618 11.502447707 0.0 0.435 0.48 1
223 13.5583728272 8.17910999598 0.0 0.435 0.48 1
224 14.057175137 7.60990637366 0.0 0.435 0.48 1
225 12.99748331 8.47170691043 0.0 0.435 0.48 1
226 14.0630681601 8.34283061858 0.0 0.435 0.48 1
227 9.1529171525 1.64412736023 0.0 0.435 0.48 1
228 8.33441834117 5.10731971387 0.0 0.435 0.48 1
229 8.26812183164 4.38656711873 0.0 0.435 0.48 1
230 7.65987766482 5.0846470329 0.0 0.435 0.48 1
232 13.8450263065 3.55865627353 0.0 0.435 0.48 1
233 14.9962704561 2.14793819742 0.0 0.435 0.48 1
300 1.56543948539 8.32922701 0.0 0.435 0.48 1
301 1.29646507529 7.75739812989 0.0 0.435 0.48 1
308 12.2069763583 12.6728353648 0.0 0.435 0.48 1
309 12.503942628 12.9649549596 0.0 0.435 0.48 1
310 13.7831495643 11.5485090483 0.0 0.435 0.48 1
311 13.8719658405 10.8716698563 0.0 0.435 0.48 1
312 14.5686053534 11.8148533848 0.0 0.435 0.48 1
316 15.0834030115 3.4963660658 0.0 0.435 0.48 1
317 14.5540832608 1.2534412681 0.0 0.435 0.48 1
318 3.00565223056 8.3246924738 0.0 0.435 0.48 1
319 2.8469615379 8.87337135335 0.0 0.435 0.48 1
340 13.1380740033 11.8427765814 0.0 0.435 0.48 1
341 11.9735705517 11.9444456561 0.0 0.435 0.48 1
