51 12.6531623907 11.2695157425 0.0 0.435 0.48 1
55 0.841860438502 6.55646201773 0.0 0.435 0.48 1
56 0.950460435069 7.07316048411 0.0 0.435 0.48 1
58 1.054009269 5.18727074677 0.0 0.435 0.48 1
59 1.54334064888 5.81041148382 0.0 0.435 0.48 1
60 15.3755285837 2.55580779513 0.0 0.435 0.48 1
61 15.1762181249 3.38538925894 0.0 0.435 0.48 1
62 11.6309333532 6.4146980967 0.0 0.435 0.48 1
63 11.2419938306 7.05335172073 0.0 0.435 0.48 1
64 11.8946461356 7.39749915192 0.0 0.435 0.48 1
65 12.5132030928 7.33759554219 0.0 0.435 0.48 1
66 12.2589612404 6.78653006465 0.0 0.435 0.48 1
67 11.3303891767 2.5820603731 0.0 0.435 0.48 1
68 13.63098329 7.87983060714 0.0 0.435 0.48 1
69 14.1502007155 7.76431926408 0.0 0.435 0.48 1
70 14.9108216216 8.36192340256 0.0 0.435 0.48 1
71 14.8325286009 9.18840228897 0.0 0.435 0.48 1
72 4.96823937782 4.26222536308 0.0 0.435 0.48 1
98 8.42323461743 9.51990075077 0.0 0.435 0.48 1
99 8.90267413716 9.54639198854 0.0 0.435 0.48 1
103 4.2724417254 3.9178392721 0.0 0.435 0.48 1
104 5.50724052357 7.35072183117 0.0 0.435 0.48 1
222 12.0459705494 8.02040122917 0.0 0.435 0.48 1
232 6.32089863738 9.00391826379 0.0 0.435 0.48 1
233 7.31534628036 8.76358784548 0.0 0.435 0.48 1
236 13.054940285 9.37049971615 0.0 0.435 0.48 1
237 13.1462821425 9.76381106608 0.0 0.435 0.48 1
340 12.1402589185 8.61156155306 0.0 0.435 0.48 1
343 13.0233705185 8.18292855278 0.0 0.435 0.48 1
345 7.760059057 10.3716775759 0.0 0.435 0.48 1
346 7.99451718913 9.8308744698 0.0 0.435 0.48 1
347 10.0097206138 8.79700021744 0.0 0.435 0.48 1
348 14.7161413952 12.5742688675 0.0 0.435 0.48 1
349 13.7086449155 12.8014729968 0.0 0.435 0.48 1
376 14.2912123389 8.80177341343 0.0 0.435 0.48 1
412 1.12283135985 3.8340696824 0.0 0.435 0.48 1
413 1.75675227004 3.41951761029 0.0 0.435 0.48 1
414 0.490804635647 3.01856914678 0.0 0.435 0.48 1
421 9.00180320379 4.57200578311 0.0 0.435 0.48 1
422 9.18301366318 5.35457126637 0.0 0.435 0.48 1
423 10.3885578111 5.48440219742 0.0 0.435 0.48 1
424 11.8506589277 4.00232484119 0.0 0.435 0.48 1
425 12.7499763411 4.19659391816 0.0 0.435 0.48 1
426 11.8355054398 5.54931766294 0.0 0.435 0.48 1
