203 9.16764971018 4.27439701287 0.0 0.435 0.48 1
204 7.80257300915 6.4970357276 0.0 0.435 0.48 1
205 12.3122089131 9.13279455563 0.0 0.435 0.48 1
206 12.4572193736 8.64211000742 0.0 0.435 0.48 1
208 10.1328427029 3.18730162517 0.0 0.435 0.48 1
209 9.7737892259 2.56368356852 0.0 0.435 0.48 1
264 8.17656950895 0.657269088411 0.0 0.435 0.48 1
265 6.95334629181 0.536984549355 0.0 0.435 0.48 1
266 10.4697973434 8.97718836622 0.0 0.435 0.48 1
267 8.15846950952 2.95938151645 0.0 0.435 0.48 1
268 4.66180217821 6.75407233189 0.0 0.435 0.48 1
269 4.89647077544 7.50155482459 0.0 0.435 0.48 1
270 2.42750457442 7.54642286694 0.0 0.435 0.48 1
271 2.2850196952 6.76576666208 0.0 0.435 0.48 1
292 11.8834914848 5.28941714105 0.0 0.435 0.48 1
293 10.1511531675 5.15242641601 0.0 0.435 0.48 1
294 9.88870317576 4.63286403204 0.0 0.435 0.48 1
295 11.8266659052 4.61329392846 0.0 0.435 0.48 1
296 11.9680984589 9.5757471439 0.0 0.435 0.48 1
297 12.043234503 7.65381977681 0.0 0.435 0.48 1
337 10.9968019779 11.8554255508 0.0 0.435 0.48 1
371 14.0209751381 12.7122142317 0.0 0.435 0.48 1
375 12.571291463 12.0706966901 0.0 0.435 0.48 1
404 12.7120926214 11.4556703862 0.0 0.435 0.48 1
405 13.8395542136 11.3466028578 0.0 0.435 0.48 1
434 14.2005018767 1.17730879199 0.0 0.435 0.48 1
