198 1.05443019922 12.9177003193 0.0 0.435 0.48 1
203 7.91896021477 4.15673773161 0.0 0.435 0.48 1
204 3.28978012856 8.73041413332 0.0 0.435 0.48 1
205 6.28511956875 6.38104706494 0.0 0.435 0.48 1
206 6.32721259067 5.661249109 0.0 0.435 0.48 1
207 11.7256426526 5.29180373905 0.0 0.435 0.48 1
208 2.1734731871 6.95717182145 0.0 0.435 0.48 1
209 1.72876041046 6.50849139799 0.0 0.435 0.48 1
210 2.06045342323 8.1597785522 0.0 0.435 0.48 1
211 1.70013715556 8.52946258196 0.0 0.435 0.48 1
212 14.1116856004 5.35433260657 0.0 0.435 0.48 1
264 3.13929757517 5.327602709 0.0 0.435 0.48 1
265 2.75162084324 4.85028310958 0.0 0.435 0.48 1
266 3.7761649969 6.93354450128 0.0 0.435 0.48 1
267 1.47430809293 4.27964752846 0.0 0.435 0.48 1
291 11.1270798808 12.6580384572 0.0 0.435 0.48 1
337 5.23510913683 11.0800198615 0.0 0.435 0.48 1
371 11.8637077645 11.2921884234 0.0 0.435 0.48 1
374 12.1989786841 12.8885838237 0.0 0.435 0.48 1
403 14.4879972164 11.7451647233 0.0 0.435 0.48 1
