4 4.94656147153 7.00227852359 0.0 0.435 0.48 1
10 13.5547949203 6.77316511587 0.0 0.435 0.48 1
11 12.847632152 7.94140483547 0.0 0.435 0.48 1
12 12.9871705197 7.25597389069 0.0 0.435 0.48 1
13 13.0136891235 6.60300067867 0.0 0.435 0.48 1
19 1.94322435717 4.98273929842 0.0 0.435 0.48 1
20 1.72581389893 4.46293825464 0.0 0.435 0.48 1
23 14.5662902372 9.56787137051 0.0 0.435 0.48 1
26 1.88239994049 13.693821988 0.0 0.435 0.48 1
27 2.96187548776 4.94550836966 0.0 0.435 0.48 1
28 7.9545288183 -0.00572783519312 0.0 0.435 0.48 1
29 3.02143711378 5.56530786952 0.0 0.435 0.48 1
30 8.16646718369 0.508822692989 0.0 0.435 0.48 1
33 8.61349507653 8.64736052302 0.0 0.435 0.48 1
34 8.81848809331 8.11443319026 0.0 0.435 0.48 1
35 12.3732437949 11.128229141 0.0 0.435 0.48 1
36 13.0698833077 11.9260688515 0.0 0.435 0.48 1
37 12.1465728718 2.22168407553 0.0 0.435 0.48 1
74 13.0399972622 12.6334564978 0.0 0.435 0.48 1
75 5.32392541309 7.55692389813 0.0 0.435 0.48 1
76 11.3440694088 7.64427338482 0.0 0.435 0.48 1
77 9.72980201799 9.05833269812 0.0 0.435 0.48 1
78 9.69191829826 9.63517343403 0.0 0.435 0.48 1
79 7.82488231077 7.80584606923 0.0 0.435 0.48 1
80 6.98302187227 6.68366769098 0.0 0.435 0.48 1
81 6.71110095063 5.97675736422 0.0 0.435 0.48 1
82 11.8491856719 11.8494590558 0.0 0.435 0.48 1
83 12.6359042517 11.6117538953 0.0 0.435 0.48 1
84 12.1798263591 12.4761796898 0.0 0.435 0.48 1
217 9.91101247738 1.08805002689 0.0 0.435 0.48 1
219 11.457720568 0.338896915593 0.0 0.435 0.48 1
220 10.9130368643 1.54508354334 0.0 0.435 0.48 1
315 3.93275103846 8.89103217852 0.0 0.435 0.48 1
410 5.23595099726 1.17730879199 0.0 0.435 0.48 1
411 8.41755205947 2.75723666609 0.0 0.435 0.48 1
420 14.4069681492 7.45239090585 0.0 0.435 0.48 1
