142 9.22468575489 9.46071312044 0.0 0.435 0.48 1
143 1.10999298817 7.73114555192 0.0 0.435 0.48 1
145 2.64028480025 5.4118496183 0.0 0.435 0.48 1
146 5.32750331995 4.63620526923 0.0 0.435 0.48 1
147 5.79999749106 4.88250218254 0.0 0.435 0.48 1
148 7.05647419552 5.25863002689 0.0 0.435 0.48 1
149 6.97691838409 5.97842798282 0.0 0.435 0.48 1
150 13.4276739941 5.81208210242 0.0 0.435 0.48 1
151 13.3984193439 5.27056301687 0.0 0.435 0.48 1
232 12.388818213 7.9094244223 0.0 0.435 0.48 1
233 13.0160042397 7.70895019054 0.0 0.435 0.48 1
238 12.5637147191 8.45452340485 0.0 0.435 0.48 1
248 11.7822577671 5.29967951244 0.0 0.435 0.48 1
249 12.2635914728 4.88083156394 0.0 0.435 0.48 1
256 4.64117659746 4.01712174878 0.0 0.435 0.48 1
259 6.9028346655 9.14472754562 0.0 0.435 0.48 1
277 0.829442997034 5.64263364463 0.0 0.435 0.48 1
324 11.1131891836 6.83975119999 0.0 0.435 0.48 1
325 11.1477054615 7.39057801773 0.0 0.435 0.48 1
328 7.62557185195 8.09987494247 0.0 0.435 0.48 1
354 11.7864670692 8.18889504777 0.0 0.435 0.48 1
355 11.7719449767 9.01155537738 0.0 0.435 0.48 1
376 5.1208265823 7.96383885664 0.0 0.435 0.48 1
387 12.375348446 11.7103203925 0.0 0.435 0.48 1
388 13.2003716757 11.637051834 0.0 0.435 0.48 1
389 13.2540402787 10.1788404578 0.0 0.435 0.48 1
390 14.0565437417 10.7883775862 0.0 0.435 0.48 1
391 14.1687216451 11.6969554438 0.0 0.435 0.48 1
392 14.5641855861 11.0451755307 0.0 0.435 0.48 1
