45 2.6150289871 6.11279345006 0.0 0.435 0.48 1
46 2.81223479482 6.73020635192 0.0 0.435 0.48 1
47 2.77119409844 7.14380378482 0.0 0.435 0.48 1
50 8.06081369866 4.9163918741 0.0 0.435 0.48 1
51 7.48161371697 0.248683511301 0.0 0.435 0.48 1
52 5.81683469983 8.11443319026 0.0 0.435 0.48 1
53 5.59837191604 7.31492286122 0.0 0.435 0.48 1
54 7.73901254604 8.36836721715 0.0 0.435 0.48 1
55 9.95436828996 7.02566718396 0.0 0.435 0.48 1
56 10.0295043341 7.5819831771 0.0 0.435 0.48 1
57 12.2000310097 7.13783728983 0.0 0.435 0.48 1
87 12.3239949592 13.0876260967 0.0 0.435 0.48 1
89 14.656158839 9.03518269755 0.0 0.435 0.48 1
90 14.1268390883 9.4907842552 0.0 0.435 0.48 1
92 13.7136960781 8.27910845206 0.0 0.435 0.48 1
93 12.6310635542 10.8096183084 0.0 0.435 0.48 1
94 13.16059377 2.71833511874 0.0 0.435 0.48 1
95 12.7541856433 3.38896915593 0.0 0.435 0.48 1
96 6.44296840097 5.90038622832 0.0 0.435 0.48 1
97 2.27554876527 5.54263518855 0.0 0.435 0.48 1
98 1.46441623277 7.7464197791 0.0 0.435 0.48 1
99 1.25416158826 7.06838728811 0.0 0.435 0.48 1
100 0.458393008764 5.62425684005 0.0 0.435 0.48 1
101 0.0439872079117 3.75936916509 0.0 0.435 0.48 1
222 12.9177170335 11.4368162621 0.0 0.435 0.48 1
225 6.19525096694 8.80654660943 0.0 0.435 0.48 1
228 8.36283113097 0.0379469081544 0.0 0.435 0.48 1
229 13.1540693516 6.05718571673 0.0 0.435 0.48 1
230 14.7849634861 3.26080884348 0.0 0.435 0.48 1
231 7.93727067931 9.36811311815 0.0 0.435 0.48 1
232 10.0250845668 8.81442238282 0.0 0.435 0.48 1
233 11.4072089417 8.11443319026 0.0 0.435 0.48 1
311 9.89480666393 12.0890734947 0.0 0.435 0.48 1
313 12.4704786755 11.5377693573 0.0 0.435 0.48 1
340 13.2142623729 11.7687920435 0.0 0.435 0.48 1
341 14.3501425696 6.78199552846 0.0 0.435 0.48 1
343 13.5960460818 11.4127116223 0.0 0.435 0.48 1
344 12.4565879783 12.5637678363 0.0 0.435 0.48 1
376 14.0169763011 10.863794083 0.0 0.435 0.48 1
