103 15.078562314 6.52281098597 0.0 0.435 0.48 1
114 2.0814999342 5.8323681854 0.0 0.435 0.48 1
115 2.84675107279 6.78414346665 0.0 0.435 0.48 1
116 2.64217898624 6.35383984777 0.0 0.435 0.48 1
117 2.12422435145 5.20898878855 0.0 0.435 0.48 1
120 1.27541856433 8.09056721029 0.0 0.435 0.48 1
121 5.4969277332 7.56551565092 0.0 0.435 0.48 1
122 6.16662771203 7.57458472331 0.0 0.435 0.48 1
123 5.84103818744 7.81754039941 0.0 0.435 0.48 1
124 6.36046607799 8.47075227123 0.0 0.435 0.48 1
125 10.0141403811 3.89468927152 0.0 0.435 0.48 1
126 9.8306148055 3.27775368926 0.0 0.435 0.48 1
127 8.52594159093 7.01421151358 0.0 0.435 0.48 1
128 8.48469042944 6.28916304205 0.0 0.435 0.48 1
129 9.42315435326 6.01661355078 0.0 0.435 0.48 1
130 9.59720899892 7.30298987123 0.0 0.435 0.48 1
131 7.49718813508 6.56839500771 0.0 0.435 0.48 1
132 9.4545136546 6.84285377738 0.0 0.435 0.48 1
133 10.3473066496 7.12518832045 0.0 0.435 0.48 1
134 10.3548833936 5.87103107295 0.0 0.435 0.48 1
135 10.144418284 5.31423776022 0.0 0.435 0.48 1
136 12.974332148 7.51969296937 0.0 0.435 0.48 1
232 10.1545206092 7.72159915993 0.0 0.435 0.48 1
233 10.6615310583 7.43592337967 0.0 0.435 0.48 1
238 10.5870264095 8.11467185006 0.0 0.435 0.48 1
243 11.3440694088 9.32014249841 0.0 0.435 0.48 1
244 9.29961133391 9.29078734304 0.0 0.435 0.48 1
245 9.28992993887 8.81060382602 0.0 0.435 0.48 1
246 9.8590275953 4.84097537739 0.0 0.435 0.48 1
247 10.5443019922 4.42093412989 0.0 0.435 0.48 1
248 6.05423934349 4.81281352102 0.0 0.435 0.48 1
249 6.13253236427 4.09015164749 0.0 0.435 0.48 1
250 5.16102541824 2.40330418311 0.0 0.435 0.48 1
251 3.35944407984 7.58651771329 0.0 0.435 0.48 1
252 2.97429292923 7.87434143175 0.0 0.435 0.48 1
321 6.32447654425 6.11756664605 0.0 0.435 0.48 1
322 9.42652179502 8.42349763089 0.0 0.435 0.48 1
323 11.9205333441 8.28674556565 0.0 0.435 0.48 1
324 1.43116274545 12.5327420624 0.0 0.435 0.48 1
325 2.01646621532 13.0544523845 0.0 0.435 0.48 1
376 10.6899438481 8.6643053688 0.0 0.435 0.48 1
377 2.5386301523 8.20751051215 0.0 0.435 0.48 1
380 11.9630472962 12.7370348509 0.0 0.435 0.48 1
381 11.9864089234 11.5843080183 0.0 0.435 0.48 1
382 12.9233995914 11.7709399817 0.0 0.435 0.48 1
383 12.7106193656 11.3530466724 0.0 0.435 0.48 1
384 14.2844774554 2.79231965665 0.0 0.435 0.48 1
385 14.7018297678 1.70355365035 0.0 0.435 0.48 1
