4 5.99131027571 6.8299661482 0.0 0.435 0.48 1
28 4.23729405209 4.47892846122 0.0 0.435 0.48 1
30 4.00767661749 4.02833875936 0.0 0.435 0.48 1
33 2.43613364392 12.7100662935 0.0 0.435 0.48 1
34 1.85756505755 12.1549435994 0.0 0.435 0.48 1
37 7.69797184966 0.808579401429 0.0 0.435 0.48 1
38 12.8579449424 6.38987747753 0.0 0.435 0.48 1
39 13.4108367853 6.3268712904 0.0 0.435 0.48 1
40 13.5699484082 10.9277549093 0.0 0.435 0.48 1
41 14.3621390808 2.20521654935 0.0 0.435 0.48 1
74 14.2554332703 13.0174601156 0.0 0.435 0.48 1
75 6.49411142261 7.22065224033 0.0 0.435 0.48 1
76 13.9527844426 2.81618563662 0.0 0.435 0.48 1
77 14.2878448971 8.26073164748 0.0 0.435 0.48 1
78 14.4770530307 8.7485522781 0.0 0.435 0.48 1
80 13.3672705076 7.46050533904 0.0 0.435 0.48 1
81 13.7677856113 6.88796047953 0.0 0.435 0.48 1
82 12.1579379877 8.827310012 0.0 0.435 0.48 1
83 9.97457294048 6.73116099112 0.0 0.435 0.48 1
84 12.5917065787 9.32109713761 0.0 0.435 0.48 1
85 12.1859298473 9.58887343289 0.0 0.435 0.48 1
86 4.27728242292 3.26868461688 0.0 0.435 0.48 1
217 5.62720563606 5.25242487209 0.0 0.435 0.48 1
219 6.65469630125 5.09825064148 0.0 0.435 0.48 1
220 6.30300910307 5.79322797824 0.0 0.435 0.48 1
221 0.753886022679 8.20918113074 0.0 0.435 0.48 1
232 1.28320577339 4.30136557024 0.0 0.435 0.48 1
233 1.08957787253 3.57225988211 0.0 0.435 0.48 1
300 12.6742089016 10.2432786037 0.0 0.435 0.48 1
301 13.1349170266 9.94996570985 0.0 0.435 0.48 1
302 14.2912123389 11.1816889362 0.0 0.435 0.48 1
316 9.46082760789 8.72874351472 0.0 0.435 0.48 1
317 8.75534856042 9.27742239426 0.0 0.435 0.48 1
410 2.68237782218 0.239614438912 0.0 0.435 0.48 1
411 9.0609438996 4.08728772989 0.0 0.435 0.48 1
