142 9.28066947405 9.33374610699 0.0 0.435 0.48 1
150 4.25139521444 7.54952544434 0.0 0.435 0.48 1
151 3.98473592054 6.93640841887 0.0 0.435 0.48 1
152 5.23616146237 5.70062797596 0.0 0.435 0.48 1
153 4.67674520099 5.09992126008 0.0 0.435 0.48 1
154 5.59710912538 4.92904084348 0.0 0.435 0.48 1
155 13.4365135287 3.78705370185 0.0 0.435 0.48 1
156 11.6176740513 6.26911561887 0.0 0.435 0.48 1
157 13.769258867 8.52922392216 0.0 0.435 0.48 1
158 13.6170925928 6.18534602917 0.0 0.435 0.48 1
159 1.01991392125 6.11804396565 0.0 0.435 0.48 1
232 12.5363542548 7.93519968067 0.0 0.435 0.48 1
233 13.394841437 8.1595398924 0.0 0.435 0.48 1
238 12.6337996006 8.40082494991 0.0 0.435 0.48 1
248 11.9152717163 5.36149240056 0.0 0.435 0.48 1
249 12.3233635639 4.93190476108 0.0 0.435 0.48 1
256 4.21919405266 4.34647227238 0.0 0.435 0.48 1
259 8.08059741896 8.80081877423 0.0 0.435 0.48 1
260 5.52218354635 6.25837592789 0.0 0.435 0.48 1
261 2.52915922237 5.17056456079 0.0 0.435 0.48 1
329 6.5530416533 9.55975693732 0.0 0.435 0.48 1
330 6.04455794845 9.63612807323 0.0 0.435 0.48 1
331 6.05066143662 10.3399358226 0.0 0.435 0.48 1
332 6.77234629753 10.4005554117 0.0 0.435 0.48 1
354 12.4058658869 6.87769810814 0.0 0.435 0.48 1
355 11.5509566116 6.96266099684 0.0 0.435 0.48 1
376 3.27462664066 12.2895477264 0.0 0.435 0.48 1
391 14.3996018704 7.31325224262 0.0 0.435 0.48 1
392 14.8861972038 6.92423676909 0.0 0.435 0.48 1
393 13.5596356178 10.631339438 0.0 0.435 0.48 1
394 14.1901890863 11.5897971937 0.0 0.435 0.48 1
395 14.0390751376 10.1533038592 0.0 0.435 0.48 1
396 14.6769948848 10.4272853093 0.0 0.435 0.48 1
415 5.162498674 1.0842314701 0.0 0.435 0.48 1
416 5.84209051299 0.748675791701 0.0 0.435 0.48 1
