4 6.12916492251 6.86266254076 0.0 0.435 0.48 1
28 3.25063361817 5.12569651845 0.0 0.435 0.48 1
30 3.14876850511 4.62546557825 0.0 0.435 0.48 1
33 1.25226740227 13.1353580566 0.0 0.435 0.48 1
34 0.518586030117 12.6217621676 0.0 0.435 0.48 1
37 6.39813933262 0.957264456651 0.0 0.435 0.48 1
38 11.7601589305 6.85741202517 0.0 0.435 0.48 1
39 12.5740275095 7.2476207977 0.0 0.435 0.48 1
40 12.9069833129 11.5380080171 0.0 0.435 0.48 1
41 13.9609925819 2.11333252646 0.0 0.435 0.48 1
42 14.4844193095 0.997359303003 0.0 0.435 0.48 1
75 6.6536439757 7.17339759999 0.0 0.435 0.48 1
77 15.2496704481 7.95071256765 0.0 0.435 0.48 1
80 13.9388937454 7.95811102144 0.0 0.435 0.48 1
81 14.2781635021 7.21182182774 0.0 0.435 0.48 1
82 12.164251941 8.37481103174 0.0 0.435 0.48 1
83 8.79028576862 5.93761715707 0.0 0.435 0.48 1
84 12.6295902984 8.75690537109 0.0 0.435 0.48 1
85 12.2404403107 9.14210228782 0.0 0.435 0.48 1
86 5.4510463393 3.1655835834 0.0 0.435 0.48 1
217 4.59319055247 6.02759190156 0.0 0.435 0.48 1
219 5.37296378363 5.17963363318 0.0 0.435 0.48 1
220 5.46619982719 5.86601921716 0.0 0.435 0.48 1
221 1.23690344927 8.06741720971 0.0 0.435 0.48 1
232 1.8497778485 4.37200887095 0.0 0.435 0.48 1
233 1.89902668415 3.68538462718 0.0 0.435 0.48 1
300 12.2722205423 9.81965745921 0.0 0.435 0.48 1
301 12.7158809934 9.55927961772 0.0 0.435 0.48 1
302 13.8875402586 11.7659281259 0.0 0.435 0.48 1
303 14.4901018675 11.1370595536 0.0 0.435 0.48 1
304 14.684992559 11.6766693608 0.0 0.435 0.48 1
316 9.60583806842 8.64664454362 0.0 0.435 0.48 1
317 8.75534856042 9.04520640914 0.0 0.435 0.48 1
410 2.69016503123 0.201428870958 0.0 0.435 0.48 1
411 9.49744853696 4.49181609041 0.0 0.435 0.48 1
