121 5.47104052472 7.34260739798 0.0 0.435 0.48 1
122 0.351897663294 13.4580261058 0.0 0.435 0.48 1
123 5.75685214359 7.93209710328 0.0 0.435 0.48 1
127 4.05292661606 11.0907595525 0.0 0.435 0.48 1
128 3.79194988012 10.4702440732 0.0 0.435 0.48 1
129 5.37212192319 8.77480485606 0.0 0.435 0.48 1
130 4.46838474246 9.61989920685 0.0 0.435 0.48 1
131 1.55260111371 13.330343113 0.0 0.435 0.48 1
132 4.05587312759 9.21131362974 0.0 0.435 0.48 1
133 5.04821611948 9.45307600685 0.0 0.435 0.48 1
134 5.90649283653 10.4463780933 0.0 0.435 0.48 1
135 0.620030212957 6.2426243811 0.0 0.435 0.48 1
136 2.13032783963 5.64287230442 0.0 0.435 0.48 1
137 6.22808352404 5.51065477538 0.0 0.435 0.48 1
138 6.6296509532 6.04692334534 0.0 0.435 0.48 1
139 3.46488709977 6.30157335163 0.0 0.435 0.48 1
140 8.14752532382 6.97793522402 0.0 0.435 0.48 1
141 8.44933229103 6.45073572645 0.0 0.435 0.48 1
142 1.78495459473 7.47768884462 0.0 0.435 0.48 1
232 12.1139507798 7.86145380256 0.0 0.435 0.48 1
233 12.6788391341 7.47005173103 0.0 0.435 0.48 1
238 12.3980786778 8.38626670213 0.0 0.435 0.48 1
244 11.6387205623 12.9671028978 0.0 0.435 0.48 1
245 12.1425740347 12.8651951634 0.0 0.435 0.48 1
248 11.5343298679 5.18488414877 0.0 0.435 0.48 1
249 12.1577275226 4.6679470226 0.0 0.435 0.48 1
251 9.14555087367 12.1239178254 0.0 0.435 0.48 1
252 9.55006481437 11.1625961522 0.0 0.435 0.48 1
253 6.10811841155 7.18533058997 0.0 0.435 0.48 1
254 5.4510463393 6.84476305578 0.0 0.435 0.48 1
255 8.84858460399 4.14241814363 0.0 0.435 0.48 1
256 0.564888354235 8.11825174705 0.0 0.435 0.48 1
257 0.497329054045 7.39463523432 0.0 0.435 0.48 1
258 0.453552311243 6.84118315879 0.0 0.435 0.48 1
321 0.712213930973 4.02117896537 0.0 0.435 0.48 1
322 2.06803016718 8.46001258024 0.0 0.435 0.48 1
324 4.69652892129 10.4497193305 0.0 0.435 0.48 1
325 4.53910101929 11.2568667731 0.0 0.435 0.48 1
326 4.33031963055 10.3160698426 0.0 0.435 0.48 1
327 5.29845913482 9.73517189011 0.0 0.435 0.48 1
376 7.6419881305 8.09295380828 0.0 0.435 0.48 1
386 14.4774739609 9.40701466551 0.0 0.435 0.48 1
