142 7.6200997591 9.91559869869 0.0 0.435 0.48 1
169 10.6118612924 11.1726198638 0.0 0.435 0.48 1
176 4.43744637134 10.5688105705 0.0 0.435 0.48 1
177 4.13648126458 10.1139249923 0.0 0.435 0.48 1
178 12.5426682081 5.30803260543 0.0 0.435 0.48 1
179 6.21293003615 7.45095894705 0.0 0.435 0.48 1
180 11.127500811 10.6499549024 0.0 0.435 0.48 1
181 6.8723172246 6.64524346322 0.0 0.435 0.48 1
182 8.06144509399 8.13829917023 0.0 0.435 0.48 1
183 2.3045929504 5.11424084806 0.0 0.435 0.48 1
184 1.76285575822 4.11902948325 0.0 0.435 0.48 1
185 13.4941809688 3.92929494248 0.0 0.435 0.48 1
186 1.28615228492 5.97699602402 0.0 0.435 0.48 1
187 0.249822085126 6.17579963718 0.0 0.435 0.48 1
287 2.55778247728 3.85363978597 0.0 0.435 0.48 1
288 11.4560368471 12.508160103 0.0 0.435 0.48 1
362 9.96699619654 8.994133212 0.0 0.435 0.48 1
363 10.182933399 8.47934402402 0.0 0.435 0.48 1
364 6.87989396855 8.34521721658 0.0 0.435 0.48 1
432 7.82824975252 9.33923528239 0.0 0.435 0.48 1
