51 10.0686508445 8.26717546207 0.0 0.435 0.48 1
55 2.37951852943 6.78629140485 0.0 0.435 0.48 1
56 2.55588829129 7.29821667524 0.0 0.435 0.48 1
58 3.72649523103 5.18727074677 0.0 0.435 0.48 1
59 4.16489405438 5.47819704262 0.0 0.435 0.48 1
60 10.7577136134 3.04458306494 0.0 0.435 0.48 1
61 10.8877810511 3.97177638683 0.0 0.435 0.48 1
62 11.9521031105 7.04690790614 0.0 0.435 0.48 1
63 12.1166868263 7.64475070442 0.0 0.435 0.48 1
64 13.0932449349 7.07125120571 0.0 0.435 0.48 1
65 13.5470077113 7.47005173103 0.0 0.435 0.48 1
66 12.9364484282 6.58772645149 0.0 0.435 0.48 1
67 15.3384867244 0.480660836623 0.0 0.435 0.48 1
72 2.6543859626 5.06794084692 0.0 0.435 0.48 1
98 6.94471722231 8.01968524977 0.0 0.435 0.48 1
99 7.30882186197 7.69510792216 0.0 0.435 0.48 1
102 9.72832876222 2.82716398741 0.0 0.435 0.48 1
103 2.05392900484 4.43429907868 0.0 0.435 0.48 1
104 1.47030925584 5.70229859455 0.0 0.435 0.48 1
222 11.148547322 8.40010897051 0.0 0.435 0.48 1
232 6.41708119248 8.96024352044 0.0 0.435 0.48 1
233 7.96694625976 8.86907547695 0.0 0.435 0.48 1
340 11.6435612598 8.53709969555 0.0 0.435 0.48 1
343 11.8312961376 8.18364453217 0.0 0.435 0.48 1
345 9.7782089932 11.2361033705 0.0 0.435 0.48 1
346 10.1303171216 10.6776394392 0.0 0.435 0.48 1
347 9.25751831199 9.96189869984 0.0 0.435 0.48 1
348 11.9401065993 12.5038642266 0.0 0.435 0.48 1
349 11.4766624279 12.8592286684 0.0 0.435 0.48 1
376 14.3196251287 8.85809712616 0.0 0.435 0.48 1
412 4.11753940471 4.03836247095 0.0 0.435 0.48 1
413 4.80912775494 3.45460060085 0.0 0.435 0.48 1
414 3.83635801825 3.59994441888 0.0 0.435 0.48 1
421 10.9559717467 5.10994497166 0.0 0.435 0.48 1
422 11.6723949798 5.1598248698 0.0 0.435 0.48 1
