45 2.6676452645 6.13164757424 0.0 0.435 0.48 1
46 2.87895223457 6.73020635192 0.0 0.435 0.48 1
47 2.81265572504 7.15120223861 0.0 0.435 0.48 1
50 7.61736371268 5.23166146952 0.0 0.435 0.48 1
51 7.58347883003 0.348681967381 0.0 0.435 0.48 1
52 6.3103753819 8.11443319026 0.0 0.435 0.48 1
53 6.05171376217 7.28747698425 0.0 0.435 0.48 1
54 8.22013578664 8.21490896594 0.0 0.435 0.48 1
55 10.2949008373 7.01874604977 0.0 0.435 0.48 1
56 10.3641438584 7.56981152731 0.0 0.435 0.48 1
57 12.5858135556 7.20752595135 0.0 0.435 0.48 1
87 12.3195751919 12.8986075353 0.0 0.435 0.48 1
89 14.3126797801 8.93470692187 0.0 0.435 0.48 1
90 13.8624949106 9.44209765606 0.0 0.435 0.48 1
92 13.2268902795 8.332806907 0.0 0.435 0.48 1
93 12.6933612266 10.5353981986 0.0 0.435 0.48 1
94 12.6889414593 2.81690161602 0.0 0.435 0.48 1
95 12.3042112389 3.42190420829 0.0 0.435 0.48 1
96 6.05024050641 5.71757282174 0.0 0.435 0.48 1
97 1.91354877672 5.67628467638 0.0 0.435 0.48 1
98 1.18996972982 7.65572905521 0.0 0.435 0.48 1
99 0.971927876251 6.9927321316 0.0 0.435 0.48 1
222 12.9292926145 11.4406348189 0.0 0.435 0.48 1
225 6.77992304148 8.7485522781 0.0 0.435 0.48 1
228 8.22455555395 0.0269685573676 0.0 0.435 0.48 1
229 12.7674449452 6.28176458826 0.0 0.435 0.48 1
230 14.2316507129 3.17894853218 0.0 0.435 0.48 1
231 8.27927648245 9.46500899684 0.0 0.435 0.48 1
232 10.3759299045 8.67528371958 0.0 0.435 0.48 1
233 11.7692089303 7.92350535049 0.0 0.435 0.48 1
311 10.1461020048 11.9852564818 0.0 0.435 0.48 1
313 12.6028612295 11.3258394552 0.0 0.435 0.48 1
340 13.2100530708 11.7728492601 0.0 0.435 0.48 1
341 14.3461437325 7.17053368239 0.0 0.435 0.48 1
342 14.9851158053 8.54402082974 0.0 0.435 0.48 1
343 13.5960460818 11.5217791508 0.0 0.435 0.48 1
344 12.7672344801 12.6205688686 0.0 0.435 0.48 1
376 14.0388646725 11.0363451181 0.0 0.435 0.48 1
