121 5.38285564378 7.18771718797 0.0 0.435 0.48 1
123 5.59584633472 7.94737133046 0.0 0.435 0.48 1
127 3.72333825439 12.0038719462 0.0 0.435 0.48 1
128 3.17402431826 11.5418265739 0.0 0.435 0.48 1
129 3.98578824609 9.21680280513 0.0 0.435 0.48 1
130 3.94516847993 10.1227554048 0.0 0.435 0.48 1
132 3.46488709977 10.5311023222 0.0 0.435 0.48 1
133 4.43660451091 10.009392 0.0 0.435 0.48 1
134 4.75651147754 11.4318044063 0.0 0.435 0.48 1
136 0.521743006762 5.37748260714 0.0 0.435 0.48 1
137 4.53320799622 5.27438157367 0.0 0.435 0.48 1
138 4.72704636219 5.88535066093 0.0 0.435 0.48 1
139 0.701480210382 6.23307798912 0.0 0.435 0.48 1
140 6.37498817056 6.53378933676 0.0 0.435 0.48 1
141 6.57324630382 5.89155581573 0.0 0.435 0.48 1
142 4.41155916286 8.0822141173 0.0 0.435 0.48 1
143 12.9781205199 12.1623420532 0.0 0.435 0.48 1
144 13.5038623638 12.4048204097 0.0 0.435 0.48 1
232 12.1474147323 7.86718163775 0.0 0.435 0.48 1
233 12.6963077382 7.47005173103 0.0 0.435 0.48 1
238 12.4180728632 8.39461979512 0.0 0.435 0.48 1
248 11.5646368437 5.19872641716 0.0 0.435 0.48 1
249 12.1655147317 4.79753929384 0.0 0.435 0.48 1
252 8.96202529807 12.0566157619 0.0 0.435 0.48 1
253 7.88823230876 7.22184553933 0.0 0.435 0.48 1
254 7.18170093575 7.4120573997 0.0 0.435 0.48 1
255 12.3368333309 3.83550164119 0.0 0.435 0.48 1
256 0.763777882831 7.63950018883 0.0 0.435 0.48 1
257 1.88492552181 7.70727957195 0.0 0.435 0.48 1
258 1.91039180007 7.14977027982 0.0 0.435 0.48 1
277 14.907664645 8.68721670957 0.0 0.435 0.48 1
322 0.532687192462 8.35309298997 0.0 0.435 0.48 1
324 5.09325565294 10.0654770529 0.0 0.435 0.48 1
325 4.67821845676 10.6019842827 0.0 0.435 0.48 1
326 3.85403708746 11.0738147067 0.0 0.435 0.48 1
327 5.053056817 9.1623883708 0.0 0.435 0.48 1
376 7.6156799918 8.06312133332 0.0 0.435 0.48 1
386 14.7390820922 10.5413646935 0.0 0.435 0.48 1
