142 8.63980321524 9.55116518453 0.0 0.435 0.48 1
165 14.1643018778 10.3246615954 0.0 0.435 0.48 1
167 14.2672193164 9.36715847895 0.0 0.435 0.48 1
168 12.6001251831 10.0790806615 0.0 0.435 0.48 1
169 7.29745674605 9.03947857395 0.0 0.435 0.48 1
170 13.0450484248 2.85962172017 0.0 0.435 0.48 1
171 5.20122425418 6.95573986265 0.0 0.435 0.48 1
172 5.16691844131 6.21708778254 0.0 0.435 0.48 1
173 7.24084163156 6.06601612932 0.0 0.435 0.48 1
174 3.97526499061 4.9178238329 0.0 0.435 0.48 1
175 13.9868797904 8.78888578425 0.0 0.435 0.48 1
256 8.30137531896 5.54024859055 0.0 0.435 0.48 1
282 3.9335928989 4.15506711301 0.0 0.435 0.48 1
283 12.8221658737 13.1207998088 0.0 0.435 0.48 1
284 13.1683809791 13.4630379616 0.0 0.435 0.48 1
285 13.4017867856 12.7005199016 0.0 0.435 0.48 1
286 11.80709265 8.45643268325 0.0 0.435 0.48 1
333 10.058127589 5.56315993132 0.0 0.435 0.48 1
334 3.87255801711 12.012463699 0.0 0.435 0.48 1
335 4.77292775609 9.00582754219 0.0 0.435 0.48 1
336 4.67232543369 8.52015484977 0.0 0.435 0.48 1
360 6.55241025797 7.70871153074 0.0 0.435 0.48 1
361 8.60360321638 8.19414556336 0.0 0.435 0.48 1
362 14.3591925693 10.8318136698 0.0 0.435 0.48 1
363 14.8003274391 10.7938667616 0.0 0.435 0.48 1
364 14.4168600093 12.2014822604 0.0 0.435 0.48 1
399 12.0215565967 13.3682900211 0.0 0.435 0.48 1
430 11.8481333464 9.15546723661 0.0 0.435 0.48 1
431 11.9554705523 8.03686875535 0.0 0.435 0.48 1
432 8.20266718255 9.09293836908 0.0 0.435 0.48 1
