132 1.00665461934 13.295737442 0.0 0.435 0.48 1
137 0.311067432027 4.51592073018 0.0 0.435 0.48 1
138 0.142905809436 5.14836919942 0.0 0.435 0.48 1
140 1.25163600694 7.03879347295 0.0 0.435 0.48 1
141 1.67656506328 6.43474551987 0.0 0.435 0.48 1
142 9.1813299423 9.55880229812 0.0 0.435 0.48 1
143 8.46511717425 8.23543370871 0.0 0.435 0.48 1
144 7.54727883117 6.65383521601 0.0 0.435 0.48 1
145 9.74074620369 8.22946721372 0.0 0.435 0.48 1
146 11.0205845353 1.84531757138 0.0 0.435 0.48 1
147 11.6138856794 2.32215985121 0.0 0.435 0.48 1
232 12.2749565887 7.88937699913 0.0 0.435 0.48 1
233 12.7623937826 7.47005173103 0.0 0.435 0.48 1
238 12.4948926282 8.42636154848 0.0 0.435 0.48 1
248 11.6795507936 5.25218621229 0.0 0.435 0.48 1
249 12.2172891487 4.84145269699 0.0 0.435 0.48 1
253 13.4036809716 9.77813065406 0.0 0.435 0.48 1
254 12.8564716866 9.64400384662 0.0 0.435 0.48 1
256 2.69395340321 3.98561865521 0.0 0.435 0.48 1
257 8.42176136167 9.77526673646 0.0 0.435 0.48 1
258 8.20456136853 8.93780949927 0.0 0.435 0.48 1
259 3.27441617555 7.6585929728 0.0 0.435 0.48 1
277 7.85034858903 7.39845379112 0.0 0.435 0.48 1
324 7.11372070534 9.03923991415 0.0 0.435 0.48 1
325 6.39161491422 8.49079969441 0.0 0.435 0.48 1
326 4.03840452349 11.7792930747 0.0 0.435 0.48 1
327 4.31032544513 11.1788250186 0.0 0.435 0.48 1
328 3.87803010996 11.2754822375 0.0 0.435 0.48 1
354 12.1554124064 10.7480440801 0.0 0.435 0.48 1
355 11.7675252094 12.1871626724 0.0 0.435 0.48 1
356 10.8599996567 12.3076858712 0.0 0.435 0.48 1
357 11.2821926666 12.6019534043 0.0 0.435 0.48 1
376 7.14529047179 7.78341204805 0.0 0.435 0.48 1
