45 4.07249987125 6.19322180256 0.0 0.435 0.48 1
46 4.18299405381 6.76003882688 0.0 0.435 0.48 1
47 3.88602778413 7.29654605664 0.0 0.435 0.48 1
48 1.66877785422 4.71711094134 0.0 0.435 0.48 1
49 1.97037435631 5.35958312216 0.0 0.435 0.48 1
50 5.62489051985 7.56814090871 0.0 0.435 0.48 1
51 8.69052530666 0.767529915878 0.0 0.435 0.48 1
52 10.0633892167 7.76360328468 0.0 0.435 0.48 1
53 10.7375089629 7.18151203318 0.0 0.435 0.48 1
54 11.7353240476 7.04189605035 0.0 0.435 0.48 1
55 12.7213530862 6.7495377957 0.0 0.435 0.48 1
56 13.0709356333 7.21015120914 0.0 0.435 0.48 1
87 12.9103507546 11.1055564601 0.0 0.435 0.48 1
89 12.59423216 8.33996670099 0.0 0.435 0.48 1
90 12.0421821774 8.95976620084 0.0 0.435 0.48 1
91 12.3862926317 6.4096862409 0.0 0.435 0.48 1
92 9.94384503448 8.45285278625 0.0 0.435 0.48 1
93 11.3272322 8.38364144433 0.0 0.435 0.48 1
94 8.54362066014 3.9980289648 0.0 0.435 0.48 1
95 8.58697647272 4.995149608 0.0 0.435 0.48 1
96 2.80234293466 6.20324551415 0.0 0.435 0.48 1
221 13.590573989 5.59156044749 0.0 0.435 0.48 1
222 13.0332623787 11.4733312114 0.0 0.435 0.48 1
223 14.4837879142 6.9991759462 0.0 0.435 0.48 1
225 11.5903135871 7.78866256365 0.0 0.435 0.48 1
226 14.9531251087 7.31969605721 0.0 0.435 0.48 1
228 6.71383699705 1.45009694306 0.0 0.435 0.48 1
229 10.1865113059 6.25813726809 0.0 0.435 0.48 1
230 9.8655520137 5.75170117309 0.0 0.435 0.48 1
231 10.4864240871 11.1475605848 0.0 0.435 0.48 1
232 13.6760228235 6.53545995535 0.0 0.435 0.48 1
233 14.1706158311 5.64573622202 0.0 0.435 0.48 1
300 0.547209285026 8.63948474963 0.0 0.435 0.48 1
310 12.465637978 13.2661436269 0.0 0.435 0.48 1
311 11.5606380066 11.5392013161 0.0 0.435 0.48 1
313 14.2739541999 10.1339724154 0.0 0.435 0.48 1
318 0.312751152904 7.60417853847 0.0 0.435 0.48 1
319 0.189418598663 8.23376309011 0.0 0.435 0.48 1
340 13.1719588859 11.809841529 0.0 0.435 0.48 1
341 12.8173251762 9.94089663746 0.0 0.435 0.48 1
342 13.6642367773 11.6270281224 0.0 0.435 0.48 1
344 14.7956972067 11.8043523536 0.0 0.435 0.48 1
376 14.1514635061 11.6351425556 0.0 0.435 0.48 1
