142 8.8226973955 8.88172444634 0.0 0.435 0.48 1
155 13.8757542125 5.51542797138 0.0 0.435 0.48 1
156 5.03011612005 8.71108268954 0.0 0.435 0.48 1
158 4.62833822577 7.9127656595 0.0 0.435 0.48 1
159 9.7891531789 9.28816208525 0.0 0.435 0.48 1
160 12.1617263597 10.7098585121 0.0 0.435 0.48 1
161 7.05121256778 5.13046971444 0.0 0.435 0.48 1
162 4.33242428164 9.10773527666 0.0 0.435 0.48 1
163 3.28620222169 7.68150431358 0.0 0.435 0.48 1
164 3.02101618356 8.62946103804 0.0 0.435 0.48 1
165 1.41011623449 8.163597109 0.0 0.435 0.48 1
166 1.09441857005 7.54164967095 0.0 0.435 0.48 1
248 12.0411298519 5.46149085664 0.0 0.435 0.48 1
249 12.5990728575 4.89515115192 0.0 0.435 0.48 1
256 8.3655671774 5.37080013275 0.0 0.435 0.48 1
259 13.3740053912 10.3389811834 0.0 0.435 0.48 1
260 14.4014960563 8.32278319541 0.0 0.435 0.48 1
262 1.83820226747 6.07532386151 0.0 0.435 0.48 1
329 6.41266142518 9.20176723775 0.0 0.435 0.48 1
331 5.81746609516 9.5745538449 0.0 0.435 0.48 1
332 6.55788235082 10.0482935473 0.0 0.435 0.48 1
334 3.61473825782 11.8076935908 0.0 0.435 0.48 1
358 12.3980786778 11.2859832686 0.0 0.435 0.48 1
359 12.375348446 8.37695896994 0.0 0.435 0.48 1
393 11.2828240619 13.2542106369 0.0 0.435 0.48 1
396 3.23316501407 8.18364453217 0.0 0.435 0.48 1
397 14.7472902315 9.69913426035 0.0 0.435 0.48 1
