142 8.69220902753 8.92372857109 0.0 0.435 0.48 1
155 14.2042902486 5.62998467524 0.0 0.435 0.48 1
156 4.28759521329 9.76572034447 0.0 0.435 0.48 1
158 4.38440916372 8.81442238282 0.0 0.435 0.48 1
159 9.66939853153 11.1828822352 0.0 0.435 0.48 1
160 12.1347868257 10.6590239748 0.0 0.435 0.48 1
161 4.52226381052 6.66791614419 0.0 0.435 0.48 1
162 5.38117192291 9.89364199712 0.0 0.435 0.48 1
163 5.64046493796 7.80250483203 0.0 0.435 0.48 1
164 4.71441845561 7.87577339054 0.0 0.435 0.48 1
165 2.71058014687 8.4120419605 0.0 0.435 0.48 1
166 2.43297666727 7.85190741057 0.0 0.435 0.48 1
167 1.57617320599 6.39083211673 0.0 0.435 0.48 1
168 0.407670917345 6.00873777739 0.0 0.435 0.48 1
248 12.0703845021 5.48631147581 0.0 0.435 0.48 1
249 12.6735775063 4.88250218254 0.0 0.435 0.48 1
256 8.36661950294 5.39251817453 0.0 0.435 0.48 1
259 14.0695925785 10.9993528492 0.0 0.435 0.48 1
262 5.11261844302 6.02902386036 0.0 0.435 0.48 1
329 6.00667422871 8.71108268954 0.0 0.435 0.48 1
331 5.79284167733 9.51130899798 0.0 0.435 0.48 1
332 5.81430911851 9.07169764691 0.0 0.435 0.48 1
333 7.35428232564 11.9084080263 0.0 0.435 0.48 1
334 2.02046505241 12.0523198855 0.0 0.435 0.48 1
335 9.35727877395 12.3315518512 0.0 0.435 0.48 1
358 12.4490112343 11.2050775965 0.0 0.435 0.48 1
359 13.6476100337 4.89252589413 0.0 0.435 0.48 1
396 1.74496622391 7.09249192788 0.0 0.435 0.48 1
