179 2.79455572561 8.65284969841 0.0 0.435 0.48 1
189 9.08156948034 5.75957694648 0.0 0.435 0.48 1
190 9.44504272466 4.55506093733 0.0 0.435 0.48 1
191 7.08636024109 6.07556252131 0.0 0.435 0.48 1
192 7.67376836206 6.98939089441 0.0 0.435 0.48 1
193 5.41800331709 9.00439558339 0.0 0.435 0.48 1
194 11.9544182267 12.505773505 0.0 0.435 0.48 1
195 12.6209612289 12.3864436051 0.0 0.435 0.48 1
196 11.9754647377 9.43231260427 0.0 0.435 0.48 1
197 12.0937461293 10.0218023096 0.0 0.435 0.48 1
198 10.8671554704 8.85427856937 0.0 0.435 0.48 1
199 13.4318832963 7.22423213733 0.0 0.435 0.48 1
200 10.2757485124 5.78129498826 0.0 0.435 0.48 1
201 14.4669507054 5.05958775393 0.0 0.435 0.48 1
263 3.71092081292 8.64568990442 0.0 0.435 0.48 1
290 13.6244588716 6.35145324977 0.0 0.435 0.48 1
362 4.60034636619 8.26789144147 0.0 0.435 0.48 1
363 5.13282309355 8.23066051272 0.0 0.435 0.48 1
366 9.82345899177 8.73494866951 0.0 0.435 0.48 1
367 14.6172227937 10.4635615988 0.0 0.435 0.48 1
368 14.9219762724 11.0260827468 0.0 0.435 0.48 1
401 12.2859007744 10.7377817087 0.0 0.435 0.48 1
402 13.2441484185 10.8838415061 0.0 0.435 0.48 1
