1 10.9782810483 6.47961356222 0.0 0.435 0.48 1
2 13.28539958 7.3309130678 0.0 0.435 0.48 1
3 7.48266604252 5.52043982717 0.0 0.435 0.48 1
4 2.88758130406 6.56648572932 0.0 0.435 0.48 1
5 10.1795659573 7.48055276222 0.0 0.435 0.48 1
6 12.9856972639 5.88702127953 0.0 0.435 0.48 1
7 11.8672856713 3.39231039313 0.0 0.435 0.48 1
8 12.3402007727 3.71999029813 0.0 0.435 0.48 1
9 14.047493742 8.83279918739 0.0 0.435 0.48 1
10 2.41971736536 8.47671876622 0.0 0.435 0.48 1
11 1.7775883159 7.79797029584 0.0 0.435 0.48 1
12 1.45515576795 8.08316875649 0.0 0.435 0.48 1
13 1.13819531285 7.60561049727 0.0 0.435 0.48 1
14 11.6597670733 9.60247704147 0.0 0.435 0.48 1
15 11.4821345207 9.19747136136 0.0 0.435 0.48 1
16 10.9993275592 9.52825384376 0.0 0.435 0.48 1
17 13.0488367968 2.01214077138 0.0 0.435 0.48 1
18 14.1480960644 3.96366195364 0.0 0.435 0.48 1
19 14.8523123212 4.64193310443 0.0 0.435 0.48 1
21 10.01203573 1.69782581516 0.0 0.435 0.48 1
22 9.56479737204 1.00428043719 0.0 0.435 0.48 1
23 1.73633715441 4.35148412818 0.0 0.435 0.48 1
24 0.917627877967 3.13121657224 0.0 0.435 0.48 1
25 10.7854950079 11.3014961556 0.0 0.435 0.48 1
74 12.9997984262 12.7146008297 0.0 0.435 0.48 1
75 0.355686035267 8.47480948782 0.0 0.435 0.48 1
213 3.61621151359 12.5091147422 0.0 0.435 0.48 1
214 3.1725510625 12.3134137064 0.0 0.435 0.48 1
215 4.18699289089 11.5926611113 0.0 0.435 0.48 1
216 3.84267197154 11.3556719302 0.0 0.435 0.48 1
217 7.8103602182 4.78894754105 0.0 0.435 0.48 1
218 3.00965106765 3.88156298254 0.0 0.435 0.48 1
219 7.27809395596 3.40686864091 0.0 0.435 0.48 1
220 8.08670090714 4.18012639198 0.0 0.435 0.48 1
273 14.729190232 8.33710278339 0.0 0.435 0.48 1
409 10.7202508239 3.92834030328 0.0 0.435 0.48 1
