142 8.69220902753 9.0745615645 0.0 0.435 0.48 1
155 14.8045367413 5.76816869927 0.0 0.435 0.48 1
156 3.40953477593 12.3766585533 0.0 0.435 0.48 1
158 3.68798011597 11.6926595674 0.0 0.435 0.48 1
160 12.4719519313 10.4688121144 0.0 0.435 0.48 1
161 0.794505788836 6.8316367668 0.0 0.435 0.48 1
162 7.10677535673 10.634919335 0.0 0.435 0.48 1
163 7.10698582183 9.9120188017 0.0 0.435 0.48 1
164 6.65196025482 9.06978836851 0.0 0.435 0.48 1
165 5.05873937496 7.82302957481 0.0 0.435 0.48 1
166 5.7637974922 7.39153265693 0.0 0.435 0.48 1
167 4.84722193979 7.19105842517 0.0 0.435 0.48 1
168 3.78205801997 5.93546921887 0.0 0.435 0.48 1
169 0.778720905614 7.30298987123 0.0 0.435 0.48 1
248 13.4238856221 5.47175322803 0.0 0.435 0.48 1
249 14.0138193244 4.73023723032 0.0 0.435 0.48 1
256 8.34851950352 5.43356766008 0.0 0.435 0.48 1
259 14.9781704567 11.4635461596 0.0 0.435 0.48 1
262 11.945368227 6.62113882345 0.0 0.435 0.48 1
278 13.6621321262 8.01896927037 0.0 0.435 0.48 1
279 13.2742449292 7.42399038969 0.0 0.435 0.48 1
280 14.1617762965 6.87340223175 0.0 0.435 0.48 1
281 14.7803332537 7.498690907 0.0 0.435 0.48 1
282 14.4052844283 3.81282896022 0.0 0.435 0.48 1
329 3.93569755 8.23376309011 0.0 0.435 0.48 1
331 3.50424407527 8.66931722459 0.0 0.435 0.48 1
332 3.99883708289 8.75881464948 0.0 0.435 0.48 1
333 6.69657885807 10.5769250037 0.0 0.435 0.48 1
334 0.907104622486 12.4103095851 0.0 0.435 0.48 1
335 9.60352295221 12.0895508143 0.0 0.435 0.48 1
358 12.6068600666 11.0738147067 0.0 0.435 0.48 1
360 13.8370286323 11.6401544114 0.0 0.435 0.48 1
361 13.5960460818 11.9687889556 0.0 0.435 0.48 1
398 14.8967204593 12.0380002975 0.0 0.435 0.48 1
399 14.8018006949 9.77478941686 0.0 0.435 0.48 1
