121 5.45336145551 7.31158162402 0.0 0.435 0.48 1
123 5.75348470183 7.93687029927 0.0 0.435 0.48 1
127 3.99946847821 11.2730956395 0.0 0.435 0.48 1
128 3.65788360529 10.7683301631 0.0 0.435 0.48 1
129 5.17912541766 8.72158372073 0.0 0.435 0.48 1
130 4.29033125972 9.7482981791 0.0 0.435 0.48 1
131 1.2703674017 13.5255668292 0.0 0.435 0.48 1
132 3.83656848336 9.38028476794 0.0 0.435 0.48 1
133 4.86784752053 9.5757471439 0.0 0.435 0.48 1
134 5.71854749364 10.7532945957 0.0 0.435 0.48 1
135 0.278655805144 6.17150376079 0.0 0.435 0.48 1
136 1.80663250103 5.5784341585 0.0 0.435 0.48 1
137 5.86503120993 5.43905683547 0.0 0.435 0.48 1
138 6.24828817456 5.97341612703 0.0 0.435 0.48 1
139 2.94251269767 6.33689500199 0.0 0.435 0.48 1
140 7.75079859218 6.8311594472 0.0 0.435 0.48 1
141 8.03597881572 6.38247902374 0.0 0.435 0.48 1
142 2.30080457843 7.61635018826 0.0 0.435 0.48 1
232 12.1206856633 7.86264710156 0.0 0.435 0.48 1
233 12.6824170409 7.47005173103 0.0 0.435 0.48 1
238 12.4020775149 8.38793732073 0.0 0.435 0.48 1
244 11.5785275409 13.1604173356 0.0 0.435 0.48 1
245 12.0668065953 13.0107776412 0.0 0.435 0.48 1
248 11.5404333561 5.18750940657 0.0 0.435 0.48 1
249 12.1592007784 4.69491557996 0.0 0.435 0.48 1
251 8.85826599903 12.2570899937 0.0 0.435 0.48 1
252 9.54269853553 11.4260765711 0.0 0.435 0.48 1
253 6.41224049496 7.14117852703 0.0 0.435 0.48 1
254 5.76674400374 6.94022697567 0.0 0.435 0.48 1
255 9.58079272037 4.02810009956 0.0 0.435 0.48 1
256 0.666753467294 8.00274040399 0.0 0.435 0.48 1
257 0.763146487502 7.43854863747 0.0 0.435 0.48 1
258 0.738732534786 6.85645738597 0.0 0.435 0.48 1
321 0.437977893131 3.998983604 0.0 0.435 0.48 1
322 1.72413017805 8.4098940223 0.0 0.435 0.48 1
324 4.7645091517 10.3726322151 0.0 0.435 0.48 1
325 4.57403822749 11.1771544 0.0 0.435 0.48 1
326 4.16110568241 10.4404115983 0.0 0.435 0.48 1
327 5.24584285742 9.56357549412 0.0 0.435 0.48 1
376 7.63672650276 8.08698731329 0.0 0.435 0.48 1
386 14.5212507037 9.67908683718 0.0 0.435 0.48 1
