51 12.5353019293 11.6131858541 0.0 0.435 0.48 1
55 0.631395328877 6.48939861401 0.0 0.435 0.48 1
56 0.745467418294 7.04810120514 0.0 0.435 0.48 1
58 0.746940674061 5.10994497166 0.0 0.435 0.48 1
59 1.15755810294 5.71590220314 0.0 0.435 0.48 1
62 11.8677066016 6.21326922574 0.0 0.435 0.48 1
63 11.3129205726 6.87244759255 0.0 0.435 0.48 1
64 11.8056193942 7.39200997652 0.0 0.435 0.48 1
65 12.4180728632 7.44546977166 0.0 0.435 0.48 1
66 12.1606740342 6.86075326236 0.0 0.435 0.48 1
67 10.8810461676 2.84005161659 0.0 0.435 0.48 1
68 13.4421960867 8.22564865692 0.0 0.435 0.48 1
69 13.9485751404 8.1621651502 0.0 0.435 0.48 1
70 14.5454541913 8.43733989927 0.0 0.435 0.48 1
71 14.4993623323 9.26787600227 0.0 0.435 0.48 1
72 5.16628704598 4.00256350099 0.0 0.435 0.48 1
98 8.59286949579 9.81154302602 0.0 0.435 0.48 1
99 9.05904971361 9.83278374819 0.0 0.435 0.48 1
103 4.48290683502 3.63526606924 0.0 0.435 0.48 1
104 5.92164632442 7.43759399827 0.0 0.435 0.48 1
105 0.380520918203 4.31854907581 0.0 0.435 0.48 1
222 12.2069763583 7.97123731043 0.0 0.435 0.48 1
232 6.31121724234 9.00821414018 0.0 0.435 0.48 1
233 7.2614672123 8.72206104033 0.0 0.435 0.48 1
236 12.6954658777 9.28100229126 0.0 0.435 0.48 1
237 12.7474507598 9.68839456937 0.0 0.435 0.48 1
320 7.74153812736 12.0780951439 0.0 0.435 0.48 1
340 12.27748217 8.52850794276 0.0 0.435 0.48 1
343 13.053046099 8.12397958225 0.0 0.435 0.48 1
345 7.48813813537 10.2723950993 0.0 0.435 0.48 1
346 7.73248812764 9.78696106665 0.0 0.435 0.48 1
347 10.451697344 8.70153629755 0.0 0.435 0.48 1
348 15.0181588275 12.5119786598 0.0 0.435 0.48 1
349 13.88059491 12.7890626872 0.0 0.435 0.48 1
376 14.2882658274 8.79604557824 0.0 0.435 0.48 1
412 0.774722068532 3.7514933917 0.0 0.435 0.48 1
413 1.40653832763 3.4128351359 0.0 0.435 0.48 1
414 0.179316273401 2.84673409098 0.0 0.435 0.48 1
421 8.67873926052 4.52952433876 0.0 0.435 0.48 1
422 8.77155437386 5.3328532246 0.0 0.435 0.48 1
423 10.0246636366 5.38273312274 0.0 0.435 0.48 1
424 11.882018229 3.98036813962 0.0 0.435 0.48 1
425 12.6868368082 4.21091350614 0.0 0.435 0.48 1
426 11.5781066107 5.45982023804 0.0 0.435 0.48 1
