142 9.28824621799 9.31632394161 0.0 0.435 0.48 1
150 3.27925687308 7.73830534591 0.0 0.435 0.48 1
151 3.04479874095 7.14762234162 0.0 0.435 0.48 1
152 4.15184521758 5.80969550442 0.0 0.435 0.48 1
153 3.52360686535 5.36841353475 0.0 0.435 0.48 1
154 4.47511962597 5.19729445836 0.0 0.435 0.48 1
155 13.4028391112 3.8314444246 0.0 0.435 0.48 1
156 10.38645316 6.34238417738 0.0 0.435 0.48 1
157 13.5409042231 9.7463889007 0.0 0.435 0.48 1
158 12.2701158912 5.92830942488 0.0 0.435 0.48 1
159 1.76622319998 6.26768366007 0.0 0.435 0.48 1
232 12.5565589054 7.93854091787 0.0 0.435 0.48 1
233 13.4015763205 8.17481411958 0.0 0.435 0.48 1
238 12.6411658794 8.38197082574 0.0 0.435 0.48 1
248 11.9333717158 5.36984549355 0.0 0.435 0.48 1
249 12.3315717032 4.93882589527 0.0 0.435 0.48 1
256 4.80491845275 4.48441763662 0.0 0.435 0.48 1
259 8.75366483954 8.59915124348 0.0 0.435 0.48 1
260 7.0537381491 6.46147541744 0.0 0.435 0.48 1
261 3.27041733847 4.67988001258 0.0 0.435 0.48 1
329 6.53620444453 9.51679817337 0.0 0.435 0.48 1
330 5.97720911336 9.4110718821 0.0 0.435 0.48 1
331 5.99930794988 10.2303909745 0.0 0.435 0.48 1
332 6.75445676321 10.3714389161 0.0 0.435 0.48 1
354 13.0221077279 6.37866046694 0.0 0.435 0.48 1
355 12.1690926385 6.62710531844 0.0 0.435 0.48 1
376 2.71289526307 12.5914523731 0.0 0.435 0.48 1
391 14.3747669874 6.48963727381 0.0 0.435 0.48 1
392 14.9493367367 6.23880582431 0.0 0.435 0.48 1
393 13.0519937734 10.9482796521 0.0 0.435 0.48 1
394 13.7378995657 12.1539889602 0.0 0.435 0.48 1
395 13.2443588836 10.4327744847 0.0 0.435 0.48 1
396 14.1285228092 9.64710642402 0.0 0.435 0.48 1
415 5.15639518583 2.21953613734 0.0 0.435 0.48 1
416 5.70739284283 2.22597995193 0.0 0.435 0.48 1
