64 8.99885669226 7.1631352286 0.0 0.435 0.48 1
65 9.02032413344 7.65668369441 0.0 0.435 0.48 1
66 9.03021599359 6.54619964634 0.0 0.435 0.48 1
67 5.52491959278 5.59394704548 0.0 0.435 0.48 1
68 12.150782174 12.800041038 0.0 0.435 0.48 1
69 12.5494030916 12.8680590809 0.0 0.435 0.48 1
70 10.0520241008 8.4927089728 0.0 0.435 0.48 1
71 10.0526554962 8.94067341687 0.0 0.435 0.48 1
72 7.04174163785 0.746527853504 0.0 0.435 0.48 1
103 6.249130035 0.563475787123 0.0 0.435 0.48 1
104 7.73290905786 7.85047545177 0.0 0.435 0.48 1
105 7.96231602735 2.93623151587 0.0 0.435 0.48 1
106 9.78220783028 5.7500305545 0.0 0.435 0.48 1
107 9.69970550731 6.45694088125 0.0 0.435 0.48 1
108 10.6114403622 6.77865429126 0.0 0.435 0.48 1
109 10.7690787293 7.53806977395 0.0 0.435 0.48 1
110 1.56586041561 7.73257751072 0.0 0.435 0.48 1
111 13.4802902715 6.65264191701 0.0 0.435 0.48 1
112 13.5512170135 5.97031354963 0.0 0.435 0.48 1
222 13.6524507312 7.05764759713 0.0 0.435 0.48 1
232 6.16683817714 9.07384558511 0.0 0.435 0.48 1
233 6.07907422642 8.43566928067 0.0 0.435 0.48 1
236 8.06944276815 8.73065279312 0.0 0.435 0.48 1
237 7.85034858903 9.36333992216 0.0 0.435 0.48 1
238 7.2309497714 7.62565792044 0.0 0.435 0.48 1
239 7.51570906473 3.8300124658 0.0 0.435 0.48 1
240 2.99681269596 12.0138956578 0.0 0.435 0.48 1
241 3.71576151044 12.0306018438 0.0 0.435 0.48 1
276 13.3727426005 9.42085693389 0.0 0.435 0.48 1
314 10.5064182725 10.3833719061 0.0 0.435 0.48 1
320 4.78239868602 12.0687874117 0.0 0.435 0.48 1
340 14.6723646524 7.09225326808 0.0 0.435 0.48 1
345 4.49237776496 10.9349147033 0.0 0.435 0.48 1
346 4.04619173255 10.7635569671 0.0 0.435 0.48 1
347 13.9929832786 8.37695896994 0.0 0.435 0.48 1
350 12.1265786864 11.9785740074 0.0 0.435 0.48 1
351 13.3224414393 13.1367900154 0.0 0.435 0.48 1
376 14.228072806 8.72945949412 0.0 0.435 0.48 1
421 3.09089059996 4.80255114963 0.0 0.435 0.48 1
422 2.87684758347 5.4972898266 0.0 0.435 0.48 1
423 4.01630568698 4.82617846981 0.0 0.435 0.48 1
424 14.2714286186 2.20640984835 0.0 0.435 0.48 1
425 8.55182879941 5.78654550385 0.0 0.435 0.48 1
426 6.57956025711 5.87031509355 0.0 0.435 0.48 1
