4 6.17504631641 6.87340223175 0.0 0.435 0.48 1
28 2.86358828156 5.22593363433 0.0 0.435 0.48 1
30 2.83033479424 4.77892382946 0.0 0.435 0.48 1
33 0.857645321724 13.2768833179 0.0 0.435 0.48 1
34 0.0593511609144 12.7845281511 0.0 0.435 0.48 1
37 5.97720911336 1.1694330186 0.0 0.435 0.48 1
38 11.463403126 6.92113419169 0.0 0.435 0.48 1
39 12.1840356613 7.38079296594 0.0 0.435 0.48 1
40 12.7712333172 11.7458807027 0.0 0.435 0.48 1
41 13.9155321182 2.11213922746 0.0 0.435 0.48 1
42 13.945839094 1.13077013104 0.0 0.435 0.48 1
43 14.8864076689 9.90223374991 0.0 0.435 0.48 1
75 6.70689164844 7.15764605321 0.0 0.435 0.48 1
80 14.1367309484 8.16884762459 0.0 0.435 0.48 1
81 14.4528495431 7.37792904834 0.0 0.435 0.48 1
82 12.2088705443 8.28793886465 0.0 0.435 0.48 1
83 8.39103345566 5.666022305 0.0 0.435 0.48 1
84 12.6457961118 8.5795811399 0.0 0.435 0.48 1
85 12.2650647285 9.00177032559 0.0 0.435 0.48 1
86 5.87260795388 3.15317327381 0.0 0.435 0.48 1
217 4.2396091683 6.28534448525 0.0 0.435 0.48 1
219 4.97686844731 5.15863157081 0.0 0.435 0.48 1
220 5.08168007191 5.95670994105 0.0 0.435 0.48 1
221 1.40001390923 8.0750543233 0.0 0.435 0.48 1
232 2.02046505241 4.39134031473 0.0 0.435 0.48 1
233 2.21346155793 3.70423875135 0.0 0.435 0.48 1
300 12.0684903161 9.69650900256 0.0 0.435 0.48 1
301 12.5279356505 9.39722961372 0.0 0.435 0.48 1
302 13.7160111943 12.0045879256 0.0 0.435 0.48 1
303 14.3747669874 11.1215466666 0.0 0.435 0.48 1
304 14.4677925659 11.6843064744 0.0 0.435 0.48 1
316 9.65403457852 8.61919866665 0.0 0.435 0.48 1
317 8.74377297939 9.01895383117 0.0 0.435 0.48 1
410 2.69269061255 0.188779901573 0.0 0.435 0.48 1
411 9.60836364973 4.71162176594 0.0 0.435 0.48 1
