203 9.0390555282 4.31091196222 0.0 0.435 0.48 1
204 3.23106036297 9.06262857452 0.0 0.435 0.48 1
205 8.82101367463 7.23282389012 0.0 0.435 0.48 1
206 9.00222413401 6.59918212188 0.0 0.435 0.48 1
207 11.2805089457 5.77556715307 0.0 0.435 0.48 1
208 4.93309170451 6.31064242402 0.0 0.435 0.48 1
209 4.57319636705 5.84644911358 0.0 0.435 0.48 1
210 4.33789637449 8.60440175907 0.0 0.435 0.48 1
211 4.04387661634 8.97360846923 0.0 0.435 0.48 1
212 13.4356716683 5.37533466895 0.0 0.435 0.48 1
264 5.35023355179 4.36055320056 0.0 0.435 0.48 1
265 4.60245101729 3.60949081087 0.0 0.435 0.48 1
266 6.87063350373 7.85405534877 0.0 0.435 0.48 1
267 3.09573129748 4.89037795593 0.0 0.435 0.48 1
268 0.670962769486 6.26338778368 0.0 0.435 0.48 1
269 0.834283694556 6.93139656308 0.0 0.435 0.48 1
270 0.380941848422 7.60919039426 0.0 0.435 0.48 1
292 14.6109088404 4.59014392789 0.0 0.435 0.48 1
337 8.32789392277 10.4587884028 0.0 0.435 0.48 1
371 13.3289658577 11.9403884395 0.0 0.435 0.48 1
372 12.7070414588 12.4630534008 0.0 0.435 0.48 1
374 13.6661309633 12.3227214386 0.0 0.435 0.48 1
403 12.8651007561 13.3475266186 0.0 0.435 0.48 1
434 11.6098868423 4.08704907009 0.0 0.435 0.48 1
