1 12.6375879726 6.9115877997 0.0 0.435 0.48 1
2 15.0693018492 7.20752595135 0.0 0.435 0.48 1
3 8.91593343907 6.46982851043 0.0 0.435 0.48 1
4 2.94377548833 6.57388418311 0.0 0.435 0.48 1
5 7.6899741755 8.25906102888 0.0 0.435 0.48 1
6 12.682627506 5.71518622374 0.0 0.435 0.48 1
7 10.4643252506 4.46126763604 0.0 0.435 0.48 1
8 11.1590705775 4.34575629298 0.0 0.435 0.48 1
9 13.9167949089 9.12921465864 0.0 0.435 0.48 1
10 3.18538943418 8.67814763718 0.0 0.435 0.48 1
11 2.6895336359 7.88341050413 0.0 0.435 0.48 1
12 2.36226039044 8.22946721372 0.0 0.435 0.48 1
13 2.04256388892 7.54045637195 0.0 0.435 0.48 1
14 11.828139161 9.68553065177 0.0 0.435 0.48 1
15 11.7050170718 9.16954816479 0.0 0.435 0.48 1
16 11.2838763875 9.77097086007 0.0 0.435 0.48 1
17 10.9500787236 3.52548256137 0.0 0.435 0.48 1
18 13.0808274934 4.31115062202 0.0 0.435 0.48 1
19 14.2112355972 4.40661454191 0.0 0.435 0.48 1
20 14.6384797698 4.001370202 0.0 0.435 0.48 1
21 10.9946973268 1.51787632618 0.0 0.435 0.48 1
22 10.3380461848 1.02456652017 0.0 0.435 0.48 1
23 2.93388362818 5.09777332188 0.0 0.435 0.48 1
24 3.05174408957 3.53455163376 0.0 0.435 0.48 1
25 10.1703054924 10.2862373676 0.0 0.435 0.48 1
74 12.9295030796 12.4162760801 0.0 0.435 0.48 1
75 1.16660810265 8.48602649841 0.0 0.435 0.48 1
76 1.03022671162 7.78030947066 0.0 0.435 0.48 1
213 2.63902200959 13.2396523891 0.0 0.435 0.48 1
214 2.28207318367 12.9988446512 0.0 0.435 0.48 1
215 3.28367664038 12.4952724738 0.0 0.435 0.48 1
216 3.08057780959 12.0926533917 0.0 0.435 0.48 1
217 7.9130671917 4.85887486237 0.0 0.435 0.48 1
218 2.01751854087 3.81163566122 0.0 0.435 0.48 1
219 7.25809977055 3.53550627296 0.0 0.435 0.48 1
220 7.9896764916 4.20232175335 0.0 0.435 0.48 1
273 14.3798181501 8.96668733503 0.0 0.435 0.48 1
274 14.9190297609 9.0793347605 0.0 0.435 0.48 1
409 10.0286624737 3.47250008583 0.0 0.435 0.48 1
