4 9.27709156718 6.46553263404 0.0 0.435 0.48 1
37 1.84914645317 3.7462428761 0.0 0.435 0.48 1
38 5.72338819116 7.52828472216 0.0 0.435 0.48 1
39 5.73727888839 8.21467030614 0.0 0.435 0.48 1
41 14.1291542045 2.57036604291 0.0 0.435 0.48 1
42 6.9377718737 6.62686665864 0.0 0.435 0.48 1
43 14.2442786195 8.92420589069 0.0 0.435 0.48 1
44 8.01093346768 8.68363681257 0.0 0.435 0.48 1
45 10.3443601381 6.10969087266 0.0 0.435 0.48 1
46 11.2986089451 6.38916149813 0.0 0.435 0.48 1
47 11.6517693991 6.92185017109 0.0 0.435 0.48 1
48 12.7668135499 2.68444542718 0.0 0.435 0.48 1
49 13.2515146974 3.3321681236 0.0 0.435 0.48 1
75 9.36864388987 7.01134759598 0.0 0.435 0.48 1
83 6.07823236599 0.363717534763 0.0 0.435 0.48 1
86 13.2609856273 3.86247019856 0.0 0.435 0.48 1
87 5.23132076485 6.77173315707 0.0 0.435 0.48 1
88 3.25379059481 6.89010841773 0.0 0.435 0.48 1
89 0.712213930973 7.54284296994 0.0 0.435 0.48 1
90 0.327694175687 6.71278418654 0.0 0.435 0.48 1
221 2.84654060769 7.96073627924 0.0 0.435 0.48 1
222 13.3087612072 11.5833533791 0.0 0.435 0.48 1
223 11.3276531303 11.5909904927 0.0 0.435 0.48 1
224 10.9020926786 11.684783794 0.0 0.435 0.48 1
225 11.9649414822 12.0974265877 0.0 0.435 0.48 1
226 11.6665019568 11.7840662707 0.0 0.435 0.48 1
232 5.18270332453 4.6657990844 0.0 0.435 0.48 1
233 5.28183239116 3.87034597195 0.0 0.435 0.48 1
234 3.86056150586 3.43335987868 0.0 0.435 0.48 1
235 5.56974866113 10.9869425396 0.0 0.435 0.48 1
275 12.9524437766 11.0976806867 0.0 0.435 0.48 1
300 8.87573460313 8.19772546036 0.0 0.435 0.48 1
301 8.67810786519 7.57339142431 0.0 0.435 0.48 1
302 11.5545345184 11.3602064664 0.0 0.435 0.48 1
306 14.3370937328 11.0201162518 0.0 0.435 0.48 1
307 14.5416658194 11.5773868841 0.0 0.435 0.48 1
312 14.47579024 12.0714126695 0.0 0.435 0.48 1
316 8.12689974308 7.64284142602 0.0 0.435 0.48 1
317 7.32944744271 7.71467802574 0.0 0.435 0.48 1
340 13.054940285 12.2535100967 0.0 0.435 0.48 1
410 2.73394177404 -0.0138422683834 0.0 0.435 0.48 1
411 11.7635263723 7.98269298082 0.0 0.435 0.48 1
