142 9.10219506108 8.94043475707 0.0 0.435 0.48 1
155 13.7530530536 5.32259085321 0.0 0.435 0.48 1
156 5.22732192777 8.10703473647 0.0 0.435 0.48 1
158 4.4538626499 7.20943522974 0.0 0.435 0.48 1
159 9.33370668167 8.28507494705 0.0 0.435 0.48 1
160 12.2324426365 10.7031760377 0.0 0.435 0.48 1
161 8.58950205404 4.08681041029 0.0 0.435 0.48 1
162 3.32071849967 8.64736052302 0.0 0.435 0.48 1
163 2.56599061655 7.79248112044 0.0 0.435 0.48 1
164 2.26144760293 8.34808113418 0.0 0.435 0.48 1
165 0.675803467008 8.08794195249 0.0 0.435 0.48 1
166 0.428927893417 7.3287651296 0.0 0.435 0.48 1
238 15.0295239435 7.1648058472 0.0 0.435 0.48 1
248 12.0263972942 5.44884188726 0.0 0.435 0.48 1
249 12.5618205331 4.90135630672 0.0 0.435 0.48 1
256 8.29969159808 5.37700528754 0.0 0.435 0.48 1
259 13.0296844718 9.77502807666 0.0 0.435 0.48 1
260 13.9178472344 7.55191204233 0.0 0.435 0.48 1
262 0.693693001326 6.2428630409 0.0 0.435 0.48 1
329 6.42949863395 9.2447260017 0.0 0.435 0.48 1
330 0.215516272257 6.831398107 0.0 0.435 0.48 1
331 5.82988353663 9.60605693847 0.0 0.435 0.48 1
332 6.64206839467 10.1871935508 0.0 0.435 0.48 1
334 4.40461381424 11.9043508097 0.0 0.435 0.48 1
358 12.3079996109 11.3888456423 0.0 0.435 0.48 1
359 11.9123252048 9.99984560799 0.0 0.435 0.48 1
393 11.6502961433 13.0589869207 0.0 0.435 0.48 1
395 10.8360066342 13.0964565093 0.0 0.435 0.48 1
396 4.3970370703 8.25762907009 0.0 0.435 0.48 1
397 14.8464192981 8.62086928525 0.0 0.435 0.48 1
