4 6.03719166961 6.84094449899 0.0 0.435 0.48 1
28 3.93338243379 4.7440794987 0.0 0.435 0.48 1
30 3.75995918346 4.25578154849 0.0 0.435 0.48 1
33 2.04151156337 12.8518302146 0.0 0.435 0.48 1
34 1.42106042019 12.3050606134 0.0 0.435 0.48 1
37 7.26020442164 0.799033009441 0.0 0.435 0.48 1
38 12.5037321629 6.53927851215 0.0 0.435 0.48 1
39 13.1441774914 6.65311923661 0.0 0.435 0.48 1
40 13.2921344635 11.128229141 0.0 0.435 0.48 1
41 14.2078681555 2.17920263118 0.0 0.435 0.48 1
74 14.2846879205 13.0286771262 0.0 0.435 0.48 1
75 6.54735909534 7.20490069355 0.0 0.435 0.48 1
76 14.0685402529 2.81618563662 0.0 0.435 0.48 1
77 14.539140238 8.21443164634 0.0 0.435 0.48 1
78 14.7702309284 8.67194248239 0.0 0.435 0.48 1
80 13.5316437583 7.55787853733 0.0 0.435 0.48 1
81 13.9563623495 6.98700429641 0.0 0.435 0.48 1
82 12.1227903144 8.62039196565 0.0 0.435 0.48 1
83 9.58479155746 6.47484036623 0.0 0.435 0.48 1
84 12.5971786715 9.11179249326 0.0 0.435 0.48 1
85 12.1909810099 9.42276621229 0.0 0.435 0.48 1
86 4.61718357496 3.20448513075 0.0 0.435 0.48 1
217 5.28519983292 5.51113209498 0.0 0.435 0.48 1
219 6.20956259439 5.15314239541 0.0 0.435 0.48 1
220 6.07696957533 5.78439756565 0.0 0.435 0.48 1
221 0.914891831542 8.160017212 0.0 0.435 0.48 1
232 1.5086139058 4.3333459834 0.0 0.435 0.48 1
233 1.41327321114 3.63049287324 0.0 0.435 0.48 1
300 12.5479298359 10.1000827239 0.0 0.435 0.48 1
301 13.0231600534 9.83803426379 0.0 0.435 0.48 1
302 14.1752460635 11.3544786312 0.0 0.435 0.48 1
303 14.7209820928 11.1678466678 0.0 0.435 0.48 1
316 9.5092345831 8.70129763775 0.0 0.435 0.48 1
317 8.75534856042 9.20009661915 0.0 0.435 0.48 1
410 2.6851138686 0.226965469527 0.0 0.435 0.48 1
411 9.22384389445 4.17964907238 0.0 0.435 0.48 1
