3 13.2186821403 8.86119970356 0.0 0.435 0.48 1
4 3.12603827327 6.59822748268 0.0 0.435 0.48 1
5 2.98860455668 12.359236388 0.0 0.435 0.48 1
7 6.16494399115 6.53832387295 0.0 0.435 0.48 1
8 7.02595675463 6.76027748668 0.0 0.435 0.48 1
9 12.7571321548 12.0919374123 0.0 0.435 0.48 1
10 6.69152769543 8.43662391987 0.0 0.435 0.48 1
11 7.24231488732 8.05643885893 0.0 0.435 0.48 1
12 6.14705445683 8.26431154448 0.0 0.435 0.48 1
13 6.39435096064 7.5824604967 0.0 0.435 0.48 1
14 13.6911763114 10.2074796337 0.0 0.435 0.48 1
15 14.2484879216 9.37933012874 0.0 0.435 0.48 1
16 13.2050019081 10.3824172669 0.0 0.435 0.48 1
17 5.3853812251 6.15074035822 0.0 0.435 0.48 1
19 12.0261868291 4.25387227009 0.0 0.435 0.48 1
20 11.7896240459 3.81855679542 0.0 0.435 0.48 1
22 15.1166564989 0.894974248925 0.0 0.435 0.48 1
23 7.35070441878 7.3280491502 0.0 0.435 0.48 1
24 11.305975224 3.48133049842 0.0 0.435 0.48 1
25 6.42528933176 9.03494403775 0.0 0.435 0.48 1
26 11.0321601164 9.05594610013 0.0 0.435 0.48 1
27 12.6279065775 2.57752583691 0.0 0.435 0.48 1
28 13.5653181758 2.97775832102 0.0 0.435 0.48 1
29 12.7834402935 3.27990162746 0.0 0.435 0.48 1
30 14.0386542074 2.64912377682 0.0 0.435 0.48 1
31 15.1151832431 4.54981042174 0.0 0.435 0.48 1
74 12.1768798476 11.9162837997 0.0 0.435 0.48 1
75 3.61600104848 8.51633629297 0.0 0.435 0.48 1
76 3.97547545572 8.10393215907 0.0 0.435 0.48 1
77 1.08978833764 7.29320481944 0.0 0.435 0.48 1
78 1.09041973297 7.88794504033 0.0 0.435 0.48 1
217 6.41118816941 5.06125837252 0.0 0.435 0.48 1
219 8.2365520652 3.71999029813 0.0 0.435 0.48 1
220 7.17307186626 4.50637433819 0.0 0.435 0.48 1
273 12.8209030831 12.8604219674 0.0 0.435 0.48 1
274 14.775282091 11.2611626495 0.0 0.435 0.48 1
409 8.51857531209 2.69685573676 0.0 0.435 0.48 1
