203 9.146182269 4.28060216766 0.0 0.435 0.48 1
204 6.79191955273 6.81564656022 0.0 0.435 0.48 1
205 11.80709265 8.92587650928 0.0 0.435 0.48 1
206 11.8763356711 8.35905948496 0.0 0.435 0.48 1
208 9.22489622 3.65722277081 0.0 0.435 0.48 1
209 8.78291948978 3.09875883948 0.0 0.435 0.48 1
210 7.26757070048 11.2482750203 0.0 0.435 0.48 1
264 7.54517418008 1.06108146953 0.0 0.435 0.48 1
265 6.65701141746 0.799033009441 0.0 0.435 0.48 1
266 9.88701945488 8.9955651708 0.0 0.435 0.48 1
267 7.36185906959 3.67536091559 0.0 0.435 0.48 1
268 3.75680220682 6.73020635192 0.0 0.435 0.48 1
269 4.16847196124 7.36384812016 0.0 0.435 0.48 1
270 2.02299063372 7.51229451558 0.0 0.435 0.48 1
271 1.81336738453 6.77793831186 0.0 0.435 0.48 1
292 12.3911333292 5.37581198855 0.0 0.435 0.48 1
293 11.0380531394 4.65816197081 0.0 0.435 0.48 1
294 10.8078043095 4.09253824549 0.0 0.435 0.48 1
295 12.3587217023 4.7502846535 0.0 0.435 0.48 1
296 12.6647379717 9.26906930127 0.0 0.435 0.48 1
297 12.9610728461 7.62923781744 0.0 0.435 0.48 1
337 11.0241624422 11.4222580143 0.0 0.435 0.48 1
371 13.627194918 12.4964657728 0.0 0.435 0.48 1
372 15.0093192929 11.8986229745 0.0 0.435 0.48 1
375 12.6761030876 12.4444379365 0.0 0.435 0.48 1
404 13.4550344584 11.1931446066 0.0 0.435 0.48 1
405 14.4000228006 10.9878971788 0.0 0.435 0.48 1
434 14.5770239578 0.477319599427 0.0 0.435 0.48 1
