203 11.4440403359 4.26294134248 0.0 0.435 0.48 1
204 14.1188414141 4.78441300486 0.0 0.435 0.48 1
205 14.2653251304 11.2857446088 0.0 0.435 0.48 1
206 14.5702890743 10.9026956303 0.0 0.435 0.48 1
268 9.39726714478 8.32922701 0.0 0.435 0.48 1
269 8.91088227644 8.93136568468 0.0 0.435 0.48 1
270 5.56722307981 4.51234083318 0.0 0.435 0.48 1
271 4.69168822377 3.74099236051 0.0 0.435 0.48 1
272 1.93543714812 7.61229297166 0.0 0.435 0.48 1
292 9.44104388758 5.97413210643 0.0 0.435 0.48 1
293 4.70242194436 7.97815844462 0.0 0.435 0.48 1
294 4.59319055247 7.4142053379 0.0 0.435 0.48 1
296 6.4175021227 9.324199715 0.0 0.435 0.48 1
297 6.85190210897 7.27458935507 0.0 0.435 0.48 1
298 14.0790635084 5.96076715764 0.0 0.435 0.48 1
299 14.0205542079 5.42545322689 0.0 0.435 0.48 1
338 3.93927545686 11.2945750214 0.0 0.435 0.48 1
339 3.93190917802 12.008883802 0.0 0.435 0.48 1
375 11.8241403239 11.0802585213 0.0 0.435 0.48 1
404 11.2462031328 13.0434740337 0.0 0.435 0.48 1
405 11.570950797 12.7745044395 0.0 0.435 0.48 1
406 12.5199379763 10.3349239668 0.0 0.435 0.48 1
407 13.8427111903 11.953992048 0.0 0.435 0.48 1
408 14.8323181357 10.1268126214 0.0 0.435 0.48 1
434 10.8073833793 5.25839136709 0.0 0.435 0.48 1
