121 4.96424054074 6.94285223346 0.0 0.435 0.48 1
123 5.42957889812 7.94737133046 0.0 0.435 0.48 1
127 3.41711151988 12.2062554563 0.0 0.435 0.48 1
128 2.82696735249 11.8017270958 0.0 0.435 0.48 1
129 3.72691616125 9.78600642745 0.0 0.435 0.48 1
130 3.98347312988 10.6146332521 0.0 0.435 0.48 1
132 3.43373826354 10.9377786209 0.0 0.435 0.48 1
133 4.39219637278 10.2996023164 0.0 0.435 0.48 1
134 4.22382428507 11.9286941093 0.0 0.435 0.48 1
137 3.95484987497 5.27056301687 0.0 0.435 0.48 1
138 4.03209057021 5.86840581515 0.0 0.435 0.48 1
140 5.73706842328 6.38772953933 0.0 0.435 0.48 1
141 5.77705679411 5.71112900714 0.0 0.435 0.48 1
142 5.46767308296 8.38936927953 0.0 0.435 0.48 1
143 12.5914961136 11.7580523525 0.0 0.435 0.48 1
144 13.1475449332 11.7807250335 0.0 0.435 0.48 1
232 12.1608844993 7.86956823575 0.0 0.435 0.48 1
233 12.7032530868 7.47005173103 0.0 0.435 0.48 1
238 12.4262810025 8.39796103232 0.0 0.435 0.48 1
248 11.576633355 5.20445425235 0.0 0.435 0.48 1
249 12.1707763594 4.80207383003 0.0 0.435 0.48 1
252 8.53309740466 12.2308374157 0.0 0.435 0.48 1
253 8.64085554079 7.26432698368 0.0 0.435 0.48 1
254 7.93200905157 7.64498936422 0.0 0.435 0.48 1
255 13.6697088702 4.17344391759 0.0 0.435 0.48 1
256 0.80355578855 7.31611616022 0.0 0.435 0.48 1
257 2.46538829415 7.87911462774 0.0 0.435 0.48 1
258 2.49443247928 7.28843162345 0.0 0.435 0.48 1
277 13.930475141 8.68721670957 0.0 0.435 0.48 1
324 5.46788354807 9.88051570814 0.0 0.435 0.48 1
325 4.70747310699 10.3912476795 0.0 0.435 0.48 1
326 3.80794522845 11.4621142008 0.0 0.435 0.48 1
327 4.67232543369 8.89508939512 0.0 0.435 0.48 1
376 7.60515673632 8.05118834333 0.0 0.435 0.48 1
386 14.8068518575 10.8413600618 0.0 0.435 0.48 1
