179 3.7673254623 8.75523475249 0.0 0.435 0.48 1
181 11.9655728775 12.5518348463 0.0 0.435 0.48 1
183 11.7906763714 3.90208772531 0.0 0.435 0.48 1
184 12.0270286896 3.03742327095 0.0 0.435 0.48 1
185 2.61797549863 6.36815943575 0.0 0.435 0.48 1
186 13.8816472356 6.02281870557 0.0 0.435 0.48 1
187 11.3106054564 9.46333837824 0.0 0.435 0.48 1
189 2.00573249473 5.36722023576 0.0 0.435 0.48 1
190 1.41011623449 4.18179701058 0.0 0.435 0.48 1
191 14.4063367539 2.49399490701 0.0 0.435 0.48 1
362 5.21385216075 8.50130072559 0.0 0.435 0.48 1
363 5.34623471471 7.93114246408 0.0 0.435 0.48 1
365 12.7388216903 12.5654384549 0.0 0.435 0.48 1
417 13.5872065472 3.665337204 0.0 0.435 0.48 1
418 13.7322170077 1.18661652418 0.0 0.435 0.48 1
