121 5.55943587076 7.497497608 0.0 0.435 0.48 1
122 1.68098483058 12.2730802003 0.0 0.435 0.48 1
123 5.7745312128 7.9082311233 0.0 0.435 0.48 1
124 1.82767901199 12.8945503187 0.0 0.435 0.48 1
127 4.38167311729 10.1974559222 0.0 0.435 0.48 1
128 4.7775579885 8.86072238396 0.0 0.435 0.48 1
129 6.31395328877 8.31633938081 0.0 0.435 0.48 1
130 5.4051649454 9.18625435077 0.0 0.435 0.48 1
131 2.93304176774 12.2621018495 0.0 0.435 0.48 1
132 5.50366261671 8.71108268954 0.0 0.435 0.48 1
133 5.77200563148 9.40319610871 0.0 0.435 0.48 1
134 6.56314397856 9.13995434963 0.0 0.435 0.48 1
135 2.19388830274 6.47173778883 0.0 0.435 0.48 1
136 4.0844963825 6.05694705693 0.0 0.435 0.48 1
137 8.03682067616 5.78081766866 0.0 0.435 0.48 1
138 8.3962950834 6.45932747924 0.0 0.435 0.48 1
139 6.67174397513 6.55073418253 0.0 0.435 0.48 1
140 10.2536496758 7.05311306093 0.0 0.435 0.48 1
141 10.7882310543 6.4998996452 0.0 0.435 0.48 1
232 12.0804868274 7.85548730757 0.0 0.435 0.48 1
233 12.6615809951 7.47005173103 0.0 0.435 0.48 1
238 12.3778740273 8.37791360914 0.0 0.435 0.48 1
244 11.8851752057 12.1239178254 0.0 0.435 0.48 1
245 12.455956583 12.0098384412 0.0 0.435 0.48 1
248 11.5042333572 5.17080322059 0.0 0.435 0.48 1
249 12.1503612438 4.53358155536 0.0 0.435 0.48 1
251 9.20153459283 10.8191647004 0.0 0.435 0.48 1
252 8.3809311304 10.2196512835 0.0 0.435 0.48 1
253 4.51805450833 7.53377389755 0.0 0.435 0.48 1
254 3.81594290262 7.03688419455 0.0 0.435 0.48 1
255 5.15134402319 4.59849702088 0.0 0.435 0.48 1
321 2.09181272457 4.02237226437 0.0 0.435 0.48 1
322 4.02240917516 8.8304125894 0.0 0.435 0.48 1
323 11.6597670733 13.2143544503 0.0 0.435 0.48 1
324 4.41976730214 11.1721425442 0.0 0.435 0.48 1
325 4.39808939584 11.7208214237 0.0 0.435 0.48 1
326 5.74233005102 9.84543271758 0.0 0.435 0.48 1
327 5.78294981718 10.2962610792 0.0 0.435 0.48 1
376 7.89854509914 8.18984968697 0.0 0.435 0.48 1
386 14.5220925642 7.86503369956 0.0 0.435 0.48 1
