4 9.50018458339 6.57388418311 0.0 0.435 0.48 1
37 1.55154878816 3.72142225693 0.0 0.435 0.48 1
38 5.33360680813 7.67386719999 0.0 0.435 0.48 1
39 5.36159866771 8.31275948382 0.0 0.435 0.48 1
41 14.1697739706 2.63599748784 0.0 0.435 0.48 1
42 6.65069746417 7.02447388497 0.0 0.435 0.48 1
43 14.2724809441 8.96095949984 0.0 0.435 0.48 1
44 7.67145324585 8.85929042516 0.0 0.435 0.48 1
45 10.0181392182 6.06195891272 0.0 0.435 0.48 1
46 11.0338438372 6.37364861115 0.0 0.435 0.48 1
47 11.3396496415 6.88915377853 0.0 0.435 0.48 1
48 12.5142554183 2.69399181917 0.0 0.435 0.48 1
49 12.9497077301 3.29016399885 0.0 0.435 0.48 1
75 9.56584969759 7.12113110385 0.0 0.435 0.48 1
83 6.05718585502 0.368490730758 0.0 0.435 0.48 1
86 13.5644763154 4.10494855507 0.0 0.435 0.48 1
87 5.62867889183 6.5772254203 0.0 0.435 0.48 1
88 3.76374755543 6.80991872502 0.0 0.435 0.48 1
89 1.05569298988 7.61205431186 0.0 0.435 0.48 1
90 0.657282537361 6.77626769326 0.0 0.435 0.48 1
221 3.08331385601 7.96837339283 0.0 0.435 0.48 1
222 13.306446091 11.5807281213 0.0 0.435 0.48 1
223 11.4972880086 11.5112781196 0.0 0.435 0.48 1
224 11.0599415108 11.672850804 0.0 0.435 0.48 1
225 12.070174037 11.9912229768 0.0 0.435 0.48 1
226 11.8327693934 11.6487461642 0.0 0.435 0.48 1
232 5.57732540508 4.60613413447 0.0 0.435 0.48 1
233 5.53796842958 3.90161040572 0.0 0.435 0.48 1
234 4.36167893188 3.29684647324 0.0 0.435 0.48 1
235 5.9079660923 10.8420760412 0.0 0.435 0.48 1
275 12.7501868062 11.3363404864 0.0 0.435 0.48 1
300 8.7570322813 8.19152030556 0.0 0.435 0.48 1
301 8.52636252115 7.59988266208 0.0 0.435 0.48 1
302 11.4177321972 11.2766755365 0.0 0.435 0.48 1
306 14.4137030327 10.9260842907 0.0 0.435 0.48 1
307 14.5345100056 11.4704672938 0.0 0.435 0.48 1
312 14.3074181523 11.8804848297 0.0 0.435 0.48 1
316 8.18709276443 7.35859760456 0.0 0.435 0.48 1
317 7.38206372012 7.48795121601 0.0 0.435 0.48 1
340 13.0698833077 12.2029142191 0.0 0.435 0.48 1
410 2.78445340035 -0.0310257739627 0.0 0.435 0.48 1
411 11.9662042729 8.1595398924 0.0 0.435 0.48 1
