142 9.00895901752 8.92086465349 0.0 0.435 0.48 1
155 13.79409375 5.45075116566 0.0 0.435 0.48 1
156 5.16165681357 8.30846360742 0.0 0.435 0.48 1
158 4.51847543855 7.45716410185 0.0 0.435 0.48 1
159 9.51681132705 8.58602495449 0.0 0.435 0.48 1
160 12.2029775212 10.7086652131 0.0 0.435 0.48 1
161 7.99009742182 4.39778412932 0.0 0.435 0.48 1
162 3.66356616325 8.78005537166 0.0 0.435 0.48 1
163 2.8052894462 7.7495223565 0.0 0.435 0.48 1
164 2.54452317537 8.43877185807 0.0 0.435 0.48 1
165 0.97213834136 8.07028112731 0.0 0.435 0.48 1
166 0.650758118962 7.39964709012 0.0 0.435 0.48 1
248 12.0312379917 5.45313776365 0.0 0.435 0.48 1
249 12.5742379746 4.89920836852 0.0 0.435 0.48 1
256 8.32157996948 5.37509600915 0.0 0.435 0.48 1
259 13.1445984217 9.96285333904 0.0 0.435 0.48 1
260 14.0529658348 7.78198008926 0.0 0.435 0.48 1
262 1.09041973297 6.17842489498 0.0 0.435 0.48 1
329 6.4240265411 9.23040641372 0.0 0.435 0.48 1
331 5.82567423443 9.59555590728 0.0 0.435 0.48 1
332 6.6361753716 10.1776471588 0.0 0.435 0.48 1
334 4.20109405324 11.858766788 0.0 0.435 0.48 1
358 12.3395693773 11.3530466724 0.0 0.435 0.48 1
359 12.0545996189 9.44520023346 0.0 0.435 0.48 1
393 11.5278054495 13.124141046 0.0 0.435 0.48 1
395 10.7621333807 13.188579192 0.0 0.435 0.48 1
396 3.91465103903 8.13829917023 0.0 0.435 0.48 1
397 14.8121134852 8.98148424262 0.0 0.435 0.48 1
