45 1.5130336731 5.76936199827 0.0 0.435 0.48 1
46 1.78895343182 6.39608263232 0.0 0.435 0.48 1
47 2.02551621504 6.93235120228 0.0 0.435 0.48 1
50 12.9356065678 3.15365059341 0.0 0.435 0.48 1
51 7.11856140286 0.00262525779685 0.0 0.435 0.48 1
52 3.20159524762 7.87577339054 0.0 0.435 0.48 1
53 3.07699990273 7.25478059169 0.0 0.435 0.48 1
54 4.41492660461 10.3177404612 0.0 0.435 0.48 1
55 7.84508696129 6.80777078683 0.0 0.435 0.48 1
56 8.11616602249 7.45525482345 0.0 0.435 0.48 1
57 8.4859532201 6.25765994849 0.0 0.435 0.48 1
58 11.8439240442 1.64675261802 0.0 0.435 0.48 1
59 12.4018670498 1.96584077024 0.0 0.435 0.48 1
60 14.4850507049 0.760370121887 0.0 0.435 0.48 1
61 14.7100379071 1.52264952217 0.0 0.435 0.48 1
93 11.7776275346 12.7587528927 0.0 0.435 0.48 1
96 8.89614971876 8.21562494534 0.0 0.435 0.48 1
97 7.63377999123 4.44336815107 0.0 0.435 0.48 1
98 3.38575221855 8.24116154391 0.0 0.435 0.48 1
99 2.56304410502 7.86121514276 0.0 0.435 0.48 1
100 3.44889175143 5.04025631015 0.0 0.435 0.48 1
101 4.35452311815 4.00948463519 0.0 0.435 0.48 1
222 12.7752321543 10.5726291273 0.0 0.435 0.48 1
225 2.28207318367 8.59175278968 0.0 0.435 0.48 1
229 14.7872786023 4.9163918741 0.0 0.435 0.48 1
231 4.85122077687 9.04520640914 0.0 0.435 0.48 1
232 9.38695435441 9.15045538081 0.0 0.435 0.48 1
233 8.80586018673 9.03566001715 0.0 0.435 0.48 1
313 12.3033693785 13.0964565093 0.0 0.435 0.48 1
340 13.4283053894 10.4828930426 0.0 0.435 0.48 1
343 13.5600565481 9.9077229253 0.0 0.435 0.48 1
376 14.314363501 9.42252755249 0.0 0.435 0.48 1
