203 9.08199041056 4.29874031244 0.0 0.435 0.48 1
204 4.06765917373 8.19032700657 0.0 0.435 0.48 1
205 10.0918020065 7.94259813446 0.0 0.435 0.48 1
206 10.1549415394 7.31993471701 0.0 0.435 0.48 1
207 11.1087694163 5.77556715307 0.0 0.435 0.48 1
208 6.86116257379 5.44144343347 0.0 0.435 0.48 1
209 6.35078468295 5.13715218883 0.0 0.435 0.48 1
210 5.7724265617 9.43064198568 0.0 0.435 0.48 1
211 5.44346959535 9.66786982659 0.0 0.435 0.48 1
212 14.6700495362 5.94573159026 0.0 0.435 0.48 1
264 6.28996026627 2.79231965665 0.0 0.435 0.48 1
265 5.37527889984 2.19089696137 0.0 0.435 0.48 1
266 8.5448834508 8.32015793761 0.0 0.435 0.48 1
267 4.82196612663 5.02593672217 0.0 0.435 0.48 1
268 1.88871389378 6.54238108954 0.0 0.435 0.48 1
269 2.09454877099 7.17817079598 0.0 0.435 0.48 1
270 0.906683692267 7.56360637252 0.0 0.435 0.48 1
271 0.723579046893 6.82185171501 0.0 0.435 0.48 1
292 13.9748832791 5.21185270614 0.0 0.435 0.48 1
293 13.5394309673 3.5782263771 0.0 0.435 0.48 1
294 13.5701588733 2.89231811273 0.0 0.435 0.48 1
295 14.1537786223 4.53740011215 0.0 0.435 0.48 1
296 14.8916692967 8.10870535506 0.0 0.435 0.48 1
337 10.3180519994 10.835154907 0.0 0.435 0.48 1
371 13.2494100463 12.0814363811 0.0 0.435 0.48 1
372 13.5825763148 12.4558936068 0.0 0.435 0.48 1
373 13.9237402575 12.7050544377 0.0 0.435 0.48 1
374 14.4118088467 11.8136600858 0.0 0.435 0.48 1
375 13.6802321257 13.2618477505 0.0 0.435 0.48 1
434 13.2593019064 2.00617427639 0.0 0.435 0.48 1
