142 9.22973691752 9.44901879025 0.0 0.435 0.48 1
145 1.92470342753 5.52616766236 0.0 0.435 0.48 1
146 4.77061263988 4.87367176995 0.0 0.435 0.48 1
147 5.22711146266 5.18750940657 0.0 0.435 0.48 1
148 6.14894864282 5.75098519369 0.0 0.435 0.48 1
149 6.03298236742 6.36648881716 0.0 0.435 0.48 1
150 12.5858135556 6.21493984434 0.0 0.435 0.48 1
151 12.5294089062 5.65552127381 0.0 0.435 0.48 1
152 14.6123820962 3.7507774123 0.0 0.435 0.48 1
232 12.40228798 7.9115723605 0.0 0.435 0.48 1
233 13.0522042385 7.7449878203 0.0 0.435 0.48 1
238 12.5717123933 8.45786464204 0.0 0.435 0.48 1
248 11.7942542783 5.30540734763 0.0 0.435 0.48 1
249 12.2688531005 4.88560475993 0.0 0.435 0.48 1
256 4.55172892587 4.0846624721 0.0 0.435 0.48 1
259 6.98975675577 9.18816362917 0.0 0.435 0.48 1
324 11.8889635776 6.75860686809 0.0 0.435 0.48 1
325 11.7151193971 7.29511409784 0.0 0.435 0.48 1
328 8.43081136138 8.11753576765 0.0 0.435 0.48 1
329 6.63870095292 10.6294301596 0.0 0.435 0.48 1
354 11.7595275352 8.17529143918 0.0 0.435 0.48 1
355 11.6774461425 8.91895537509 0.0 0.435 0.48 1
376 4.97497426133 8.36788989755 0.0 0.435 0.48 1
387 12.0329217126 12.1525570014 0.0 0.435 0.48 1
388 12.8356356407 11.9871657602 0.0 0.435 0.48 1
389 12.7411368065 10.5816981997 0.0 0.435 0.48 1
390 14.0405483933 10.4762105682 0.0 0.435 0.48 1
391 14.2716390837 11.2993482174 0.0 0.435 0.48 1
392 14.567763493 10.7420775851 0.0 0.435 0.48 1
