142 9.29582296194 9.29914043603 0.0 0.435 0.48 1
150 2.31722085698 7.67004864319 0.0 0.435 0.48 1
151 2.20041272113 7.25048471529 0.0 0.435 0.48 1
152 3.16034408614 5.90730736251 0.0 0.435 0.48 1
153 2.60808363848 5.42664652588 0.0 0.435 0.48 1
154 3.14329641226 5.06579290872 0.0 0.435 0.48 1
155 13.3693751587 3.87583514735 0.0 0.435 0.48 1
156 9.25415087023 6.47388572703 0.0 0.435 0.48 1
157 13.517753061 10.7716714003 0.0 0.435 0.48 1
158 10.7101484986 5.96052849784 0.0 0.435 0.48 1
159 2.65249177661 6.52591356336 0.0 0.435 0.48 1
232 12.5767635559 7.94212081486 0.0 0.435 0.48 1
233 13.4259902732 8.18794040857 0.0 0.435 0.48 1
238 12.6483216932 8.36287804176 0.0 0.435 0.48 1
248 11.9481042734 5.38225580314 0.0 0.435 0.48 1
249 12.3631414696 4.93524599827 0.0 0.435 0.48 1
256 6.11969399258 4.9970588864 0.0 0.435 0.48 1
259 9.47997993286 8.45547804405 0.0 0.435 0.48 1
260 8.39040206033 6.88318728354 0.0 0.435 0.48 1
261 4.56561962311 4.70493929155 0.0 0.435 0.48 1
329 6.51936723576 9.47383940943 0.0 0.435 0.48 1
330 5.84440562919 8.9938945522 0.0 0.435 0.48 1
331 5.94816492824 10.1206074666 0.0 0.435 0.48 1
332 6.736777694 10.3423224206 0.0 0.435 0.48 1
354 13.6970693344 5.57031972531 0.0 0.435 0.48 1
355 12.9316077307 5.81399138082 0.0 0.435 0.48 1
376 2.29070225316 12.8360786678 0.0 0.435 0.48 1
391 14.5496634935 5.63976972703 0.0 0.435 0.48 1
392 15.0124762696 5.55361353933 0.0 0.435 0.48 1
393 12.7962786652 11.3909935805 0.0 0.435 0.48 1
394 13.2544612089 12.4484951531 0.0 0.435 0.48 1
395 12.6015984388 10.787422947 0.0 0.435 0.48 1
396 12.9025635456 9.17241208239 0.0 0.435 0.48 1
415 4.55656962339 3.09947481888 0.0 0.435 0.48 1
416 5.20459169593 3.47297740543 0.0 0.435 0.48 1
