198 0.486174403235 13.3902467227 0.0 0.435 0.48 1
203 8.71578111981 4.27606763147 0.0 0.435 0.48 1
204 3.14813710978 8.98196156222 0.0 0.435 0.48 1
205 7.4058462775 6.64333418482 0.0 0.435 0.48 1
206 7.59273929485 5.85050633018 0.0 0.435 0.48 1
207 11.4522484752 5.77556715307 0.0 0.435 0.48 1
208 3.0437464154 6.89917749012 0.0 0.435 0.48 1
209 2.77456154019 6.27675273246 0.0 0.435 0.48 1
210 2.90778595459 8.29724659684 0.0 0.435 0.48 1
211 2.53673596632 8.62325588325 0.0 0.435 0.48 1
212 13.391053065 5.14502796222 0.0 0.435 0.48 1
264 4.02240917516 5.11973002345 0.0 0.435 0.48 1
265 3.48572314562 4.51806866838 0.0 0.435 0.48 1
266 5.02695914341 7.2500073957 0.0 0.435 0.48 1
267 2.22166969721 4.56031145292 0.0 0.435 0.48 1
291 10.8290612856 12.7475358821 0.0 0.435 0.48 1
292 15.1600123114 3.37393358855 0.0 0.435 0.48 1
337 6.17757189773 10.5404100543 0.0 0.435 0.48 1
371 12.7634461081 11.5282229654 0.0 0.435 0.48 1
372 11.8384519513 12.7375121705 0.0 0.435 0.48 1
374 12.8049077347 12.7141235101 0.0 0.435 0.48 1
403 13.7381100308 12.4162760801 0.0 0.435 0.48 1
434 10.7208822192 5.9929862306 0.0 0.435 0.48 1
