64 7.4561474387 7.20513935335 0.0 0.435 0.48 1
65 7.41173930057 7.70871153074 0.0 0.435 0.48 1
66 7.23768465491 6.59226098768 0.0 0.435 0.48 1
67 3.25715803656 6.19346046236 0.0 0.435 0.48 1
70 7.78152649818 8.17147288239 0.0 0.435 0.48 1
71 7.75963812678 8.68315949297 0.0 0.435 0.48 1
72 7.02364163842 0.760131462087 0.0 0.435 0.48 1
103 6.27943701079 0.586387127896 0.0 0.435 0.48 1
104 6.19146259496 7.55429864033 0.0 0.435 0.48 1
105 12.3709286787 2.8316985236 0.0 0.435 0.48 1
106 7.63188580524 5.19299858196 0.0 0.435 0.48 1
107 7.57548115586 5.83570942259 0.0 0.435 0.48 1
108 8.50826252172 7.29034090185 0.0 0.435 0.48 1
109 8.81027995403 7.89438885492 0.0 0.435 0.48 1
110 3.39901152045 7.90274194791 0.0 0.435 0.48 1
111 10.7962287285 6.95884244004 0.0 0.435 0.48 1
112 10.8160124488 6.20515479255 0.0 0.435 0.48 1
222 14.3206774542 5.15648363261 0.0 0.435 0.48 1
232 6.17188933977 9.07145898711 0.0 0.435 0.48 1
233 6.03424515807 8.51705227237 0.0 0.435 0.48 1
236 5.55333238258 8.05643885893 0.0 0.435 0.48 1
237 5.41842424731 9.38577394333 0.0 0.435 0.48 1
238 6.49705793414 8.73828990671 0.0 0.435 0.48 1
239 3.56864639881 3.73096864892 0.0 0.435 0.48 1
240 4.73062426905 11.6389611124 0.0 0.435 0.48 1
241 5.17744169679 11.2248863599 0.0 0.435 0.48 1
242 2.02741040102 4.01473515078 0.0 0.435 0.48 1
314 9.70791364659 9.95068168925 0.0 0.435 0.48 1
320 4.92593589079 12.3666348418 0.0 0.435 0.48 1
340 15.0318390597 5.04359754734 0.0 0.435 0.48 1
345 3.89360452807 11.8184332818 0.0 0.435 0.48 1
346 3.75154057908 11.4408734787 0.0 0.435 0.48 1
350 13.1296553989 11.1339569762 0.0 0.435 0.48 1
351 13.7206414267 11.7862142088 0.0 0.435 0.48 1
352 11.5983112612 12.3418142226 0.0 0.435 0.48 1
353 11.7830996275 13.4093395067 0.0 0.435 0.48 1
376 14.1983972256 8.70845743174 0.0 0.435 0.48 1
421 2.18631155879 4.82092795421 0.0 0.435 0.48 1
422 2.09707435231 5.34383157538 0.0 0.435 0.48 1
423 2.74972665726 5.47366250643 0.0 0.435 0.48 1
425 6.13126957361 6.62615067924 0.0 0.435 0.48 1
426 4.41829404637 5.33881971959 0.0 0.435 0.48 1
