142 11.9584170638 12.8850039267 0.0 0.435 0.48 1
179 3.74691034666 8.17004092359 0.0 0.435 0.48 1
181 12.2438077525 11.1334796566 0.0 0.435 0.48 1
182 1.94617086871 13.2105358935 0.0 0.435 0.48 1
183 9.22826366175 3.71187586494 0.0 0.435 0.48 1
184 9.34864970446 2.87370264835 0.0 0.435 0.48 1
185 4.66538008507 5.83928931959 0.0 0.435 0.48 1
186 10.8477926803 5.51232539398 0.0 0.435 0.48 1
187 8.41607880371 9.13995434963 0.0 0.435 0.48 1
188 12.8735193605 12.9324972269 0.0 0.435 0.48 1
189 0.695376722203 5.13381095164 0.0 0.435 0.48 1
190 0.357790686363 4.02714546036 0.0 0.435 0.48 1
362 6.2076684084 8.61299351186 0.0 0.435 0.48 1
363 6.32363468381 8.02350380657 0.0 0.435 0.48 1
364 1.36802321257 7.73257751072 0.0 0.435 0.48 1
365 11.4907635902 12.795267842 0.0 0.435 0.48 1
417 11.9729391564 3.7469588555 0.0 0.435 0.48 1
418 11.4072089417 2.76749903748 0.0 0.435 0.48 1
432 12.0461810145 13.4962116738 0.0 0.435 0.48 1
