142 6.80812536617 9.4077306449 0.0 0.435 0.48 1
168 14.0127669989 11.632278638 0.0 0.435 0.48 1
169 7.16486372698 10.026098186 0.0 0.435 0.48 1
171 7.78426254461 7.09917440228 0.0 0.435 0.48 1
172 8.00672416548 6.3335537648 0.0 0.435 0.48 1
173 3.42931849624 6.04095685035 0.0 0.435 0.48 1
174 8.25591485528 4.20685628955 0.0 0.435 0.48 1
175 11.9285310182 12.4489724727 0.0 0.435 0.48 1
176 11.3876356865 5.64382694362 0.0 0.435 0.48 1
177 11.6909159095 5.05457589813 0.0 0.435 0.48 1
178 1.64036506442 4.63429599084 0.0 0.435 0.48 1
179 14.5585030281 7.41969451329 0.0 0.435 0.48 1
282 1.56649181094 3.98872123261 0.0 0.435 0.48 1
286 8.06081369866 8.1621651502 0.0 0.435 0.48 1
287 13.3516960895 5.69680941916 0.0 0.435 0.48 1
333 12.5858135556 4.28465938426 0.0 0.435 0.48 1
334 4.93730100671 11.983824523 0.0 0.435 0.48 1
335 1.85609180179 8.30798628782 0.0 0.435 0.48 1
336 1.83104645374 7.70871153074 0.0 0.435 0.48 1
360 4.72199519956 7.76956977967 0.0 0.435 0.48 1
361 4.63338938841 8.43018010528 0.0 0.435 0.48 1
362 13.9121646765 10.1022306621 0.0 0.435 0.48 1
363 14.3594030344 9.81369096422 0.0 0.435 0.48 1
364 13.3973670183 10.5189306724 0.0 0.435 0.48 1
432 6.53915095607 8.70225227695 0.0 0.435 0.48 1
