64 5.56111959164 6.95335326465 0.0 0.435 0.48 1
65 5.43989168849 7.53592183575 0.0 0.435 0.48 1
66 5.38390796933 6.43044964348 0.0 0.435 0.48 1
67 1.0495895017 6.40634500371 0.0 0.435 0.48 1
70 5.33781611032 8.01085483718 0.0 0.435 0.48 1
71 5.7265451678 8.25977700828 0.0 0.435 0.48 1
72 7.00259512746 0.776121668668 0.0 0.435 0.48 1
103 6.31500561431 0.613355685264 0.0 0.435 0.48 1
104 4.21266963426 7.34690327438 0.0 0.435 0.48 1
106 5.07389286285 5.13118569384 0.0 0.435 0.48 1
107 5.04821611948 5.8335614844 0.0 0.435 0.48 1
108 6.46885560945 7.55477595993 0.0 0.435 0.48 1
109 6.66332537074 8.11228525206 0.0 0.435 0.48 1
110 5.34265680784 8.56168165492 0.0 0.435 0.48 1
111 7.85097998436 6.98127646122 0.0 0.435 0.48 1
112 7.8038357998 6.35002129098 0.0 0.435 0.48 1
113 11.0283717444 8.94974248925 0.0 0.435 0.48 1
114 13.9159530484 5.7488372555 0.0 0.435 0.48 1
115 14.0260263008 6.61087645206 0.0 0.435 0.48 1
116 14.1689321102 6.17484499799 0.0 0.435 0.48 1
117 14.7281379065 4.93858723547 0.0 0.435 0.48 1
232 6.39813933262 8.91871671529 0.0 0.435 0.48 1
233 6.23250329134 8.42325897109 0.0 0.435 0.48 1
236 2.90673362904 8.40440484691 0.0 0.435 0.48 1
237 3.00396850969 9.11036053446 0.0 0.435 0.48 1
238 6.7628753676 8.85427856937 0.0 0.435 0.48 1
242 5.50408354693 3.44815678626 0.0 0.435 0.48 1
243 1.29288716843 7.35573368697 0.0 0.435 0.48 1
244 0.737890674347 8.11443319026 0.0 0.435 0.48 1
245 0.690746489791 7.56981152731 0.0 0.435 0.48 1
320 5.09262425761 12.4394260807 0.0 0.435 0.48 1
321 10.9799647692 12.3084018506 0.0 0.435 0.48 1
345 2.82823014315 13.1117307365 0.0 0.435 0.48 1
346 2.56662201188 12.7251018609 0.0 0.435 0.48 1
350 13.6591856147 10.5248971674 0.0 0.435 0.48 1
351 13.9763565349 10.9628378998 0.0 0.435 0.48 1
352 12.8072228509 11.1124775943 0.0 0.435 0.48 1
353 13.0997693533 11.5222564704 0.0 0.435 0.48 1
376 14.1638809476 8.68387547237 0.0 0.435 0.48 1
421 1.29162437777 4.80326712903 0.0 0.435 0.48 1
422 0.694534861764 5.30803260543 0.0 0.435 0.48 1
423 1.36676042191 5.68225117138 0.0 0.435 0.48 1
425 3.46404523933 6.79941769384 0.0 0.435 0.48 1
426 2.25387085898 6.02926252016 0.0 0.435 0.48 1
427 11.3724821986 10.695777584 0.0 0.435 0.48 1
428 11.8447659046 10.5067590226 0.0 0.435 0.48 1
429 12.1684612432 10.7516239771 0.0 0.435 0.48 1
