64 1.01128485175 6.75407233189 0.0 0.435 0.48 1
65 1.00560229379 7.18628522917 0.0 0.435 0.48 1
66 0.94961857463 6.21637180314 0.0 0.435 0.48 1
70 0.384098825067 7.45811874105 0.0 0.435 0.48 1
71 0.576043005045 8.20393061515 0.0 0.435 0.48 1
72 5.50766145379 4.327856808 0.0 0.435 0.48 1
103 5.9999393452 3.51736812818 0.0 0.435 0.48 1
106 0.154060460246 5.15290373561 0.0 0.435 0.48 1
107 0.150903483602 5.92544550729 0.0 0.435 0.48 1
108 1.70476738797 7.78030947066 0.0 0.435 0.48 1
109 1.66583134269 8.44139711586 0.0 0.435 0.48 1
110 11.0864601146 10.7511466575 0.0 0.435 0.48 1
111 1.86387901084 6.18964190557 0.0 0.435 0.48 1
112 1.54607669531 5.27987074906 0.0 0.435 0.48 1
113 2.8097092135 8.59175278968 0.0 0.435 0.48 1
114 7.67145324585 5.77556715307 0.0 0.435 0.48 1
115 8.01872067673 7.01659811158 0.0 0.435 0.48 1
116 8.15552299799 6.34835067238 0.0 0.435 0.48 1
117 8.13005671972 5.29180373905 0.0 0.435 0.48 1
118 11.5930496335 10.8248925356 0.0 0.435 0.48 1
119 11.904958926 11.134195636 0.0 0.435 0.48 1
120 14.0801158339 7.04523728754 0.0 0.435 0.48 1
121 14.4547437291 6.68939552617 0.0 0.435 0.48 1
232 9.77757759787 7.6609795708 0.0 0.435 0.48 1
233 10.1543101441 7.1605099708 0.0 0.435 0.48 1
237 0.0728209279304 8.30440639083 0.0 0.435 0.48 1
238 10.058127589 8.14402700542 0.0 0.435 0.48 1
242 14.5500844237 3.99349442861 0.0 0.435 0.48 1
243 6.02056492595 8.18459917137 0.0 0.435 0.48 1
244 3.18538943418 7.98293164062 0.0 0.435 0.48 1
245 3.17234059739 7.53090997996 0.0 0.435 0.48 1
246 0.9161546222 4.41902485149 0.0 0.435 0.48 1
247 0.834073229446 3.56867998512 0.0 0.435 0.48 1
321 8.62001949493 10.1397002506 0.0 0.435 0.48 1
322 9.51912644325 12.4523137098 0.0 0.435 0.48 1
323 7.5304416224 11.8470724578 0.0 0.435 0.48 1
376 13.2811902778 8.39414247552 0.0 0.435 0.48 1
377 12.7032530868 11.4141435811 0.0 0.435 0.48 1
378 13.4592437606 11.2917111038 0.0 0.435 0.48 1
379 13.809457703 11.8489817362 0.0 0.435 0.48 1
