45 4.96255681986 6.36004500256 0.0 0.435 0.48 1
46 5.1841765803 6.90037078911 0.0 0.435 0.48 1
47 5.15997309269 7.38652080113 0.0 0.435 0.48 1
48 5.20901146323 4.80613104663 0.0 0.435 0.48 1
49 5.59416261385 5.27915476966 0.0 0.435 0.48 1
50 7.95831719027 9.09126775048 0.0 0.435 0.48 1
51 10.9502891887 1.51787632618 0.0 0.435 0.48 1
52 13.4649263185 6.36863675535 0.0 0.435 0.48 1
53 13.6535030567 5.70062797596 0.0 0.435 0.48 1
83 1.06895229179 3.69851091616 0.0 0.435 0.48 1
87 12.5348809991 9.27933167266 0.0 0.435 0.48 1
89 9.34633458825 8.4118033007 0.0 0.435 0.48 1
90 8.34346834088 8.31562340142 0.0 0.435 0.48 1
91 9.88323108291 6.21493984434 0.0 0.435 0.48 1
92 5.7200207494 8.08531669469 0.0 0.435 0.48 1
93 7.0667869859 8.01204813618 0.0 0.435 0.48 1
94 5.05116263101 4.0779799977 0.0 0.435 0.48 1
95 4.23034870347 4.57654031931 0.0 0.435 0.48 1
221 10.8705229122 5.93069602288 0.0 0.435 0.48 1
222 13.1485972587 11.509607501 0.0 0.435 0.48 1
223 13.4575600397 8.38077752674 0.0 0.435 0.48 1
224 13.8288204931 7.81443782202 0.0 0.435 0.48 1
225 12.9602309856 8.85069867237 0.0 0.435 0.48 1
226 13.9715158374 8.51394969498 0.0 0.435 0.48 1
227 9.03884506309 2.87656656595 0.0 0.435 0.48 1
228 8.39587415318 6.01828416937 0.0 0.435 0.48 1
229 7.6112602245 3.92261246809 0.0 0.435 0.48 1
230 7.01985326645 4.38370320114 0.0 0.435 0.48 1
232 13.821033284 3.25866090529 0.0 0.435 0.48 1
233 14.8725169717 1.67061859799 0.0 0.435 0.48 1
300 2.109912724 8.4087007233 0.0 0.435 0.48 1
301 1.66267436604 7.8280414306 0.0 0.435 0.48 1
308 12.2848484488 12.2308374157 0.0 0.435 0.48 1
309 12.5437205337 12.5859631977 0.0 0.435 0.48 1
310 14.0449681606 10.9943409934 0.0 0.435 0.48 1
311 14.4905227977 10.6859925322 0.0 0.435 0.48 1
312 14.5572402375 11.7420621459 0.0 0.435 0.48 1
316 14.3074181523 4.19563927896 0.0 0.435 0.48 1
317 13.7494751467 1.77968612646 0.0 0.435 0.48 1
318 3.75680220682 8.56788680971 0.0 0.435 0.48 1
319 3.49372081978 8.9974744492 0.0 0.435 0.48 1
340 13.1296553989 11.8511296744 0.0 0.435 0.48 1
341 11.8323484631 12.4174693791 0.0 0.435 0.48 1
