189 14.6656297689 5.65146405721 0.0 0.435 0.48 1
190 14.3629809413 5.02164084577 0.0 0.435 0.48 1
191 4.3686242805 10.7859909882 0.0 0.435 0.48 1
192 4.82428124284 10.2084342729 0.0 0.435 0.48 1
193 10.4030799037 11.2339554323 0.0 0.435 0.48 1
198 5.82777888553 8.91895537509 0.0 0.435 0.48 1
200 4.06197661577 7.1597939914 0.0 0.435 0.48 1
201 5.03748239889 5.20827280915 0.0 0.435 0.48 1
202 3.24116268823 4.51067021458 0.0 0.435 0.48 1
203 0.830074392363 4.12046144205 0.0 0.435 0.48 1
204 12.5028903024 3.78132586666 0.0 0.435 0.48 1
263 7.19432884233 10.5208399508 0.0 0.435 0.48 1
291 12.9132972662 9.54376673074 0.0 0.435 0.48 1
362 4.03230103532 9.70366879655 0.0 0.435 0.48 1
363 4.39872079117 10.1330177762 0.0 0.435 0.48 1
366 2.10465109626 6.92113419169 0.0 0.435 0.48 1
369 14.2169181552 11.9807219456 0.0 0.435 0.48 1
401 9.83882294477 12.6365590752 0.0 0.435 0.48 1
402 10.0286624737 12.0761858655 0.0 0.435 0.48 1
433 11.4152066159 5.02211816537 0.0 0.435 0.48 1
