203 9.6054171382 4.15673773161 0.0 0.435 0.48 1
204 9.27372412543 6.26768366007 0.0 0.435 0.48 1
205 12.9375007538 9.60438631987 0.0 0.435 0.48 1
206 13.2963437657 9.09938218367 0.0 0.435 0.48 1
208 11.9001182284 2.7445876967 0.0 0.435 0.48 1
209 11.4591938238 2.05533819513 0.0 0.435 0.48 1
264 8.57729507768 0.00190927839771 0.0 0.435 0.48 1
265 7.25809977055 0.153696911015 0.0 0.435 0.48 1
266 11.4659287073 8.79628423804 0.0 0.435 0.48 1
267 9.48924039769 2.29948717024 0.0 0.435 0.48 1
268 5.87408120965 7.09058264949 0.0 0.435 0.48 1
269 5.92269864997 7.7452264801 0.0 0.435 0.48 1
270 3.11298943647 7.40322698711 0.0 0.435 0.48 1
271 2.95913944133 6.54405170814 0.0 0.435 0.48 1
292 11.1641217401 5.32139755421 0.0 0.435 0.48 1
293 8.767976467 5.87103107295 0.0 0.435 0.48 1
294 8.43481019846 5.3309439462 0.0 0.435 0.48 1
295 10.8966205858 4.70255269355 0.0 0.435 0.48 1
296 10.7661322178 9.56190487552 0.0 0.435 0.48 1
297 10.691627569 7.75644349069 0.0 0.435 0.48 1
337 10.8111717512 12.2871611284 0.0 0.435 0.48 1
371 14.51409489 12.7678219651 0.0 0.435 0.48 1
375 12.3759798413 11.986211121 0.0 0.435 0.48 1
404 11.9053798562 11.6783399794 0.0 0.435 0.48 1
405 13.1288135384 12.0322724624 0.0 0.435 0.48 1
434 13.1751158626 2.88778357653 0.0 0.435 0.48 1
