45 4.67527194522 6.29083366065 0.0 0.435 0.48 1
46 4.6464382252 6.80347491043 0.0 0.435 0.48 1
47 4.10912080033 7.32065069641 0.0 0.435 0.48 1
48 3.13129990101 5.01090115478 0.0 0.435 0.48 1
49 3.73870220739 5.56077333332 0.0 0.435 0.48 1
50 6.24239515149 8.5822063977 0.0 0.435 0.48 1
51 10.4390694374 1.45582477825 0.0 0.435 0.48 1
52 11.5833682385 7.35191513017 0.0 0.435 0.48 1
53 12.1741438012 6.5817599565 0.0 0.435 0.48 1
54 13.2529879531 6.40539036451 0.0 0.435 0.48 1
55 14.0270786263 6.57149758511 0.0 0.435 0.48 1
56 14.2941588504 7.04786254534 0.0 0.435 0.48 1
87 13.1820612112 10.1270512812 0.0 0.435 0.48 1
89 11.0073252334 8.23567236851 0.0 0.435 0.48 1
90 10.3167892087 8.46955897223 0.0 0.435 0.48 1
91 11.3766915008 6.80657748783 0.0 0.435 0.48 1
92 7.82803928741 8.18459917137 0.0 0.435 0.48 1
93 9.38737528463 7.94737133046 0.0 0.435 0.48 1
94 6.50084630611 4.08967432789 0.0 0.435 0.48 1
95 6.35204747361 4.52689908096 0.0 0.435 0.48 1
96 1.61489878616 6.46768057223 0.0 0.435 0.48 1
221 12.1177391518 6.09035942889 0.0 0.435 0.48 1
222 13.0909298187 11.4914693562 0.0 0.435 0.48 1
223 13.8140879354 7.87243215335 0.0 0.435 0.48 1
224 14.5166204713 7.26766822087 0.0 0.435 0.48 1
225 12.9044577316 8.1614491708 0.0 0.435 0.48 1
226 14.1973449 8.08388473589 0.0 0.435 0.48 1
227 9.146182269 0.187586602575 0.0 0.435 0.48 1
228 7.58874045777 3.98657329441 0.0 0.435 0.48 1
229 9.19564156976 5.21996713933 0.0 0.435 0.48 1
230 8.62022996004 5.84310787638 0.0 0.435 0.48 1
231 11.3019763869 12.529639485 0.0 0.435 0.48 1
232 13.6892821254 4.666276404 0.0 0.435 0.48 1
233 14.7073018606 3.5779877173 0.0 0.435 0.48 1
300 0.982661596842 8.32922701 0.0 0.435 0.48 1
301 0.538790680641 7.77338833647 0.0 0.435 0.48 1
308 12.1122670589 13.335116309 0.0 0.435 0.48 1
310 13.413993762 12.3666348418 0.0 0.435 0.48 1
311 13.0629379591 11.0401636749 0.0 0.435 0.48 1
312 13.9839332788 12.3792838111 0.0 0.435 0.48 1
313 15.2587204479 8.83757238339 0.0 0.435 0.48 1
318 2.04635226089 7.96097493904 0.0 0.435 0.48 1
319 2.01520342466 8.65452031701 0.0 0.435 0.48 1
340 13.1507019098 11.8306049316 0.0 0.435 0.48 1
341 12.3021065878 11.1122389345 0.0 0.435 0.48 1
342 14.2421739684 12.8136446466 0.0 0.435 0.48 1
376 14.1196832746 11.7253559599 0.0 0.435 0.48 1
