3 13.5766832917 9.86404818196 0.0 0.435 0.48 1
4 3.19633361988 6.60777387467 0.0 0.435 0.48 1
5 1.24805810008 13.6036085837 0.0 0.435 0.48 1
7 4.53994287973 6.91779295449 0.0 0.435 0.48 1
8 5.27572890298 7.30036461343 0.0 0.435 0.48 1
9 12.3136821689 13.2167410483 0.0 0.435 0.48 1
10 7.79204975367 8.06121205492 0.0 0.435 0.48 1
11 9.14028924593 8.13829917023 0.0 0.435 0.48 1
12 7.39469162669 7.66861668439 0.0 0.435 0.48 1
13 7.89686137826 7.2433249213 0.0 0.435 0.48 1
14 14.4694762868 9.66572188839 0.0 0.435 0.48 1
16 14.1342053671 10.194114685 0.0 0.435 0.48 1
17 2.77813944706 6.00826045779 0.0 0.435 0.48 1
19 10.3548833936 4.75720578769 0.0 0.435 0.48 1
20 9.7933624811 4.45530114105 0.0 0.435 0.48 1
23 8.3765113631 7.97123731043 0.0 0.435 0.48 1
24 12.5496135568 2.74196243891 0.0 0.435 0.48 1
25 4.48290683502 9.14544352502 0.0 0.435 0.48 1
26 8.55751135737 9.20272187695 0.0 0.435 0.48 1
27 11.6239880046 3.5775103977 0.0 0.435 0.48 1
28 12.354301935 1.6656067422 0.0 0.435 0.48 1
29 11.2283135985 4.01306453218 0.0 0.435 0.48 1
30 12.9362379631 1.4142979731 0.0 0.435 0.48 1
31 13.6107786395 7.78913988325 0.0 0.435 0.48 1
32 14.5827065157 7.03258831816 0.0 0.435 0.48 1
73 11.7570019539 11.8613920458 0.0 0.435 0.48 1
74 12.55592751 11.2253636795 0.0 0.435 0.48 1
75 4.24444986582 8.10989865406 0.0 0.435 0.48 1
76 5.01685681814 8.05023370413 0.0 0.435 0.48 1
77 2.39256736622 7.4115800801 0.0 0.435 0.48 1
78 2.32921736823 7.92231205149 0.0 0.435 0.48 1
217 6.50295095721 4.61711248526 0.0 0.435 0.48 1
219 10.3487799054 1.73529540372 0.0 0.435 0.48 1
220 7.68807998951 4.0844238123 0.0 0.435 0.48 1
419 11.655347306 1.76393457968 0.0 0.435 0.48 1
420 11.4566682425 2.81690161602 0.0 0.435 0.48 1
