179 3.7673254623 8.658100214 0.0 0.435 0.48 1
181 12.0779612461 12.2974234998 0.0 0.435 0.48 1
183 11.2878752245 3.84242277539 0.0 0.435 0.48 1
184 11.5168612638 3.00854543519 0.0 0.435 0.48 1
185 2.90441851283 6.34835067238 0.0 0.435 0.48 1
186 13.3872646931 5.81184344262 0.0 0.435 0.48 1
187 10.795386868 9.38911518053 0.0 0.435 0.48 1
189 1.75885692114 5.3309439462 0.0 0.435 0.48 1
190 1.19965112487 4.15100989642 0.0 0.435 0.48 1
191 14.7220344183 2.13600520744 0.0 0.435 0.48 1
362 5.34770797048 8.51585897338 0.0 0.435 0.48 1
363 5.47461843158 7.9137202987 0.0 0.435 0.48 1
364 0.149640692944 7.5817445173 0.0 0.435 0.48 1
365 12.4250182119 12.6413322712 0.0 0.435 0.48 1
417 13.3681123681 3.65555215221 0.0 0.435 0.48 1
418 13.2161565589 1.4142979731 0.0 0.435 0.48 1
