142 6.36530677551 9.4917388944 0.0 0.435 0.48 1
169 7.83161719428 9.79674611844 0.0 0.435 0.48 1
171 9.89817410569 6.57388418311 0.0 0.435 0.48 1
172 9.98741131217 5.82329911301 0.0 0.435 0.48 1
173 1.07842322172 5.88177076394 0.0 0.435 0.48 1
174 12.3271519359 3.829773806 0.0 0.435 0.48 1
176 8.53372879999 6.44763314906 0.0 0.435 0.48 1
177 8.64085554079 5.7464506575 0.0 0.435 0.48 1
178 5.06231728182 4.47033670843 0.0 0.435 0.48 1
179 11.4741368466 8.13543525263 0.0 0.435 0.48 1
180 14.0900076941 8.61132289326 0.0 0.435 0.48 1
181 0.591827888267 4.77033207667 0.0 0.435 0.48 1
286 4.68937310757 7.15144089841 0.0 0.435 0.48 1
287 9.60773225441 4.46198361544 0.0 0.435 0.48 1
288 14.0921123452 9.3323141482 0.0 0.435 0.48 1
333 14.9910088284 3.38801451673 0.0 0.435 0.48 1
360 2.10149411961 7.25167801429 0.0 0.435 0.48 1
361 2.20609527909 8.09056721029 0.0 0.435 0.48 1
362 13.0715670286 9.54328941114 0.0 0.435 0.48 1
363 13.3862123675 9.00558888239 0.0 0.435 0.48 1
364 11.6134647491 9.63541209383 0.0 0.435 0.48 1
432 6.21440329191 8.72850485492 0.0 0.435 0.48 1
