142 8.69220902753 9.05952599712 0.0 0.435 0.48 1
155 14.7786495328 5.76960065807 0.0 0.435 0.48 1
156 3.61999988556 12.1468291662 0.0 0.435 0.48 1
158 3.90560103932 11.4859801808 0.0 0.435 0.48 1
160 12.3294670521 10.5179760332 0.0 0.435 0.48 1
161 1.16808135842 6.88533522173 0.0 0.435 0.48 1
162 6.82601490048 10.4626069596 0.0 0.435 0.48 1
163 7.08173000868 9.53231106035 0.0 0.435 0.48 1
164 6.62481025568 8.81585434162 0.0 0.435 0.48 1
165 4.63023241176 7.78030947066 0.0 0.435 0.48 1
166 5.32771378506 7.41730791529 0.0 0.435 0.48 1
167 4.45302078946 7.25334863289 0.0 0.435 0.48 1
168 3.32913710406 5.89919292932 0.0 0.435 0.48 1
169 0.456919752997 7.17673883718 0.0 0.435 0.48 1
248 13.0593600523 5.5796274575 0.0 0.435 0.48 1
249 13.5823658497 4.82570115021 0.0 0.435 0.48 1
256 8.35020322439 5.42927178368 0.0 0.435 0.48 1
259 14.892300692 11.454715747 0.0 0.435 0.48 1
262 11.2773519691 6.66099501 0.0 0.435 0.48 1
278 13.8968007235 8.02183318797 0.0 0.435 0.48 1
279 13.5070193404 7.42852492588 0.0 0.435 0.48 1
280 14.3655065226 6.93306718168 0.0 0.435 0.48 1
282 14.8624146464 3.84576401258 0.0 0.435 0.48 1
329 4.16110568241 8.28483628725 0.0 0.435 0.48 1
331 3.67956151158 8.76883836107 0.0 0.435 0.48 1
332 4.1566859151 8.79867083604 0.0 0.435 0.48 1
333 6.77802885549 10.6692863462 0.0 0.435 0.48 1
334 0.916996482638 12.3554178312 0.0 0.435 0.48 1
335 9.58900085965 12.1138941139 0.0 0.435 0.48 1
358 12.5790786721 11.0864636761 0.0 0.435 0.48 1
360 13.9974030459 11.9005322529 0.0 0.435 0.48 1
361 13.6726553817 12.2399064881 0.0 0.435 0.48 1
