142 10.1035880527 11.171187905 0.0 0.435 0.48 1
169 11.6923891652 12.3842956669 0.0 0.435 0.48 1
176 2.73688828557 12.7453879439 0.0 0.435 0.48 1
177 2.35657783248 12.343723501 0.0 0.435 0.48 1
178 14.4694762868 8.15023216021 0.0 0.435 0.48 1
179 4.17268126344 7.42446770929 0.0 0.435 0.48 1
180 10.251965955 12.1663992698 0.0 0.435 0.48 1
181 10.3582508353 8.51896155077 0.0 0.435 0.48 1
182 4.30611614294 10.5105775794 0.0 0.435 0.48 1
183 5.62552191518 4.54981042174 0.0 0.435 0.48 1
184 5.04505914283 3.87082329155 0.0 0.435 0.48 1
185 8.7265148404 4.23048360972 0.0 0.435 0.48 1
186 5.77368935236 5.84716509298 0.0 0.435 0.48 1
187 3.70565918518 8.72898217452 0.0 0.435 0.48 1
188 14.2973158271 8.98220022202 0.0 0.435 0.48 1
362 8.10164392993 8.71394660714 0.0 0.435 0.48 1
363 8.31631834174 8.25762907009 0.0 0.435 0.48 1
364 3.62841848994 8.28149505006 0.0 0.435 0.48 1
417 9.34317761161 4.87653568754 0.0 0.435 0.48 1
418 8.32305322525 4.85959084177 0.0 0.435 0.48 1
432 10.6952054758 11.14135543 0.0 0.435 0.48 1
