198 2.27912667213 12.2124606111 0.0 0.435 0.48 1
203 6.17778236284 3.97058308783 0.0 0.435 0.48 1
204 4.25371033064 7.8325759668 0.0 0.435 0.48 1
205 4.46880567268 6.21303056594 0.0 0.435 0.48 1
206 4.29664521301 5.52449704377 0.0 0.435 0.48 1
207 12.8954077319 2.93837945407 0.0 0.435 0.48 1
208 0.975716248224 7.45931204004 0.0 0.435 0.48 1
209 0.28118138646 6.89726821172 0.0 0.435 0.48 1
210 0.435031381596 8.18603113017 0.0 0.435 0.48 1
211 0.284759293323 8.59485536708 0.0 0.435 0.48 1
264 2.05456040016 5.51304137338 0.0 0.435 0.48 1
265 1.95732551952 4.89252589413 0.0 0.435 0.48 1
266 1.93922552009 6.70228315535 0.0 0.435 0.48 1
267 0.471231380452 3.97010576823 0.0 0.435 0.48 1
291 11.588208936 12.4623374214 0.0 0.435 0.48 1
362 1.76138250246 13.0943085711 0.0 0.435 0.48 1
363 2.14674411818 13.4401266209 0.0 0.435 0.48 1
371 10.6124926878 11.4177234781 0.0 0.435 0.48 1
