121 5.50639866313 7.40442028611 0.0 0.435 0.48 1
122 0.848384856901 12.9682961968 0.0 0.435 0.48 1
123 5.76400795731 7.92255071129 0.0 0.435 0.48 1
124 1.18239298588 13.4355920847 0.0 0.435 0.48 1
127 4.1632103335 10.7499533585 0.0 0.435 0.48 1
128 4.14616265962 9.77144817967 0.0 0.435 0.48 1
129 5.76337656199 8.77599815506 0.0 0.435 0.48 1
130 4.82975333569 9.39006981973 0.0 0.435 0.48 1
131 2.11706853772 12.9396570209 0.0 0.435 0.48 1
132 4.64896380652 8.9156141379 0.0 0.435 0.48 1
133 5.3416044823 9.38887652073 0.0 0.435 0.48 1
134 6.17525678152 9.86929869755 0.0 0.435 0.48 1
135 1.30256856347 6.38438830213 0.0 0.435 0.48 1
136 2.78508479567 5.81542333962 0.0 0.435 0.48 1
137 6.94408582698 5.63833776823 0.0 0.435 0.48 1
138 7.36627883689 6.3304511874 0.0 0.435 0.48 1
139 4.71210333941 6.29966407324 0.0 0.435 0.48 1
140 8.9493973915 7.02113264777 0.0 0.435 0.48 1
141 9.33349621656 6.53426665635 0.0 0.435 0.48 1
142 0.883322065098 7.5824604967 0.0 0.435 0.48 1
232 12.1004810128 7.85906720456 0.0 0.435 0.48 1
233 12.6718937854 7.47005173103 0.0 0.435 0.48 1
238 12.3898705385 8.38292546493 0.0 0.435 0.48 1
244 11.7500566053 12.6012374249 0.0 0.435 0.48 1
245 12.2938984486 12.5745075273 0.0 0.435 0.48 1
248 11.5223333567 5.17915631358 0.0 0.435 0.48 1
249 12.1547810111 4.61424856766 0.0 0.435 0.48 1
251 9.5178636526 11.646598226 0.0 0.435 0.48 1
252 9.27056714879 10.7301445951 0.0 0.435 0.48 1
253 5.45336145551 7.27387337567 0.0 0.435 0.48 1
254 4.81312659203 6.87006099455 0.0 0.435 0.48 1
255 7.36964627865 4.37129289155 0.0 0.435 0.48 1
321 1.26026507644 4.06556968812 0.0 0.435 0.48 1
322 2.84759293323 8.60153784147 0.0 0.435 0.48 1
324 4.56204171624 10.6153492315 0.0 0.435 0.48 1
325 4.46880567268 11.4158141997 0.0 0.435 0.48 1
326 4.8278591497 10.0210863302 0.0 0.435 0.48 1
327 5.40369168964 10.0781260223 0.0 0.435 0.48 1
376 7.65251138598 8.10488679827 0.0 0.435 0.48 1
386 14.4606367522 8.79604557824 0.0 0.435 0.48 1
