4 14.3101541988 8.10345483947 0.0 0.435 0.48 1
38 0.147325576738 7.35501770757 0.0 0.435 0.48 1
39 0.245191852714 8.02732236336 0.0 0.435 0.48 1
42 2.32921736823 13.2694848641 0.0 0.435 0.48 1
44 2.57377782561 12.5262982478 0.0 0.435 0.48 1
45 6.45328119134 6.51230995478 0.0 0.435 0.48 1
46 6.7542462981 6.95239862545 0.0 0.435 0.48 1
47 6.88999629381 7.44618575106 0.0 0.435 0.48 1
48 7.31408348971 4.15339649441 0.0 0.435 0.48 1
49 7.64788115357 4.8328609442 0.0 0.435 0.48 1
50 10.1000101458 9.08506259569 0.0 0.435 0.48 1
51 11.2295763892 1.50403405779 0.0 0.435 0.48 1
75 14.2870030367 8.59413938768 0.0 0.435 0.48 1
83 3.46088826268 3.69827225636 0.0 0.435 0.48 1
87 11.7502670704 8.21443164634 0.0 0.435 0.48 1
88 13.7145379385 6.20921200914 0.0 0.435 0.48 1
89 7.07520559028 8.21777288353 0.0 0.435 0.48 1
90 6.54820095578 7.62780585864 0.0 0.435 0.48 1
91 6.73804048466 5.45982023804 0.0 0.435 0.48 1
92 3.43689524018 7.53448987695 0.0 0.435 0.48 1
93 4.15142428736 6.81970377681 0.0 0.435 0.48 1
94 2.34731736765 4.40685320171 0.0 0.435 0.48 1
95 2.08360458529 5.06746352732 0.0 0.435 0.48 1
221 8.71599158492 5.55170426093 0.0 0.435 0.48 1
222 13.2180507449 11.5315642026 0.0 0.435 0.48 1
223 13.2224705122 8.96764197423 0.0 0.435 0.48 1
224 13.0444170295 8.55308990213 0.0 0.435 0.48 1
225 12.9423414513 9.57097394791 0.0 0.435 0.48 1
226 13.648241429 9.06382187352 0.0 0.435 0.48 1
227 8.43712531467 6.13164757424 0.0 0.435 0.48 1
228 8.58402996119 8.84664145578 0.0 0.435 0.48 1
229 5.72465098181 1.40809281831 0.0 0.435 0.48 1
230 5.19617309154 1.86154643776 0.0 0.435 0.48 1
232 12.6603182044 2.79327429585 0.0 0.435 0.48 1
233 12.444591467 1.86154643776 0.0 0.435 0.48 1
234 14.5509262842 0.951059301858 0.0 0.435 0.48 1
235 13.0141100537 7.62255534305 0.0 0.435 0.48 1
300 3.86203476163 8.73494866951 0.0 0.435 0.48 1
301 3.2405312929 8.09534040628 0.0 0.435 0.48 1
308 12.30631589 11.4012559519 0.0 0.435 0.48 1
309 12.5698182073 11.7709399817 0.0 0.435 0.48 1
312 14.4686344263 11.5912291525 0.0 0.435 0.48 1
316 12.5552961147 6.56195119312 0.0 0.435 0.48 1
317 11.6667124219 3.37297894935 0.0 0.435 0.48 1
318 6.47601142318 9.0752775439 0.0 0.435 0.48 1
319 6.11295910907 9.76237910728 0.0 0.435 0.48 1
340 13.1041891206 11.8757116337 0.0 0.435 0.48 1
341 11.5669519599 12.4084003067 0.0 0.435 0.48 1
