142 8.69220902753 9.27073991987 0.0 0.435 0.48 1
160 12.0947984549 11.3468415176 0.0 0.435 0.48 1
165 10.1715682831 8.6633507296 0.0 0.435 0.48 1
166 10.9044077948 8.96501671644 0.0 0.435 0.48 1
167 10.0412903802 8.20416927495 0.0 0.435 0.48 1
168 9.17627877967 7.52565946436 0.0 0.435 0.48 1
169 3.7805847642 7.12590429984 0.0 0.435 0.48 1
170 5.50513587247 3.47751194162 0.0 0.435 0.48 1
171 1.70476738797 6.39608263232 0.0 0.435 0.48 1
172 1.58669646147 5.64000838683 0.0 0.435 0.48 1
173 12.893724011 5.28941714105 0.0 0.435 0.48 1
256 8.32494741124 5.48678879541 0.0 0.435 0.48 1
278 10.7394031489 7.87314813275 0.0 0.435 0.48 1
279 10.634170594 6.9948800698 0.0 0.435 0.48 1
280 11.3383868509 6.64858470042 0.0 0.435 0.48 1
281 11.5823159129 7.53234193876 0.0 0.435 0.48 1
282 9.08220087567 3.99158515021 0.0 0.435 0.48 1
283 13.6850728232 9.53087910156 0.0 0.435 0.48 1
284 14.0605425788 9.9113028223 0.0 0.435 0.48 1
285 14.1432553668 8.94974248925 0.0 0.435 0.48 1
286 14.7397134875 7.73472544891 0.0 0.435 0.48 1
329 0.817656950895 7.993194012 0.0 0.435 0.48 1
331 1.16218833535 8.33590948439 0.0 0.435 0.48 1
332 1.50798251047 7.60346255907 0.0 0.435 0.48 1
333 7.30103465291 8.60440175907 0.0 0.435 0.48 1
334 2.25723830073 12.4625760812 0.0 0.435 0.48 1
335 9.53301714049 8.96167547924 0.0 0.435 0.48 1
336 8.83679855785 8.40607546551 0.0 0.435 0.48 1
360 11.0494182553 8.43781721887 0.0 0.435 0.48 1
361 11.3583810363 8.84425485778 0.0 0.435 0.48 1
399 12.7234577373 11.2707090415 0.0 0.435 0.48 1
430 9.61762411456 9.87049199655 0.0 0.435 0.48 1
