142 9.32171017042 9.22849713532 0.0 0.435 0.48 1
155 13.412099576 4.81758671702 0.0 0.435 0.48 1
156 5.83283004816 7.39511255392 0.0 0.435 0.48 1
158 5.73875214416 6.36434087896 0.0 0.435 0.48 1
159 7.38732534786 7.88054658654 0.0 0.435 0.48 1
160 12.5399321617 10.4750172692 0.0 0.435 0.48 1
161 11.834032184 3.30997276223 0.0 0.435 0.48 1
162 1.88492552181 8.25309453389 0.0 0.435 0.48 1
163 1.30277902858 7.85882854476 0.0 0.435 0.48 1
164 0.850279042887 8.10965999426 0.0 0.435 0.48 1
232 14.2463832706 7.26957749927 0.0 0.435 0.48 1
233 14.0933751359 7.92851720628 0.0 0.435 0.48 1
238 13.2409914419 8.09056721029 0.0 0.435 0.48 1
248 12.0019833415 5.42807848468 0.0 0.435 0.48 1
249 12.4997333258 4.9118573379 0.0 0.435 0.48 1
256 8.18982881086 5.38750631873 0.0 0.435 0.48 1
259 12.0924833386 9.09914352387 0.0 0.435 0.48 1
260 12.8653112212 7.31253626322 0.0 0.435 0.48 1
261 7.61504859647 5.67079550099 0.0 0.435 0.48 1
329 6.45770095864 9.31632394161 0.0 0.435 0.48 1
330 3.21169757289 7.48437131901 0.0 0.435 0.48 1
331 5.85050911737 9.6588007542 0.0 0.435 0.48 1
332 6.67174397513 10.2356414901 0.0 0.435 0.48 1
334 4.91057193778 12.0201008126 0.0 0.435 0.48 1
355 15.1562239395 2.18373716738 0.0 0.435 0.48 1
358 12.1453100812 11.9064987479 0.0 0.435 0.48 1
359 11.6934414908 12.2790466953 0.0 0.435 0.48 1
393 12.2280228692 12.6823817568 0.0 0.435 0.48 1
395 11.2085298782 12.6198528892 0.0 0.435 0.48 1
396 6.69531606741 8.41872443489 0.0 0.435 0.48 1
397 15.0181588275 6.81874913761 0.0 0.435 0.48 1
415 0.994026712761 5.01734496938 0.0 0.435 0.48 1
416 1.60900576309 6.04238880915 0.0 0.435 0.48 1
