114 0.938042993601 5.4113722987 0.0 0.435 0.48 1
115 1.82683715155 6.53164139856 0.0 0.435 0.48 1
116 1.81968133782 6.04549138654 0.0 0.435 0.48 1
117 0.950881365288 4.65816197081 0.0 0.435 0.48 1
121 5.53312773206 7.56551565092 0.0 0.435 0.48 1
122 5.05474053788 9.14401156622 0.0 0.435 0.48 1
123 5.81999167647 7.84617957538 0.0 0.435 0.48 1
124 4.59739985466 10.0282461242 0.0 0.435 0.48 1
125 11.4120496392 3.44767946666 0.0 0.435 0.48 1
126 11.3209182468 2.57585521831 0.0 0.435 0.48 1
127 7.02301024309 7.93687029927 0.0 0.435 0.48 1
128 6.73046374071 7.14284914562 0.0 0.435 0.48 1
129 7.5281265062 6.69130480457 0.0 0.435 0.48 1
130 7.89665091315 7.96861205263 0.0 0.435 0.48 1
131 6.00604283338 8.83948166179 0.0 0.435 0.48 1
132 7.69734045433 7.38819141973 0.0 0.435 0.48 1
133 8.43796717511 8.13829917023 0.0 0.435 0.48 1
134 8.79007530351 6.81135068382 0.0 0.435 0.48 1
135 7.28440790925 5.53428209556 0.0 0.435 0.48 1
136 10.4180229265 6.61087645206 0.0 0.435 0.48 1
137 12.8278484317 5.37581198855 0.0 0.435 0.48 1
138 12.9511809859 6.0758011811 0.0 0.435 0.48 1
139 14.4581111708 5.65050941802 0.0 0.435 0.48 1
232 10.6293298965 7.87839864834 0.0 0.435 0.48 1
233 10.8842031443 7.33711822259 0.0 0.435 0.48 1
238 10.8976729113 8.29653061744 0.0 0.435 0.48 1
243 12.5384589059 10.0833765379 0.0 0.435 0.48 1
244 10.9185089572 9.58481621629 0.0 0.435 0.48 1
245 11.1765391816 9.09484764748 0.0 0.435 0.48 1
246 12.3153658897 4.90135630672 0.0 0.435 0.48 1
247 13.0271588905 4.15673773161 0.0 0.435 0.48 1
248 8.74524623516 5.01018517538 0.0 0.435 0.48 1
249 8.73851135165 4.21950525893 0.0 0.435 0.48 1
250 8.57266484527 0.807147442631 0.0 0.435 0.48 1
251 5.4838788964 8.59915124348 0.0 0.435 0.48 1
252 4.86847891586 8.68602341057 0.0 0.435 0.48 1
253 0.0288337200187 6.78533676565 0.0 0.435 0.48 1
321 4.97602658688 5.13118569384 0.0 0.435 0.48 1
322 7.40100557998 8.30225845263 0.0 0.435 0.48 1
323 13.41020539 10.0435203513 0.0 0.435 0.48 1
324 2.59040456927 12.1074502993 0.0 0.435 0.48 1
325 2.91536269853 12.647537426 0.0 0.435 0.48 1
376 9.67613341503 8.65141773961 0.0 0.435 0.48 1
380 11.5907345173 13.2327312549 0.0 0.435 0.48 1
381 11.3484891761 12.7062477367 0.0 0.435 0.48 1
382 12.4431182113 12.6609023748 0.0 0.435 0.48 1
383 11.9426321806 12.3208121602 0.0 0.435 0.48 1
384 14.2343867593 0.71597939914 0.0 0.435 0.48 1
386 15.1244437079 2.9173773917 0.0 0.435 0.48 1
