72 3.05174408957 12.6251034048 0.0 0.435 0.48 1
103 13.2995007423 5.01495837138 0.0 0.435 0.48 1
114 2.75961851741 6.09847386208 0.0 0.435 0.48 1
115 3.11319990158 7.18008007438 0.0 0.435 0.48 1
116 2.91346851255 6.68796356737 0.0 0.435 0.48 1
117 2.95072083695 5.51853054877 0.0 0.435 0.48 1
120 3.13466734276 8.29700793704 0.0 0.435 0.48 1
121 5.53859982491 7.40298832731 0.0 0.435 0.48 1
122 6.90557071192 6.43044964348 0.0 0.435 0.48 1
123 5.92817074282 7.65095585921 0.0 0.435 0.48 1
124 8.17783229961 7.29773935564 0.0 0.435 0.48 1
125 9.86197410683 4.06724030672 0.0 0.435 0.48 1
126 9.80535899234 3.44386090987 0.0 0.435 0.48 1
127 10.2477566528 6.46481665464 0.0 0.435 0.48 1
128 10.2317613044 5.71375426494 0.0 0.435 0.48 1
129 11.3743763846 5.79561457624 0.0 0.435 0.48 1
130 11.5484310303 7.56265173332 0.0 0.435 0.48 1
131 9.94447642981 5.10731971387 0.0 0.435 0.48 1
132 11.4663496375 6.64977799942 0.0 0.435 0.48 1
133 11.6625031197 7.97624916622 0.0 0.435 0.48 1
134 12.7510286667 5.45433106265 0.0 0.435 0.48 1
135 12.500154256 4.22165319713 0.0 0.435 0.48 1
232 10.1155845639 7.70847287094 0.0 0.435 0.48 1
233 10.5487217595 7.45716410185 0.0 0.435 0.48 1
238 10.5192566442 8.08913525149 0.0 0.435 0.48 1
243 10.2050322355 9.164536309 0.0 0.435 0.48 1
244 8.45017415146 9.23541826951 0.0 0.435 0.48 1
245 8.77492181562 8.87408733275 0.0 0.435 0.48 1
246 8.12879392907 5.05266661973 0.0 0.435 0.48 1
247 8.51162996348 4.27988618826 0.0 0.435 0.48 1
248 3.69471499948 4.61758980486 0.0 0.435 0.48 1
249 3.47541035525 3.90375834391 0.0 0.435 0.48 1
250 2.42960922552 3.51808410758 0.0 0.435 0.48 1
251 1.78748017605 6.47913624262 0.0 0.435 0.48 1
252 1.51598018463 6.9087238821 0.0 0.435 0.48 1
321 6.81738583099 7.1597939914 0.0 0.435 0.48 1
322 10.0105624742 9.38577394333 0.0 0.435 0.48 1
323 10.4203380427 8.5755239233 0.0 0.435 0.48 1
324 0.819761601991 12.7618554701 0.0 0.435 0.48 1
325 1.27457670389 13.3892920835 0.0 0.435 0.48 1
376 10.9553403513 8.70726413275 0.0 0.435 0.48 1
377 5.9429033005 8.36932185635 0.0 0.435 0.48 1
380 12.8192193622 11.6081739983 0.0 0.435 0.48 1
381 13.0877728421 10.5413646935 0.0 0.435 0.48 1
382 14.038022812 10.9067528469 0.0 0.435 0.48 1
383 13.826715842 10.4611750008 0.0 0.435 0.48 1
384 14.7826483699 5.04240424835 0.0 0.435 0.48 1
