4 10.2109252586 6.89607491272 0.0 0.435 0.48 1
37 0.746309278732 3.44195163147 0.0 0.435 0.48 1
38 4.32737311901 8.01825329097 0.0 0.435 0.48 1
39 4.25855102816 8.61728938825 0.0 0.435 0.48 1
41 14.3351995468 2.95985883605 0.0 0.435 0.48 1
42 5.72907074912 8.1628811296 0.0 0.435 0.48 1
43 14.3570879182 9.07169764691 0.0 0.435 0.48 1
44 6.53641490964 9.20200589755 0.0 0.435 0.48 1
45 9.31476482181 6.02663726236 0.0 0.435 0.48 1
46 10.1109543315 6.22090633933 0.0 0.435 0.48 1
47 10.4853717615 6.73497954791 0.0 0.435 0.48 1
48 11.617042656 2.9154681133 0.0 0.435 0.48 1
49 11.9680984589 3.51331091158 0.0 0.435 0.48 1
50 14.9668053408 9.51130899798 0.0 0.435 0.48 1
75 10.1705159575 7.47434760743 0.0 0.435 0.48 1
83 5.99404632214 0.38281031874 0.0 0.435 0.48 1
86 14.314363501 5.02665270156 0.0 0.435 0.48 1
87 6.76350676293 6.49035325321 0.0 0.435 0.48 1
88 5.42999982834 6.48987593361 0.0 0.435 0.48 1
89 1.9308069157 7.71968988153 0.0 0.435 0.48 1
90 1.65825459874 6.95120532645 0.0 0.435 0.48 1
91 0.915523226871 5.96649499284 0.0 0.435 0.48 1
221 3.97652778126 7.50585070099 0.0 0.435 0.48 1
222 13.2997112075 11.5730910077 0.0 0.435 0.48 1
223 11.9897763651 11.1084203777 0.0 0.435 0.48 1
224 11.5539031231 11.4926626552 0.0 0.435 0.48 1
225 12.3671403067 11.5781028635 0.0 0.435 0.48 1
226 12.3570379814 11.0969647073 0.0 0.435 0.48 1
227 9.94952759244 11.812228127 0.0 0.435 0.48 1
228 10.9780705832 12.5367992789 0.0 0.435 0.48 1
232 6.85611141116 4.39038567553 0.0 0.435 0.48 1
233 6.65911606855 3.73025266952 0.0 0.435 0.48 1
234 6.20872073395 3.12644337625 0.0 0.435 0.48 1
235 7.23831605024 10.3931569579 0.0 0.435 0.48 1
275 12.5936007647 12.0523198855 0.0 0.435 0.48 1
300 8.15299741667 8.2487986575 0.0 0.435 0.48 1
301 8.03534742039 7.7416465831 0.0 0.435 0.48 1
302 11.3179717352 11.1370595536 0.0 0.435 0.48 1
307 14.6799413964 11.2408765665 0.0 0.435 0.48 1
312 14.3179414078 11.7838276109 0.0 0.435 0.48 1
316 8.64317065699 6.73259294992 0.0 0.435 0.48 1
317 7.88802184366 6.29441355764 0.0 0.435 0.48 1
340 13.0698833077 12.1038704023 0.0 0.435 0.48 1
410 3.50592779614 -0.0964185590842 0.0 0.435 0.48 1
411 12.6100170432 8.58984351129 0.0 0.435 0.48 1
