179 3.74228011425 8.97098321143 0.0 0.435 0.48 1
181 11.7045961416 13.3866668257 0.0 0.435 0.48 1
183 12.9795937757 3.01403461058 0.0 0.435 0.48 1
184 13.5691065478 2.87155471015 0.0 0.435 0.48 1
185 1.41201042048 6.28200324806 0.0 0.435 0.48 1
187 13.0789333075 10.1669074678 0.0 0.435 0.48 1
189 3.19738594543 5.52569034277 0.0 0.435 0.48 1
190 2.59187782504 4.42355938769 0.0 0.435 0.48 1
191 13.1999507455 3.67034905979 0.0 0.435 0.48 1
192 13.8515507249 4.61210062946 0.0 0.435 0.48 1
194 14.8030634855 7.68484555077 0.0 0.435 0.48 1
263 0.440713939556 8.38268680514 0.0 0.435 0.48 1
362 4.87458240404 8.42397495049 0.0 0.435 0.48 1
363 5.0595812354 7.9977285482 0.0 0.435 0.48 1
365 13.9771983953 12.0301245242 0.0 0.435 0.48 1
366 14.4888390768 13.0387008377 0.0 0.435 0.48 1
400 14.4835774491 10.3101033476 0.0 0.435 0.48 1
417 14.5507158191 3.35651142317 0.0 0.435 0.48 1
