142 7.56495790038 9.40319610871 0.0 0.435 0.48 1
168 13.3392786481 10.9783507868 0.0 0.435 0.48 1
169 7.08530791554 9.73445591071 0.0 0.435 0.48 1
171 6.47474863252 7.09129862889 0.0 0.435 0.48 1
172 6.58292769887 6.2462042781 0.0 0.435 0.48 1
173 5.38790680641 5.77556715307 0.0 0.435 0.48 1
174 6.10727655111 4.57534702031 0.0 0.435 0.48 1
175 12.5218321623 10.7158250071 0.0 0.435 0.48 1
176 13.3588519033 5.87484962975 0.0 0.435 0.48 1
177 13.6713925911 5.27438157367 0.0 0.435 0.48 1
178 0.217199993134 3.99325576881 0.0 0.435 0.48 1
256 8.29421950523 5.55671611673 0.0 0.435 0.48 1
282 2.58745805774 4.04957948154 0.0 0.435 0.48 1
286 9.91122294249 8.35858216536 0.0 0.435 0.48 1
287 14.6090146544 6.93903367667 0.0 0.435 0.48 1
333 11.3884775469 4.71758826094 0.0 0.435 0.48 1
334 4.3839882335 11.9666410174 0.0 0.435 0.48 1
335 3.24347780444 8.78530588725 0.0 0.435 0.48 1
336 3.03301269481 8.26025432788 0.0 0.435 0.48 1
360 6.12895445741 7.75477287209 0.0 0.435 0.48 1
361 6.67258583557 8.34473989698 0.0 0.435 0.48 1
362 14.1918728072 10.4490033511 0.0 0.435 0.48 1
363 14.5917565154 10.3210816984 0.0 0.435 0.48 1
364 14.1384146693 11.4943332738 0.0 0.435 0.48 1
430 13.7854646805 8.85141465177 0.0 0.435 0.48 1
431 14.270376293 7.80417545063 0.0 0.435 0.48 1
432 7.44899162498 8.81680898081 0.0 0.435 0.48 1
