64 2.24271620817 6.77292645607 0.0 0.435 0.48 1
65 2.19557202361 7.21516306494 0.0 0.435 0.48 1
66 2.22672085984 6.28629912445 0.0 0.435 0.48 1
70 1.90386738167 8.11562648926 0.0 0.435 0.48 1
71 2.00573249473 8.67051052359 0.0 0.435 0.48 1
72 6.75214164701 2.54172686695 0.0 0.435 0.48 1
103 6.32531840469 1.93051911988 0.0 0.435 0.48 1
104 0.147956972067 6.2454882987 0.0 0.435 0.48 1
106 1.64836273859 5.15576765321 0.0 0.435 0.48 1
107 1.56228250875 5.79203467925 0.0 0.435 0.48 1
108 2.99239292866 8.20297597595 0.0 0.435 0.48 1
109 3.19843827098 8.71227598854 0.0 0.435 0.48 1
110 9.75295318005 10.799355937 0.0 0.435 0.48 1
111 3.12603827327 6.55646201773 0.0 0.435 0.48 1
112 2.88800223428 5.59251508669 0.0 0.435 0.48 1
113 5.4445219209 9.03780795535 0.0 0.435 0.48 1
114 9.39221598215 5.86959911415 0.0 0.435 0.48 1
115 9.78431248138 7.02304192617 0.0 0.435 0.48 1
116 9.85923806041 6.40515170471 0.0 0.435 0.48 1
117 9.26046482352 5.2505155937 0.0 0.435 0.48 1
118 12.1993996143 9.72132962173 0.0 0.435 0.48 1
119 12.3633519347 10.3153538632 0.0 0.435 0.48 1
232 8.85405669684 7.89629813332 0.0 0.435 0.48 1
233 9.26256947462 7.48031410242 0.0 0.435 0.48 1
237 0.95572206281 8.70941207094 0.0 0.435 0.48 1
238 8.96665553049 8.39342649612 0.0 0.435 0.48 1
242 12.1164763611 3.48443307582 0.0 0.435 0.48 1
243 4.14847777583 7.79629967724 0.0 0.435 0.48 1
244 2.45633829444 7.86551101916 0.0 0.435 0.48 1
245 2.62555224258 7.47005173103 0.0 0.435 0.48 1
321 9.49892179273 11.1136708933 0.0 0.435 0.48 1
352 14.8946158082 8.62277856365 0.0 0.435 0.48 1
353 15.0356274316 9.2475899193 0.0 0.435 0.48 1
376 14.1045297867 8.64187134762 0.0 0.435 0.48 1
378 14.4842088444 10.801742535 0.0 0.435 0.48 1
379 14.8095879039 11.193860586 0.0 0.435 0.48 1
428 11.425098476 13.4668565184 0.0 0.435 0.48 1
429 11.8102496266 13.6195987902 0.0 0.435 0.48 1
