4 5.00380798135 6.995834709 0.0 0.435 0.48 1
10 14.3886576847 5.48989137281 0.0 0.435 0.48 1
11 14.0847460664 7.48055276222 0.0 0.435 0.48 1
12 14.1116856004 7.08366151529 0.0 0.435 0.48 1
13 13.6852832883 6.56433779112 0.0 0.435 0.48 1
19 0.552049982548 4.98798981401 0.0 0.435 0.48 1
27 1.55175925327 5.21662590214 0.0 0.435 0.48 1
28 6.01930213529 0.954639198854 0.0 0.435 0.48 1
29 1.80789529168 5.78750014305 0.0 0.435 0.48 1
30 7.09456838037 0.731253626322 0.0 0.435 0.48 1
33 6.01425097266 9.26095486808 0.0 0.435 0.48 1
34 5.91996260355 8.61060691386 0.0 0.435 0.48 1
35 11.3499624319 11.5895585339 0.0 0.435 0.48 1
36 12.5557170449 12.2807173139 0.0 0.435 0.48 1
37 11.217790343 2.23743562231 0.0 0.435 0.48 1
74 13.5280658514 12.801234337 0.0 0.435 0.48 1
75 5.62552191518 7.34952853218 0.0 0.435 0.48 1
76 13.2121577219 7.36098420256 0.0 0.435 0.48 1
77 11.4745577768 8.88769094133 0.0 0.435 0.48 1
78 11.3390182462 9.55307446293 0.0 0.435 0.48 1
79 10.3797182765 7.06003419512 0.0 0.435 0.48 1
80 9.26088575374 6.8309207874 0.0 0.435 0.48 1
81 9.22089738291 6.11040685206 0.0 0.435 0.48 1
82 11.8529740439 11.4623528606 0.0 0.435 0.48 1
83 12.9957995892 10.1096291159 0.0 0.435 0.48 1
84 12.1211065936 11.9310807073 0.0 0.435 0.48 1
85 11.7870984646 12.1838214352 0.0 0.435 0.48 1
217 9.84450550273 2.19567015736 0.0 0.435 0.48 1
219 10.8599996567 1.44436910787 0.0 0.435 0.48 1
220 10.181039213 3.07346090071 0.0 0.435 0.48 1
300 13.1199740038 12.637991034 0.0 0.435 0.48 1
305 14.7536041847 11.9568559656 0.0 0.435 0.48 1
315 2.52158247842 8.54664608754 0.0 0.435 0.48 1
316 9.24994156804 10.5532976835 0.0 0.435 0.48 1
317 9.32149970531 11.0339585202 0.0 0.435 0.48 1
410 3.63494290834 1.20022013276 0.0 0.435 0.48 1
411 8.09554044175 3.1682088412 0.0 0.435 0.48 1
