203 10.5670322241 4.20327639255 0.0 0.435 0.48 1
204 12.0943775246 5.28273466666 0.0 0.435 0.48 1
205 13.8338716557 10.7201208835 0.0 0.435 0.48 1
206 14.137783274 10.2571208721 0.0 0.435 0.48 1
209 14.7714937191 2.20282995136 0.0 0.435 0.48 1
266 13.5329065489 8.11443319026 0.0 0.435 0.48 1
267 13.358430973 3.02405832217 0.0 0.435 0.48 1
268 8.13952764966 7.90751514391 0.0 0.435 0.48 1
269 7.82803928741 8.46955897223 0.0 0.435 0.48 1
270 4.80554984808 5.87890684634 0.0 0.435 0.48 1
271 4.08197080119 4.76985475707 0.0 0.435 0.48 1
272 1.42653251304 7.93925689727 0.0 0.435 0.48 1
292 9.712543879 5.61996096365 0.0 0.435 0.48 1
293 6.14705445683 7.20919656994 0.0 0.435 0.48 1
294 6.02456376303 6.64405016422 0.0 0.435 0.48 1
295 9.11819040942 5.55576147753 0.0 0.435 0.48 1
296 8.07954509341 9.40319610871 0.0 0.435 0.48 1
297 8.44743810504 7.17864811558 0.0 0.435 0.48 1
338 2.80802549262 12.1895492704 0.0 0.435 0.48 1
339 2.97766037098 12.7706858827 0.0 0.435 0.48 1
375 12.1547810111 11.7535178163 0.0 0.435 0.48 1
404 11.3495415017 12.7418080469 0.0 0.435 0.48 1
405 11.7580542794 12.6862003136 0.0 0.435 0.48 1
406 13.3508542291 11.1256038832 0.0 0.435 0.48 1
407 14.9373402255 10.5747770655 0.0 0.435 0.48 1
434 11.5545345184 4.86865991415 0.0 0.435 0.48 1
