121 5.48871959392 7.37339451215 0.0 0.435 0.48 1
122 0.600036027542 13.2131611513 0.0 0.435 0.48 1
123 5.76043005045 7.92732390728 0.0 0.435 0.48 1
124 0.967297643839 13.6157802335 0.0 0.435 0.48 1
127 4.10806847478 10.9203564555 0.0 0.435 0.48 1
128 3.96726731644 10.1222780852 0.0 0.435 0.48 1
129 5.56511842872 8.8277873316 0.0 0.435 0.48 1
130 4.6464382252 9.4912615748 0.0 0.435 0.48 1
131 1.83483482572 13.134880737 0.0 0.435 0.48 1
132 4.31074637535 9.05212754333 0.0 0.435 0.48 1
133 5.20922192834 9.38195538654 0.0 0.435 0.48 1
134 6.06392073853 10.149962622 0.0 0.435 0.48 1
135 0.961404620769 6.31350634162 0.0 0.435 0.48 1
136 2.45781155021 5.72926715192 0.0 0.435 0.48 1
137 6.58882072194 5.5786728183 0.0 0.435 0.48 1
138 6.99796489505 6.18868726637 0.0 0.435 0.48 1
139 4.03398475619 6.28200324806 0.0 0.435 0.48 1
140 8.54825089255 7.00609708039 0.0 0.435 0.48 1
141 8.86289623144 6.51875376937 0.0 0.435 0.48 1
142 1.31772205137 7.48246204062 0.0 0.435 0.48 1
232 12.1072158963 7.86026050356 0.0 0.435 0.48 1
233 12.6754716923 7.47005173103 0.0 0.435 0.48 1
238 12.3938693756 8.38459608353 0.0 0.435 0.48 1
244 11.6989135836 12.7740271199 0.0 0.435 0.48 1
245 12.2181310091 12.7198513453 0.0 0.435 0.48 1
248 11.5284368448 5.18202023118 0.0 0.435 0.48 1
249 12.1562542669 4.64097846523 0.0 0.435 0.48 1
251 9.33160203058 11.8852580257 0.0 0.435 0.48 1
252 9.4894508628 10.9210724349 0.0 0.435 0.48 1
253 5.78863237514 7.22972131272 0.0 0.435 0.48 1
254 5.13240216333 6.84547903518 0.0 0.435 0.48 1
255 8.11048346453 4.25673618769 0.0 0.435 0.48 1
256 0.463023241176 8.23376309011 0.0 0.435 0.48 1
257 0.231511620588 7.35072183117 0.0 0.435 0.48 1
258 0.1683720877 6.8256702718 0.0 0.435 0.48 1
321 0.986239503705 4.04337432675 0.0 0.435 0.48 1
322 2.45781155021 8.53065588096 0.0 0.435 0.48 1
324 4.62833822577 10.5270451056 0.0 0.435 0.48 1
325 4.50395334599 11.3363404864 0.0 0.435 0.48 1
326 4.57235450661 10.1370749928 0.0 0.435 0.48 1
327 5.35107541223 9.90652962631 0.0 0.435 0.48 1
376 7.64724975824 8.09892030328 0.0 0.435 0.48 1
386 14.4690553565 9.10153012187 0.0 0.435 0.48 1
