4 6.26680910421 6.89512027352 0.0 0.435 0.48 1
28 2.04908830731 5.35361662717 0.0 0.435 0.48 1
30 2.09054993391 4.83691816079 0.0 0.435 0.48 1
33 0.0684011606283 13.5604111599 0.0 0.435 0.48 1
37 5.20585448659 1.67992633018 0.0 0.435 0.48 1
38 10.887570586 7.01826873017 0.0 0.435 0.48 1
39 11.4040519651 7.64761462202 0.0 0.435 0.48 1
40 12.6055972759 12.0150889568 0.0 0.435 0.48 1
41 13.9283704899 2.15199541402 0.0 0.435 0.48 1
42 12.8743612209 1.42265106609 0.0 0.435 0.48 1
43 14.3339367562 9.94686313246 0.0 0.435 0.48 1
44 14.7247704647 4.17344391759 0.0 0.435 0.48 1
45 15.2429355646 5.14908517882 0.0 0.435 0.48 1
75 6.81338699391 7.12614295964 0.0 0.435 0.48 1
80 14.4269623346 8.77766877366 0.0 0.435 0.48 1
81 14.8438937168 7.87243215335 0.0 0.435 0.48 1
82 12.3583007721 8.03495947695 0.0 0.435 0.48 1
83 7.67103231563 5.06101971272 0.0 0.435 0.48 1
84 12.7282984348 8.45404608525 0.0 0.435 0.48 1
85 12.3242054243 8.71585588554 0.0 0.435 0.48 1
86 6.72730676407 3.21116760514 0.0 0.435 0.48 1
87 0.468495334026 6.93569243947 0.0 0.435 0.48 1
217 3.52381733046 6.54261974934 0.0 0.435 0.48 1
219 4.14048010166 5.18679342717 0.0 0.435 0.48 1
220 4.24571265648 6.04811664434 0.0 0.435 0.48 1
221 1.72581389893 8.09056721029 0.0 0.435 0.48 1
222 12.8743612209 12.664243612 0.0 0.435 0.48 1
223 10.4552752509 12.8546941322 0.0 0.435 0.48 1
232 2.08570923639 4.40279598511 0.0 0.435 0.48 1
233 2.98481618471 3.72643411273 0.0 0.435 0.48 1
300 11.6528217246 9.45880384204 0.0 0.435 0.48 1
301 12.0886949667 9.1578538346 0.0 0.435 0.48 1
302 13.4866042248 12.3453941196 0.0 0.435 0.48 1
303 13.9397356058 11.0738147067 0.0 0.435 0.48 1
304 13.9614135121 11.6542353396 0.0 0.435 0.48 1
316 9.6033124871 8.56096567552 0.0 0.435 0.48 1
317 8.72083228244 8.96668733503 0.0 0.435 0.48 1
410 2.69795224029 0.163481962804 0.0 0.435 0.48 1
411 9.82872061951 5.14311868382 0.0 0.435 0.48 1
