142 9.30866133363 9.27026260027 0.0 0.435 0.48 1
150 0.947934853753 7.4134893585 0.0 0.435 0.48 1
151 0.641918584358 6.94500017166 0.0 0.435 0.48 1
152 1.42169181552 5.86959911415 0.0 0.435 0.48 1
153 0.98329299217 5.26936971787 0.0 0.435 0.48 1
154 1.30298949369 4.5772562987 0.0 0.435 0.48 1
155 13.3009739981 4.06389906952 0.0 0.435 0.48 1
156 7.62936022393 6.77793831186 0.0 0.435 0.48 1
157 13.1681705139 12.3148456652 0.0 0.435 0.48 1
158 8.37272299112 6.17914087438 0.0 0.435 0.48 1
159 4.74283124541 6.98437903861 0.0 0.435 0.48 1
160 13.7604193324 10.2883853058 0.0 0.435 0.48 1
232 12.6904147151 7.91849349469 0.0 0.435 0.48 1
233 13.5474286415 8.19939607896 0.0 0.435 0.48 1
238 12.6601077393 8.3313749482 0.0 0.435 0.48 1
248 11.9725182262 5.40325786551 0.0 0.435 0.48 1
249 12.425228677 4.92474496709 0.0 0.435 0.48 1
256 7.63988347941 5.53690735335 0.0 0.435 0.48 1
259 10.6998357083 8.56788680971 0.0 0.435 0.48 1
260 10.4559066462 7.56074245492 0.0 0.435 0.48 1
261 6.44465212184 5.40373518511 0.0 0.435 0.48 1
329 6.49137537618 9.40224146951 0.0 0.435 0.48 1
330 5.74632888811 8.32254453561 0.0 0.435 0.48 1
331 5.88081609316 9.78385848925 0.0 0.435 0.48 1
332 6.70710211355 10.2938744812 0.0 0.435 0.48 1
354 14.7115111628 4.12189340085 0.0 0.435 0.48 1
355 13.830714679 4.11974546265 0.0 0.435 0.48 1
376 1.69529645803 13.354209093 0.0 0.435 0.48 1
391 14.7794913932 4.70350733275 0.0 0.435 0.48 1
393 12.6047554155 12.0869255565 0.0 0.435 0.48 1
394 12.5083623953 12.8021889762 0.0 0.435 0.48 1
395 11.8110914871 11.7769064767 0.0 0.435 0.48 1
396 10.2006124682 8.84640279598 0.0 0.435 0.48 1
415 3.0130185094 4.68823310557 0.0 0.435 0.48 1
416 3.50192895906 5.18202023118 0.0 0.435 0.48 1
