203 9.21521482495 4.26150938368 0.0 0.435 0.48 1
204 8.29632415633 6.46028211844 0.0 0.435 0.48 1
205 12.5647670446 9.23613424891 0.0 0.435 0.48 1
206 12.7644984337 8.77098629927 0.0 0.435 0.48 1
208 10.7236182656 2.9947031668 0.0 0.435 0.48 1
209 10.3304694409 2.3326608824 0.0 0.435 0.48 1
264 8.35062415461 0.442475268669 0.0 0.435 0.48 1
265 7.09919861278 0.417654649499 0.0 0.435 0.48 1
266 10.7892833798 8.93279764347 0.0 0.435 0.48 1
267 8.57687414746 2.6658299628 0.0 0.435 0.48 1
268 5.06778937467 6.85645738597 0.0 0.435 0.48 1
269 5.25615564779 7.58627905349 0.0 0.435 0.48 1
270 2.65606968347 7.498690907 0.0 0.435 0.48 1
271 2.52389759463 6.75932284748 0.0 0.435 0.48 1
292 11.6185159118 5.22760425292 0.0 0.435 0.48 1
293 9.69402294935 5.39371147352 0.0 0.435 0.48 1
294 9.3867438893 4.88059290414 0.0 0.435 0.48 1
295 11.5602170764 4.54169598855 0.0 0.435 0.48 1
296 11.636194981 9.66763116679 0.0 0.435 0.48 1
297 11.5884194011 7.67338988039 0.0 0.435 0.48 1
337 10.9441857005 12.1239178254 0.0 0.435 0.48 1
371 14.1927146676 12.7503997997 0.0 0.435 0.48 1
375 12.4984705351 12.0432508131 0.0 0.435 0.48 1
404 12.3833461201 11.5153353362 0.0 0.435 0.48 1
405 13.6339298015 11.5740456469 0.0 0.435 0.48 1
434 13.8888030493 1.78780055965 0.0 0.435 0.48 1
