203 10.2706973497 4.13430371044 0.0 0.435 0.48 1
204 11.0670973245 5.51041611558 0.0 0.435 0.48 1
205 13.6345611969 10.3948275765 0.0 0.435 0.48 1
206 13.9489960707 9.9074842655 0.0 0.435 0.48 1
208 14.1880844352 2.5791964555 0.0 0.435 0.48 1
209 13.6875984045 2.03576809156 0.0 0.435 0.48 1
266 12.7962786652 8.32326051501 0.0 0.435 0.48 1
267 12.0272391547 2.69685573676 0.0 0.435 0.48 1
268 7.46561836864 7.61038369326 0.0 0.435 0.48 1
269 7.24652418952 8.19342958396 0.0 0.435 0.48 1
270 4.37935800109 6.58701047209 0.0 0.435 0.48 1
271 3.71976034752 5.45122848525 0.0 0.435 0.48 1
272 1.04874764126 7.999160507 0.0 0.435 0.48 1
292 9.9880427075 5.44048879427 0.0 0.435 0.48 1
293 7.01795908046 6.76481202288 0.0 0.435 0.48 1
294 6.78602652966 6.18630066837 0.0 0.435 0.48 1
295 9.66729388043 5.11519548726 0.0 0.435 0.48 1
296 9.01485204059 9.40319610871 0.0 0.435 0.48 1
297 9.20427063925 7.56885688811 0.0 0.435 0.48 1
338 2.16779062914 12.6967013448 0.0 0.435 0.48 1
339 2.53252666412 13.1470523868 0.0 0.435 0.48 1
375 12.2402298456 11.8628240046 0.0 0.435 0.48 1
404 11.4240461505 12.4561322666 0.0 0.435 0.48 1
405 12.1122670589 12.5773714449 0.0 0.435 0.48 1
406 13.8704925848 11.0967260475 0.0 0.435 0.48 1
434 11.8912786938 4.57033516451 0.0 0.435 0.48 1
