63 14.7536041847 3.10019079828 0.0 0.435 0.48 1
64 9.96973224296 7.28031719026 0.0 0.435 0.48 1
65 10.0031961954 7.85882854476 0.0 0.435 0.48 1
66 9.9181682911 6.69440738196 0.0 0.435 0.48 1
67 6.7980230409 5.01185579398 0.0 0.435 0.48 1
68 12.2600135659 12.013656998 0.0 0.435 0.48 1
69 12.8863577322 11.9234435937 0.0 0.435 0.48 1
70 11.4598252191 8.67313578139 0.0 0.435 0.48 1
71 11.3815321983 9.17384404119 0.0 0.435 0.48 1
72 6.95566140801 0.948434044061 0.0 0.435 0.48 1
103 6.21524515235 0.584716509298 0.0 0.435 0.48 1
104 8.11090439475 7.90679916451 0.0 0.435 0.48 1
105 5.29025099555 3.59350060429 0.0 0.435 0.48 1
106 11.1226601135 6.09250736708 0.0 0.435 0.48 1
107 10.9288217475 6.72376253733 0.0 0.435 0.48 1
108 12.1067949661 6.50419552159 0.0 0.435 0.48 1
109 11.926215902 7.17840945578 0.0 0.435 0.48 1
110 0.379889522874 7.70441565435 0.0 0.435 0.48 1
111 14.6805727917 7.19320636336 0.0 0.435 0.48 1
222 13.3900007395 7.22256151873 0.0 0.435 0.48 1
232 6.2053532922 9.05618475993 0.0 0.435 0.48 1
233 6.10896027199 8.38149350614 0.0 0.435 0.48 1
236 9.36148807614 8.90582908611 0.0 0.435 0.48 1
237 9.33370668167 9.53326569955 0.0 0.435 0.48 1
238 9.04263343506 5.98916767381 0.0 0.435 0.48 1
239 9.96825898719 2.96224543404 0.0 0.435 0.48 1
240 1.92870226461 12.6468214466 0.0 0.435 0.48 1
241 2.833702236 12.7773683571 0.0 0.435 0.48 1
276 14.1483065295 9.28959404405 0.0 0.435 0.48 1
314 11.7113310251 9.94566983346 0.0 0.435 0.48 1
320 5.12061611719 11.3850270855 0.0 0.435 0.48 1
340 13.8675460732 7.86980689555 0.0 0.435 0.48 1
343 14.7586553474 5.86530323776 0.0 0.435 0.48 1
345 4.77945217449 10.1323017968 0.0 0.435 0.48 1
346 4.40040451205 9.78099457166 0.0 0.435 0.48 1
347 12.8602600586 8.37695896994 0.0 0.435 0.48 1
376 14.2478565263 8.7433017625 0.0 0.435 0.48 1
421 3.96495220024 4.84383929498 0.0 0.435 0.48 1
422 4.00031033865 5.42378260829 0.0 0.435 0.48 1
423 5.47377657114 5.39920064892 0.0 0.435 0.48 1
424 13.5768937568 3.56223617052 0.0 0.435 0.48 1
425 10.2580694431 5.31161250242 0.0 0.435 0.48 1
426 8.02734974623 6.12305582145 0.0 0.435 0.48 1
