142 8.69220902753 9.21035899054 0.0 0.435 0.48 1
155 15.0385739432 5.75551972989 0.0 0.435 0.48 1
158 1.58901157767 13.2694848641 0.0 0.435 0.48 1
160 12.2473856593 10.8296657316 0.0 0.435 0.48 1
165 8.82564390704 8.04951772474 0.0 0.435 0.48 1
166 9.68749853095 8.10202288067 0.0 0.435 0.48 1
167 8.83090553478 7.496304309 0.0 0.435 0.48 1
168 8.04797532697 6.63617439083 0.0 0.435 0.48 1
169 2.74025572732 7.09774244348 0.0 0.435 0.48 1
170 3.38154291635 4.03335061516 0.0 0.435 0.48 1
171 0.799767416577 6.19918829756 0.0 0.435 0.48 1
172 0.692640675778 5.55958003432 0.0 0.435 0.48 1
173 14.6805727917 5.25505012989 0.0 0.435 0.48 1
256 8.33210322497 5.47055992903 0.0 0.435 0.48 1
278 11.1533880195 7.92732390728 0.0 0.435 0.48 1
279 11.135077555 7.3278104904 0.0 0.435 0.48 1
280 11.9763065981 6.93545377967 0.0 0.435 0.48 1
281 12.2280228692 7.59487080628 0.0 0.435 0.48 1
282 10.5544043175 3.81187432102 0.0 0.435 0.48 1
283 14.0613844392 8.27361927667 0.0 0.435 0.48 1
284 14.5532414004 8.84282289898 0.0 0.435 0.48 1
285 14.4726332634 7.62804451844 0.0 0.435 0.48 1
329 1.97837203048 7.92183473189 0.0 0.435 0.48 1
331 2.31153829902 8.37528835134 0.0 0.435 0.48 1
332 2.77203595888 8.15786927381 0.0 0.435 0.48 1
333 6.72267653166 9.29150332244 0.0 0.435 0.48 1
334 1.39159530484 12.4515977304 0.0 0.435 0.48 1
335 9.82661596842 10.2850440687 0.0 0.435 0.48 1
336 9.48040086308 9.39675229412 0.0 0.435 0.48 1
358 11.6711321892 12.9666255782 0.0 0.435 0.48 1
360 12.0002996206 8.9127502203 0.0 0.435 0.48 1
361 11.9474728781 9.56238219512 0.0 0.435 0.48 1
398 12.465637978 12.9315425877 0.0 0.435 0.48 1
399 13.1961623735 10.5726291273 0.0 0.435 0.48 1
