4 13.7968297964 7.91706153589 0.0 0.435 0.48 1
38 0.948566249082 7.46193729784 0.0 0.435 0.48 1
39 0.897633692553 8.1590625728 0.0 0.435 0.48 1
41 15.0754053374 3.48872895221 0.0 0.435 0.48 1
42 2.86232549091 12.7921652646 0.0 0.435 0.48 1
44 3.30788012798 12.1000518455 0.0 0.435 0.48 1
45 6.97586605854 6.55073418253 0.0 0.435 0.48 1
46 7.16717884319 6.98915223461 0.0 0.435 0.48 1
47 7.36354279047 7.44618575106 0.0 0.435 0.48 1
48 8.04292416434 4.0825145339 0.0 0.435 0.48 1
49 8.31947531839 4.70995114734 0.0 0.435 0.48 1
50 10.7326682654 9.03900125435 0.0 0.435 0.48 1
51 11.3160775492 1.55606189413 0.0 0.435 0.48 1
75 13.7353739844 8.39676773332 0.0 0.435 0.48 1
83 4.4801707886 3.329304206 0.0 0.435 0.48 1
87 11.1498101126 8.01443473418 0.0 0.435 0.48 1
88 12.5879182067 6.26195582488 0.0 0.435 0.48 1
89 6.27186026684 7.93424504147 0.0 0.435 0.48 1
90 6.04918818086 7.13210945464 0.0 0.435 0.48 1
91 5.72065214473 5.29514497624 0.0 0.435 0.48 1
92 2.84296270082 7.48651925721 0.0 0.435 0.48 1
93 3.08415571645 6.46171407724 0.0 0.435 0.48 1
94 1.716342969 4.29659237424 0.0 0.435 0.48 1
95 1.56543948539 4.96961300943 0.0 0.435 0.48 1
221 7.94926719056 5.75480375049 0.0 0.435 0.48 1
222 13.2409914419 11.5387239965 0.0 0.435 0.48 1
223 13.1081879577 9.13852239083 0.0 0.435 0.48 1
224 12.7762844798 9.03398939855 0.0 0.435 0.48 1
225 13.0444170295 9.9905378758 0.0 0.435 0.48 1
226 13.4943914339 9.30582291043 0.0 0.435 0.48 1
227 8.53688577663 7.04213471014 0.0 0.435 0.48 1
228 8.67410902811 9.69459972416 0.0 0.435 0.48 1
229 5.22269169536 0.563714446923 0.0 0.435 0.48 1
230 4.83754054474 1.22504075193 0.0 0.435 0.48 1
232 11.6256717255 2.81308305922 0.0 0.435 0.48 1
233 11.380900803 2.01667530758 0.0 0.435 0.48 1
234 13.1166065621 0.933398476679 0.0 0.435 0.48 1
235 12.1227903144 8.05309762173 0.0 0.435 0.48 1
300 4.54099520528 8.72062908153 0.0 0.435 0.48 1
301 3.92685801539 8.18412185177 0.0 0.435 0.48 1
308 12.4475379786 11.1232172852 0.0 0.435 0.48 1
309 12.6527414605 11.5260750272 0.0 0.435 0.48 1
312 14.4389588459 11.5411105945 0.0 0.435 0.48 1
316 11.6944938163 6.81851047781 0.0 0.435 0.48 1
317 11.1662263912 3.88371092074 0.0 0.435 0.48 1
318 7.38732534786 9.38720590213 0.0 0.435 0.48 1
319 7.05521140487 10.0039028246 0.0 0.435 0.48 1
340 13.0957705162 11.8840647267 0.0 0.435 0.48 1
341 11.5568496346 12.3217667994 0.0 0.435 0.48 1
