4 4.86658472987 7.01134759598 0.0 0.435 0.48 1
7 0.754517418008 6.62567335964 0.0 0.435 0.48 1
8 1.19775693888 7.68317493218 0.0 0.435 0.48 1
10 12.3974472825 7.26814554047 0.0 0.435 0.48 1
11 11.3663787104 7.5760166821 0.0 0.435 0.48 1
12 11.6547159106 7.1619419296 0.0 0.435 0.48 1
13 12.2715891469 6.46433933504 0.0 0.435 0.48 1
19 3.83930452979 5.43141972188 0.0 0.435 0.48 1
20 3.82099406525 4.71830424033 0.0 0.435 0.48 1
23 12.4086019333 9.68266673417 0.0 0.435 0.48 1
26 3.77090336916 11.8177173024 0.0 0.435 0.48 1
27 4.99602077229 4.89992434792 0.0 0.435 0.48 1
28 9.08956715451 -0.0482092795421 0.0 0.435 0.48 1
29 5.0465323986 5.52354240457 0.0 0.435 0.48 1
30 8.63054275041 0.714786100142 0.0 0.435 0.48 1
32 11.023741512 13.5663776549 0.0 0.435 0.48 1
33 11.9013810191 9.04783166694 0.0 0.435 0.48 1
34 12.559715882 8.56024969612 0.0 0.435 0.48 1
35 14.318362338 9.92896364748 0.0 0.435 0.48 1
36 14.5157786109 10.4418435571 0.0 0.435 0.48 1
37 14.865361158 3.62213978025 0.0 0.435 0.48 1
73 13.4085216691 8.03853937395 0.0 0.435 0.48 1
74 12.7802833169 11.9905069974 0.0 0.435 0.48 1
75 5.26225913597 7.71324606694 0.0 0.435 0.48 1
76 7.9612637018 8.37576567094 0.0 0.435 0.48 1
77 7.17159861049 8.90201052931 0.0 0.435 0.48 1
78 7.21200791154 9.46691827523 0.0 0.435 0.48 1
79 4.73967426877 9.54639198854 0.0 0.435 0.48 1
80 3.71071034781 6.6593243914 0.0 0.435 0.48 1
81 3.4305812869 6.03451303575 0.0 0.435 0.48 1
82 12.1101624079 12.2527941173 0.0 0.435 0.48 1
217 9.43073109721 2.70544748955 0.0 0.435 0.48 1
219 11.3764810357 0.184484025178 0.0 0.435 0.48 1
220 10.446014786 1.39854642632 0.0 0.435 0.48 1
315 5.6303626127 9.95426158625 0.0 0.435 0.48 1
419 14.4581111708 5.07295270271 0.0 0.435 0.48 1
420 13.7871484013 5.58917384949 0.0 0.435 0.48 1
