203 9.09272413115 4.29563773504 0.0 0.435 0.48 1
204 4.49827078803 7.91920947409 0.0 0.435 0.48 1
205 10.4026589735 8.08985123089 0.0 0.435 0.48 1
206 10.4706392039 7.48962183461 0.0 0.435 0.48 1
208 7.26714977026 5.23691198511 0.0 0.435 0.48 1
209 6.77697652994 4.84240733619 0.0 0.435 0.48 1
210 6.11695794616 9.72729611672 0.0 0.435 0.48 1
211 5.77495214301 9.89197137852 0.0 0.435 0.48 1
212 15.1318099867 6.13045427524 0.0 0.435 0.48 1
264 6.44023235454 2.31500005722 0.0 0.435 0.48 1
265 5.62783703139 1.92837118168 0.0 0.435 0.48 1
266 8.86984158006 8.42182701229 0.0 0.435 0.48 1
267 5.33655331966 5.03476713475 0.0 0.435 0.48 1
268 2.17389411732 6.61922954505 0.0 0.435 0.48 1
269 2.41298248186 7.21826564233 0.0 0.435 0.48 1
270 1.08473717501 7.52088626837 0.0 0.435 0.48 1
271 0.916996482638 6.79607645664 0.0 0.435 0.48 1
292 13.7644181695 5.32211353361 0.0 0.435 0.48 1
293 13.0894565629 3.71808101974 0.0 0.435 0.48 1
294 13.1330228406 3.06677842632 0.0 0.435 0.48 1
295 13.826715842 4.61639650586 0.0 0.435 0.48 1
296 14.5296693081 8.31872597881 0.0 0.435 0.48 1
337 10.6383798962 10.9449384149 0.0 0.435 0.48 1
371 13.2245751633 12.1141327737 0.0 0.435 0.48 1
372 13.8504983993 12.2606698907 0.0 0.435 0.48 1
373 14.1889262956 12.5597106197 0.0 0.435 0.48 1
374 14.4915751233 11.8136600858 0.0 0.435 0.48 1
375 13.4741867833 13.1601786758 0.0 0.435 0.48 1
434 13.6802321257 1.54293560515 0.0 0.435 0.48 1
