1 11.8077240453 6.71827336193 0.0 0.435 0.48 1
2 14.1725100171 7.29057956165 0.0 0.435 0.48 1
3 8.12668927797 6.09704190328 0.0 0.435 0.48 1
4 2.91557316364 6.57030428611 0.0 0.435 0.48 1
5 8.88983576547 7.9132429791 0.0 0.435 0.48 1
6 12.7668135499 5.84239189699 0.0 0.435 0.48 1
7 11.1756973211 3.92834030328 0.0 0.435 0.48 1
8 11.7075426531 3.9987449442 0.0 0.435 0.48 1
9 13.9820390929 8.98100692302 0.0 0.435 0.48 1
10 2.93788246526 8.664066709 0.0 0.435 0.48 1
11 2.20209644201 7.75763678969 0.0 0.435 0.48 1
12 1.93627900855 8.12397958225 0.0 0.435 0.48 1
13 1.57049064803 7.55382132073 0.0 0.435 0.48 1
14 11.7439531171 9.64400384662 0.0 0.435 0.48 1
15 11.5934705637 9.18339043317 0.0 0.435 0.48 1
16 11.1597019728 9.65331157881 0.0 0.435 0.48 1
17 11.9965112487 2.80138872904 0.0 0.435 0.48 1
18 13.5960460818 4.20041247496 0.0 0.435 0.48 1
19 14.4970472161 4.52260320457 0.0 0.435 0.48 1
21 10.102325262 1.76608251788 0.0 0.435 0.48 1
22 9.65108806699 1.12671291445 0.0 0.435 0.48 1
23 2.19936039559 4.76532022088 0.0 0.435 0.48 1
24 2.01120458758 3.38109338254 0.0 0.435 0.48 1
25 10.6236473386 10.7690461425 0.0 0.435 0.48 1
74 12.9646507529 12.5654384549 0.0 0.435 0.48 1
75 0.765672068818 8.48721979741 0.0 0.435 0.48 1
76 0.539843006189 7.76694452187 0.0 0.435 0.48 1
213 3.13129990101 12.8754575347 0.0 0.435 0.48 1
214 2.75856619186 12.669016808 0.0 0.435 0.48 1
215 3.8176266235 12.0995745259 0.0 0.435 0.48 1
216 3.52781616754 11.7494605997 0.0 0.435 0.48 1
217 7.86171370495 4.82379187181 0.0 0.435 0.48 1
218 2.55862433772 3.89349597253 0.0 0.435 0.48 1
219 7.2679916307 3.47106812703 0.0 0.435 0.48 1
220 8.03808346682 4.19134340257 0.0 0.435 0.48 1
273 14.5679739581 8.65261103861 0.0 0.435 0.48 1
274 15.0091088278 8.832083208 0.0 0.435 0.48 1
409 10.3548833936 3.73096864892 0.0 0.435 0.48 1
