121 3.90370685333 6.63760634963 0.0 0.435 0.48 1
123 4.41576846505 7.43234348268 0.0 0.435 0.48 1
127 2.80781502751 12.5325034026 0.0 0.435 0.48 1
128 2.21640806947 12.123201846 0.0 0.435 0.48 1
129 3.5092952379 10.5442286111 0.0 0.435 0.48 1
130 3.85403708746 11.3198729602 0.0 0.435 0.48 1
132 3.3322940807 11.2964842998 0.0 0.435 0.48 1
133 4.3490510253 10.8864667639 0.0 0.435 0.48 1
134 3.42489872894 12.667823509 0.0 0.435 0.48 1
137 3.26599757117 5.15672229241 0.0 0.435 0.48 1
138 3.26768129205 5.8309362266 0.0 0.435 0.48 1
140 4.71315566495 6.18964190557 0.0 0.435 0.48 1
141 4.72809868774 5.59490168468 0.0 0.435 0.48 1
142 6.99985908104 8.93017238568 0.0 0.435 0.48 1
143 12.1215275238 10.8120049064 0.0 0.435 0.48 1
144 12.5963368111 10.6322940772 0.0 0.435 0.48 1
145 12.4959449538 12.2931276234 0.0 0.435 0.48 1
232 12.1810891498 7.87314813275 0.0 0.435 0.48 1
233 12.7135658771 7.47005173103 0.0 0.435 0.48 1
238 12.4382775138 8.40297288811 0.0 0.435 0.48 1
248 11.5949438195 5.21280734534 0.0 0.435 0.48 1
249 12.1789844987 4.80899496423 0.0 0.435 0.48 1
253 9.73085434354 7.36766667695 0.0 0.435 0.48 1
254 9.00348692467 7.88364916393 0.0 0.435 0.48 1
256 0.978241829539 6.52400428497 0.0 0.435 0.48 1
257 3.41900570587 8.13257133504 0.0 0.435 0.48 1
258 3.57411849166 7.62398730185 0.0 0.435 0.48 1
259 0.338427896278 6.77531305407 0.0 0.435 0.48 1
277 12.6470589025 8.7480749585 0.0 0.435 0.48 1
324 5.80883702566 9.87359457395 0.0 0.435 0.48 1
325 4.75251264045 9.92824766808 0.0 0.435 0.48 1
326 3.80373592626 11.9265461711 0.0 0.435 0.48 1
327 3.6383103501 8.73590330871 0.0 0.435 0.48 1
376 7.5893718531 8.03328885835 0.0 0.435 0.48 1
386 14.8868285991 11.15328842 0.0 0.435 0.48 1
