142 9.80641131789 10.9790667662 0.0 0.435 0.48 1
169 11.5711612621 12.181673497 0.0 0.435 0.48 1
176 3.00396850969 12.5709276303 0.0 0.435 0.48 1
177 2.66848712494 12.1296456606 0.0 0.435 0.48 1
178 14.3170995474 7.84188369898 0.0 0.435 0.48 1
179 4.38924986124 7.4091934821 0.0 0.435 0.48 1
180 10.1877740965 11.8945657579 0.0 0.435 0.48 1
181 9.97141596384 8.26741412187 0.0 0.435 0.48 1
182 4.56709287887 10.1301538586 0.0 0.435 0.48 1
183 5.21953471871 4.67773207438 0.0 0.435 0.48 1
184 4.55614869317 4.0018475216 0.0 0.435 0.48 1
185 9.32676133306 4.15984030901 0.0 0.435 0.48 1
186 5.12482541938 5.93666251787 0.0 0.435 0.48 1
187 3.08941734419 8.54998732473 0.0 0.435 0.48 1
188 14.4770530307 8.37003783575 0.0 0.435 0.48 1
362 8.36156834031 8.72086774133 0.0 0.435 0.48 1
363 8.56656135709 8.25762907009 0.0 0.435 0.48 1
364 4.00725568727 8.28149505006 0.0 0.435 0.48 1
417 9.08514738721 5.01973156737 0.0 0.435 0.48 1
418 8.16120555595 4.93285940028 0.0 0.435 0.48 1
432 10.4451729256 10.8898080011 0.0 0.435 0.48 1
