142 7.81814742726 9.92251983289 0.0 0.435 0.48 1
169 10.8073833793 11.2408765665 0.0 0.435 0.48 1
176 4.30211730586 10.9120033625 0.0 0.435 0.48 1
177 4.06829056906 10.5268064458 0.0 0.435 0.48 1
178 12.8781495929 5.67556869699 0.0 0.435 0.48 1
179 5.91827888267 7.47482492703 0.0 0.435 0.48 1
180 10.9664950021 10.7480440801 0.0 0.435 0.48 1
181 7.37869627836 6.80920274562 0.0 0.435 0.48 1
182 7.49382069333 8.37695896994 0.0 0.435 0.48 1
183 2.66175224143 5.09467074448 0.0 0.435 0.48 1
184 2.11538481685 4.22881299112 0.0 0.435 0.48 1
185 12.8709937791 3.95316092245 0.0 0.435 0.48 1
186 1.79905575708 6.05312850013 0.0 0.435 0.48 1
187 0.684432536502 6.56075789412 0.0 0.435 0.48 1
188 15.1640111485 3.93192020028 0.0 0.435 0.48 1
287 2.23513946422 3.74218565951 0.0 0.435 0.48 1
288 11.5227542869 12.7699699033 0.0 0.435 0.48 1
362 9.76221364487 8.98124558282 0.0 0.435 0.48 1
363 9.94847526689 8.44521567266 0.0 0.435 0.48 1
364 6.48232537647 8.3261244326 0.0 0.435 0.48 1
432 8.19382764794 9.47741930642 0.0 0.435 0.48 1
