142 9.28572063668 9.32205177681 0.0 0.435 0.48 1
150 3.60084756058 7.73758936651 0.0 0.435 0.48 1
151 3.32534873208 7.11039141286 0.0 0.435 0.48 1
152 4.49890218336 5.77103261687 0.0 0.435 0.48 1
153 3.90370685333 5.28368930586 0.0 0.435 0.48 1
154 4.84785333511 5.10875167267 0.0 0.435 0.48 1
155 13.413993762 3.81664751702 0.0 0.435 0.48 1
156 10.7943345425 6.27532077367 0.0 0.435 0.48 1
157 13.6301414296 9.37026105635 0.0 0.435 0.48 1
158 12.7752321543 5.96649499284 0.0 0.435 0.48 1
159 1.51598018463 6.21613314334 0.0 0.435 0.48 1
232 12.5498240219 7.93734761887 0.0 0.435 0.48 1
233 13.3994716694 8.16980226379 0.0 0.435 0.48 1
238 12.6386402981 8.38817598053 0.0 0.435 0.48 1
248 11.9272682276 5.36698157596 0.0 0.435 0.48 1
249 12.3288356568 4.93643929727 0.0 0.435 0.48 1
256 4.39451148898 4.40088670672 0.0 0.435 0.48 1
259 8.52699391648 8.67241980199 0.0 0.435 0.48 1
260 6.57829746646 6.39083211673 0.0 0.435 0.48 1
261 2.98860455668 4.8288037276 0.0 0.435 0.48 1
329 6.54188700249 9.53111776136 0.0 0.435 0.48 1
330 6.04055911136 9.55068786493 0.0 0.435 0.48 1
331 6.01635562376 10.2669059239 0.0 0.435 0.48 1
332 6.76056025139 10.3812239679 0.0 0.435 0.48 1
354 12.8072228509 6.5786573791 0.0 0.435 0.48 1
355 11.8986449727 6.83808058139 0.0 0.435 0.48 1
376 2.9014720013 12.492647216 0.0 0.435 0.48 1
391 14.3747669874 6.80466820943 0.0 0.435 0.48 1
392 14.9282902257 6.46744191243 0.0 0.435 0.48 1
393 13.1142914459 10.8246538758 0.0 0.435 0.48 1
394 13.8934332817 11.9776193682 0.0 0.435 0.48 1
395 13.437144924 10.3709615965 0.0 0.435 0.48 1
396 14.308680943 9.92132653389 0.0 0.435 0.48 1
415 5.17638937124 1.87849128354 0.0 0.435 0.48 1
416 5.77516260812 1.70880416595 0.0 0.435 0.48 1
