121 4.24886963312 6.67579191758 0.0 0.435 0.48 1
123 4.80912775494 7.60919039426 0.0 0.435 0.48 1
127 3.02354176488 12.4220039153 0.0 0.435 0.48 1
128 2.42098015602 12.0370456583 0.0 0.435 0.48 1
129 3.5705405848 10.297693038 0.0 0.435 0.48 1
130 3.91991266678 11.0888502741 0.0 0.435 0.48 1
132 3.36744175401 11.1828822352 0.0 0.435 0.48 1
133 4.38062079175 10.670718305 0.0 0.435 0.48 1
134 3.69134755772 12.4253451525 0.0 0.435 0.48 1
137 3.49561500577 5.19466920056 0.0 0.435 0.48 1
138 3.5225545398 5.84334653618 0.0 0.435 0.48 1
140 5.09325565294 6.20515479255 0.0 0.435 0.48 1
141 5.03516728268 5.58845787009 0.0 0.435 0.48 1
142 6.50463467809 8.76167856708 0.0 0.435 0.48 1
143 12.2827437977 11.1215466666 0.0 0.435 0.48 1
144 12.780493782 11.0201162518 0.0 0.435 0.48 1
145 12.7893333166 12.4740317516 0.0 0.435 0.48 1
232 12.1743542663 7.87195483375 0.0 0.435 0.48 1
233 12.7101984354 7.47005173103 0.0 0.435 0.48 1
238 12.4342786767 8.40130226951 0.0 0.435 0.48 1
248 11.5888403313 5.20994342774 0.0 0.435 0.48 1
249 12.1762484523 4.80684702603 0.0 0.435 0.48 1
253 9.37116947119 7.27840791186 0.0 0.435 0.48 1
254 8.64632763364 7.80417545063 0.0 0.435 0.48 1
255 14.8834611574 4.87796764634 0.0 0.435 0.48 1
256 0.919311598844 6.77221047667 0.0 0.435 0.48 1
257 3.03680106679 8.04975638453 0.0 0.435 0.48 1
258 3.18496850396 7.493917711 0.0 0.435 0.48 1
277 13.0488367968 8.71895846293 0.0 0.435 0.48 1
324 5.70360447085 9.97597962802 0.0 0.435 0.48 1
325 4.73693822234 10.1669074678 0.0 0.435 0.48 1
326 3.79405453122 11.7962379204 0.0 0.435 0.48 1
327 4.0318801051 8.7464043399 0.0 0.435 0.48 1
376 7.59463348084 8.03925535335 0.0 0.435 0.48 1
386 14.8563111582 11.1081817179 0.0 0.435 0.48 1
