179 3.64251965229 9.05570744033 0.0 0.435 0.48 1
189 6.52968002613 5.77413519427 0.0 0.435 0.48 1
190 6.22240096608 4.56078877252 0.0 0.435 0.48 1
191 9.63677643953 5.04312022774 0.0 0.435 0.48 1
192 10.563033387 5.96649499284 0.0 0.435 0.48 1
193 2.63775921894 7.9089471027 0.0 0.435 0.48 1
194 13.16059377 10.316785822 0.0 0.435 0.48 1
195 13.752000728 10.4136817007 0.0 0.435 0.48 1
196 13.4268321337 7.50632802059 0.0 0.435 0.48 1
197 13.7562100302 8.02612906436 0.0 0.435 0.48 1
198 13.7080135201 8.73828990671 0.0 0.435 0.48 1
199 14.5090437274 6.14835376022 0.0 0.435 0.48 1
200 13.7907263082 4.12284804005 0.0 0.435 0.48 1
263 1.97037435631 8.25762907009 0.0 0.435 0.48 1
362 4.68558473559 8.30655432903 0.0 0.435 0.48 1
363 5.09872774579 8.12207030385 0.0 0.435 0.48 1
366 12.686415878 10.7344404715 0.0 0.435 0.48 1
367 13.2306786515 12.0415801945 0.0 0.435 0.48 1
368 13.6240379414 12.5136492784 0.0 0.435 0.48 1
400 11.6761833518 11.7026832789 0.0 0.435 0.48 1
401 14.3383565235 10.2580755113 0.0 0.435 0.48 1
