45 4.37388590824 6.24214706151 0.0 0.435 0.48 1
46 4.43934055733 6.76815326007 0.0 0.435 0.48 1
47 3.97526499061 7.30609244863 0.0 0.435 0.48 1
48 2.2063057442 4.86173877996 0.0 0.435 0.48 1
49 2.57335689539 5.52712230156 0.0 0.435 0.48 1
50 5.7395940046 7.94403009326 0.0 0.435 0.48 1
51 9.30087412457 1.09878971788 0.0 0.435 0.48 1
52 10.7600287296 7.55358266093 0.0 0.435 0.48 1
53 11.7776275346 7.00705171959 0.0 0.435 0.48 1
54 12.3332554241 6.98986821401 0.0 0.435 0.48 1
55 13.2372030699 6.67817851558 0.0 0.435 0.48 1
56 13.5768937568 7.11635790786 0.0 0.435 0.48 1
87 13.2252065586 10.7396909871 0.0 0.435 0.48 1
89 12.0697531068 8.31228216422 0.0 0.435 0.48 1
90 11.457720568 8.75881464948 0.0 0.435 0.48 1
91 11.8725472991 6.54715428554 0.0 0.435 0.48 1
92 9.12681947891 8.28435896765 0.0 0.435 0.48 1
93 10.5703996658 8.15548267581 0.0 0.435 0.48 1
94 7.67334743184 4.13573566923 0.0 0.435 0.48 1
95 7.63125440991 4.92498362689 0.0 0.435 0.48 1
96 2.39993364506 6.46768057223 0.0 0.435 0.48 1
221 12.9610728461 5.82329911301 0.0 0.435 0.48 1
222 13.0562030756 11.4804910054 0.0 0.435 0.48 1
223 14.2305983873 7.43329812188 0.0 0.435 0.48 1
224 14.9842739449 6.92280481029 0.0 0.435 0.48 1
225 12.3517763537 7.87481875134 0.0 0.435 0.48 1
226 14.6420576766 7.63090843604 0.0 0.435 0.48 1
228 6.79528699448 2.4968588246 0.0 0.435 0.48 1
229 9.90596131474 6.13451149183 0.0 0.435 0.48 1
230 9.36569737834 6.15742283261 0.0 0.435 0.48 1
231 10.8021217515 11.6399157516 0.0 0.435 0.48 1
232 13.7854646805 5.78511354505 0.0 0.435 0.48 1
233 14.4223321022 4.78560630385 0.0 0.435 0.48 1
300 0.70274300104 8.50464196279 0.0 0.435 0.48 1
310 12.8714147094 12.9761719702 0.0 0.435 0.48 1
311 12.0935356642 11.3704688377 0.0 0.435 0.48 1
313 14.6443727929 9.54352807094 0.0 0.435 0.48 1
318 1.12556740628 7.75238627409 0.0 0.435 0.48 1
319 1.00497089846 8.4127579399 0.0 0.435 0.48 1
340 13.1635402815 11.818194622 0.0 0.435 0.48 1
341 12.4361728627 10.3843265453 0.0 0.435 0.48 1
342 13.9471018847 12.1742750432 0.0 0.435 0.48 1
376 14.1388355995 11.6711801854 0.0 0.435 0.48 1
