72 3.651569652 11.9162837997 0.0 0.435 0.48 1
103 12.342726354 5.10373981687 0.0 0.435 0.48 1
114 2.95766618557 6.15455891501 0.0 0.435 0.48 1
115 3.29798826783 7.27339605607 0.0 0.435 0.48 1
116 3.21401268909 6.7423780017 0.0 0.435 0.48 1
117 3.28746501235 5.60611869527 0.0 0.435 0.48 1
120 4.21456382025 8.12636618024 0.0 0.435 0.48 1
121 5.68655679697 7.04165739055 0.0 0.435 0.48 1
122 7.75079859218 6.23331664892 0.0 0.435 0.48 1
123 6.35604631069 7.04046409155 0.0 0.435 0.48 1
124 8.92603576433 6.76743728067 0.0 0.435 0.48 1
125 10.0972740994 4.03621453275 0.0 0.435 0.48 1
126 10.0391857291 3.53216503576 0.0 0.435 0.48 1
127 11.0228996515 6.37221665235 0.0 0.435 0.48 1
128 11.0052205823 5.70945838854 0.0 0.435 0.48 1
129 12.077750781 5.56292127152 0.0 0.435 0.48 1
130 12.2675903099 7.50298678339 0.0 0.435 0.48 1
131 11.1527566242 4.61544186666 0.0 0.435 0.48 1
132 12.2926356579 6.61445634906 0.0 0.435 0.48 1
133 12.3858717015 7.97720380542 0.0 0.435 0.48 1
134 13.6027809653 5.23667332531 0.0 0.435 0.48 1
135 13.6093053837 4.19134340257 0.0 0.435 0.48 1
232 10.1000101458 7.70322235535 0.0 0.435 0.48 1
233 10.5036822261 7.46575585464 0.0 0.435 0.48 1
238 10.4921066451 8.0788728801 0.0 0.435 0.48 1
243 9.82787875907 9.14162496822 0.0 0.435 0.48 1
244 8.23970904184 9.19055022717 0.0 0.435 0.48 1
245 8.32494741124 8.79174970184 0.0 0.435 0.48 1
246 7.2919846532 5.00875321659 0.0 0.435 0.48 1
247 7.63988347941 4.15268051501 0.0 0.435 0.48 1
248 2.87811037413 4.48489495622 0.0 0.435 0.48 1
249 2.42666271398 4.0006542226 0.0 0.435 0.48 1
250 1.63468250646 3.44720214706 0.0 0.435 0.48 1
251 1.26763135527 6.21350788554 0.0 0.435 0.48 1
252 0.890898809045 6.51541253218 0.0 0.435 0.48 1
321 6.85989978313 7.39177131672 0.0 0.435 0.48 1
322 10.1210566568 9.59412394848 0.0 0.435 0.48 1
323 9.69318108891 8.57313732531 0.0 0.435 0.48 1
324 0.655388351374 12.8260549562 0.0 0.435 0.48 1
325 0.97782089932 13.5231802312 0.0 0.435 0.48 1
376 10.983542676 8.71800382373 0.0 0.435 0.48 1
377 7.38437883632 7.88603576193 0.0 0.435 0.48 1
380 13.2523565578 11.1692786266 0.0 0.435 0.48 1
381 13.452508877 10.1800337568 0.0 0.435 0.48 1
382 14.4444309387 10.7194049041 0.0 0.435 0.48 1
383 14.3269914075 10.1733512824 0.0 0.435 0.48 1
384 14.8843030178 5.97222282803 0.0 0.435 0.48 1
