64 7.71733463975 7.19249038396 0.0 0.435 0.48 1
65 7.69418347769 7.70871153074 0.0 0.435 0.48 1
66 7.56495790038 6.56576974992 0.0 0.435 0.48 1
67 3.62105221111 6.06458417052 0.0 0.435 0.48 1
68 12.2576984497 13.4919157974 0.0 0.435 0.48 1
70 8.14499974251 8.26550484348 0.0 0.435 0.48 1
71 8.12626834775 8.75809867008 0.0 0.435 0.48 1
72 7.02679861507 0.75798352389 0.0 0.435 0.48 1
103 6.27438584816 0.582568571101 0.0 0.435 0.48 1
104 6.49474281793 7.63138575564 0.0 0.435 0.48 1
105 11.5987321915 2.87704388555 0.0 0.435 0.48 1
106 8.01303811877 5.26411920228 0.0 0.435 0.48 1
107 7.97094509685 5.84286921658 0.0 0.435 0.48 1
108 8.80543925651 7.23807440571 0.0 0.435 0.48 1
109 9.16449273353 7.80703936823 0.0 0.435 0.48 1
110 3.05700571731 7.9101404017 0.0 0.435 0.48 1
111 11.2163170873 6.90371202631 0.0 0.435 0.48 1
112 11.2512542955 6.14548984262 0.0 0.435 0.48 1
222 14.1758774588 5.57557024091 0.0 0.435 0.48 1
232 6.14242422442 9.08482393589 0.0 0.435 0.48 1
233 6.04161143691 8.50344866379 0.0 0.435 0.48 1
236 5.95805678839 8.00870689898 0.0 0.435 0.48 1
237 5.78210795674 9.41847033589 0.0 0.435 0.48 1
238 6.48001026026 8.72516361772 0.0 0.435 0.48 1
239 4.17646963541 3.81068102202 0.0 0.435 0.48 1
240 4.4890103232 11.7181961659 0.0 0.435 0.48 1
241 4.96697658716 11.4239286329 0.0 0.435 0.48 1
242 1.63636622734 3.9975516452 0.0 0.435 0.48 1
314 9.82998341017 10.0351672584 0.0 0.435 0.48 1
320 4.9021533334 12.3563724704 0.0 0.435 0.48 1
340 14.9678576663 5.39275683433 0.0 0.435 0.48 1
345 4.03398475619 11.5559075021 0.0 0.435 0.48 1
346 3.80415685648 11.2917111038 0.0 0.435 0.48 1
350 13.0117949375 11.2103281121 0.0 0.435 0.48 1
351 13.6882297998 11.9807219456 0.0 0.435 0.48 1
352 11.4055252208 12.4909765974 0.0 0.435 0.48 1
376 14.2034483882 8.71203732874 0.0 0.435 0.48 1
421 2.29175457871 4.84145269699 0.0 0.435 0.48 1
422 2.27870574192 5.36554961716 0.0 0.435 0.48 1
423 2.85832665382 5.35051404978 0.0 0.435 0.48 1
425 6.50021491078 6.50801407839 0.0 0.435 0.48 1
426 4.82364984751 5.26817641887 0.0 0.435 0.48 1
