64 4.69337194465 6.82232903461 0.0 0.435 0.48 1
65 4.52920915914 7.38150894534 0.0 0.435 0.48 1
66 4.6769556661 6.30061871244 0.0 0.435 0.48 1
67 0.24729650381 6.44381459226 0.0 0.435 0.48 1
70 4.35852195524 8.03209555936 0.0 0.435 0.48 1
71 4.65127892272 8.48029866322 0.0 0.435 0.48 1
72 6.99354512775 0.78304280286 0.0 0.435 0.48 1
103 6.33015910221 0.62481135565 0.0 0.435 0.48 1
104 3.28830687279 7.26933883947 0.0 0.435 0.48 1
106 3.98305219966 5.11853672445 0.0 0.435 0.48 1
107 3.98999754828 5.78344292646 0.0 0.435 0.48 1
108 5.49987424473 7.64952390042 0.0 0.435 0.48 1
109 5.72570330736 8.18674710957 0.0 0.435 0.48 1
110 6.19967073424 9.33923528239 0.0 0.435 0.48 1
111 6.51789397999 6.90776924291 0.0 0.435 0.48 1
112 6.41918584358 6.13904602803 0.0 0.435 0.48 1
113 9.33054970503 8.8277873316 0.0 0.435 0.48 1
114 12.8838321508 5.87723622774 0.0 0.435 0.48 1
115 12.9593891252 6.74023006351 0.0 0.435 0.48 1
116 13.1250251665 6.31613159942 0.0 0.435 0.48 1
117 13.2744553943 5.10517177567 0.0 0.435 0.48 1
118 14.4168600093 6.90037078911 0.0 0.435 0.48 1
119 14.5336681452 7.74021462431 0.0 0.435 0.48 1
232 6.52441839839 8.76120124748 0.0 0.435 0.48 1
233 6.3802497983 8.3311362884 0.0 0.435 0.48 1
236 2.03835458672 8.29295072044 0.0 0.435 0.48 1
237 2.20041272113 8.9151368183 0.0 0.435 0.48 1
238 6.90999047923 8.90630640571 0.0 0.435 0.48 1
242 7.21621721373 3.37632018655 0.0 0.435 0.48 1
243 1.82936273287 7.45358420485 0.0 0.435 0.48 1
244 1.2354301935 8.08531669469 0.0 0.435 0.48 1
245 1.26468484374 7.5807898781 0.0 0.435 0.48 1
321 10.5607182708 12.0150889568 0.0 0.435 0.48 1
345 2.38309643629 13.5814132223 0.0 0.435 0.48 1
346 1.97542551895 13.2592224927 0.0 0.435 0.48 1
350 13.9117437462 9.89650591472 0.0 0.435 0.48 1
351 14.1697739706 10.6960162438 0.0 0.435 0.48 1
352 13.2087902801 10.4532992274 0.0 0.435 0.48 1
353 13.604043756 10.7318152137 0.0 0.435 0.48 1
376 14.1491483899 8.67337444119 0.0 0.435 0.48 1
421 0.8767976467 5.02832332016 0.0 0.435 0.48 1
423 0.744836022965 5.7505078741 0.0 0.435 0.48 1
425 2.56998945364 6.72662645492 0.0 0.435 0.48 1
426 1.4408441405 6.30419860943 0.0 0.435 0.48 1
427 11.5966275404 11.5272683262 0.0 0.435 0.48 1
428 11.714908932 10.6750141814 0.0 0.435 0.48 1
429 12.2549624033 11.1396848114 0.0 0.435 0.48 1
