4 4.832278917 7.01516615278 0.0 0.435 0.48 1
7 1.48062204622 6.71898934133 0.0 0.435 0.48 1
8 2.05876970236 7.60489451787 0.0 0.435 0.48 1
10 11.6328275392 7.23664244691 0.0 0.435 0.48 1
11 11.0630984875 7.78174142946 0.0 0.435 0.48 1
12 10.9974333733 6.95239862545 0.0 0.435 0.48 1
13 11.5048647526 6.53235737796 0.0 0.435 0.48 1
19 4.81965101042 5.75170117309 0.0 0.435 0.48 1
20 4.90383705427 5.05004136194 0.0 0.435 0.48 1
23 11.5454845187 9.40224146951 0.0 0.435 0.48 1
25 0.0772406952326 7.97123731043 0.0 0.435 0.48 1
26 4.37767428021 10.9306188269 0.0 0.435 0.48 1
27 6.19819747847 4.76532022088 0.0 0.435 0.48 1
28 9.2775124974 -0.00572783519312 0.0 0.435 0.48 1
29 6.41918584358 5.44144343347 0.0 0.435 0.48 1
30 9.47387644468 0.93244383748 0.0 0.435 0.48 1
31 11.4650868469 13.293350844 0.0 0.435 0.48 1
32 11.2809298759 12.505773505 0.0 0.435 0.48 1
33 13.1572263282 9.35188425177 0.0 0.435 0.48 1
34 14.1257867627 8.97885898482 0.0 0.435 0.48 1
73 12.5420368128 8.75022289669 0.0 0.435 0.48 1
74 12.7430309925 11.7377662695 0.0 0.435 0.48 1
75 4.88279054331 7.69081204577 0.0 0.435 0.48 1
76 6.66858699848 8.29199608124 0.0 0.435 0.48 1
77 6.02751027457 8.71346928754 0.0 0.435 0.48 1
78 6.14431841041 9.26310280628 0.0 0.435 0.48 1
79 4.10238591682 10.6406471702 0.0 0.435 0.48 1
80 2.48727666555 6.51684449098 0.0 0.435 0.48 1
81 2.20293830245 5.34192229699 0.0 0.435 0.48 1
82 12.1901391495 12.6081585591 0.0 0.435 0.48 1
217 8.3525183406 3.61903720285 0.0 0.435 0.48 1
219 11.3411228973 0.204531448354 0.0 0.435 0.48 1
220 10.248177583 1.90760777911 0.0 0.435 0.48 1
315 6.38761607713 10.4821770632 0.0 0.435 0.48 1
419 14.1127379259 3.89349597253 0.0 0.435 0.48 1
420 13.7907263082 4.7459887771 0.0 0.435 0.48 1
