142 8.69220902753 8.9086930037 0.0 0.435 0.48 1
155 14.1074762982 5.59967488068 0.0 0.435 0.48 1
156 4.39177544256 9.54734662774 0.0 0.435 0.48 1
158 4.48438009079 8.68912598797 0.0 0.435 0.48 1
159 9.83166713105 10.9034116097 0.0 0.435 0.48 1
160 12.1394170581 10.6676157276 0.0 0.435 0.48 1
161 5.04379635218 6.56409913132 0.0 0.435 0.48 1
162 5.27930680985 9.73183065292 0.0 0.435 0.48 1
163 5.210484719 7.74116926351 0.0 0.435 0.48 1
164 4.29348823636 7.92350535049 0.0 0.435 0.48 1
165 2.46917666613 8.35595690757 0.0 0.435 0.48 1
166 2.19451969807 7.79558369784 0.0 0.435 0.48 1
167 1.21333135699 6.14071664663 0.0 0.435 0.48 1
248 12.0655438046 5.48225425922 0.0 0.435 0.48 1
249 12.6611600649 4.88441146094 0.0 0.435 0.48 1
256 8.36830322382 5.38822229813 0.0 0.435 0.48 1
259 13.9643600237 10.9098554243 0.0 0.435 0.48 1
260 14.9430227834 9.68958786837 0.0 0.435 0.48 1
262 4.43281613893 5.99227025121 0.0 0.435 0.48 1
329 6.22324282652 8.83399248639 0.0 0.435 0.48 1
331 5.79684051442 9.52181002917 0.0 0.435 0.48 1
332 5.9233300453 9.12468012244 0.0 0.435 0.48 1
334 2.32816504268 11.9788126672 0.0 0.435 0.48 1
358 12.44059263 11.2184425453 0.0 0.435 0.48 1
359 13.4085216691 5.48917539341 0.0 0.435 0.48 1
396 2.22335341808 7.20108213675 0.0 0.435 0.48 1
397 15.174534404 11.1642667708 0.0 0.435 0.48 1
