203 9.80051829482 4.10447123547 0.0 0.435 0.48 1
204 9.75589969158 6.09871252188 0.0 0.435 0.48 1
205 13.1239728409 9.78839302545 0.0 0.435 0.48 1
206 13.5002844569 9.31632394161 0.0 0.435 0.48 1
208 12.4839484425 2.7445876967 0.0 0.435 0.48 1
209 12.0287124104 1.97801242003 0.0 0.435 0.48 1
265 7.33407767512 0.0212407221745 0.0 0.435 0.48 1
266 11.786046139 8.67981825578 0.0 0.435 0.48 1
267 10.0932752623 2.38254078054 0.0 0.435 0.48 1
268 6.27396491794 7.22590275592 0.0 0.435 0.48 1
269 6.2447102677 7.82231359541 0.0 0.435 0.48 1
270 3.46930686707 7.28676100485 0.0 0.435 0.48 1
271 3.16265920234 6.36911407495 0.0 0.435 0.48 1
292 10.9462903516 5.39538209212 0.0 0.435 0.48 1
293 8.32431601591 6.09823520228 0.0 0.435 0.48 1
294 8.00672416548 5.51375735278 0.0 0.435 0.48 1
295 10.5689264101 4.78512898425 0.0 0.435 0.48 1
296 10.2965845582 9.46095178024 0.0 0.435 0.48 1
297 10.305845023 7.7464197791 0.0 0.435 0.48 1
337 10.7448752417 12.3687827799 0.0 0.435 0.48 1
338 1.22069763583 13.4126807439 0.0 0.435 0.48 1
371 14.6746797686 12.7766523777 0.0 0.435 0.48 1
375 12.3420949587 11.9554240068 0.0 0.435 0.48 1
404 11.7248007921 11.8136600858 0.0 0.435 0.48 1
405 12.8669949421 12.2215296835 0.0 0.435 0.48 1
406 14.6807832568 10.6859925322 0.0 0.435 0.48 1
434 12.8499472682 3.31092740142 0.0 0.435 0.48 1
