4 6.66711374272 6.85741202517 0.0 0.435 0.48 1
28 0.520269750994 5.3318985854 0.0 0.435 0.48 1
30 0.496066263387 4.85004444978 0.0 0.435 0.48 1
37 4.33031963055 2.7460196555 0.0 0.435 0.48 1
38 9.65171946232 7.07244450471 0.0 0.435 0.48 1
39 9.75316364516 7.59105224949 0.0 0.435 0.48 1
40 12.4706891406 12.3625776252 0.0 0.435 0.48 1
41 13.9538367682 2.23146912732 0.0 0.435 0.48 1
42 10.9372403519 3.04482172474 0.0 0.435 0.48 1
43 13.5493228275 9.55355178253 0.0 0.435 0.48 1
44 12.4999437909 6.42352850929 0.0 0.435 0.48 1
45 13.9066925836 5.5822527153 0.0 0.435 0.48 1
46 14.4088623352 5.87675890814 0.0 0.435 0.48 1
47 14.6149076775 6.49154655221 0.0 0.435 0.48 1
75 7.45593697359 6.98151512102 0.0 0.435 0.48 1
80 14.688780931 10.0055734432 0.0 0.435 0.48 1
81 15.2298867278 8.9110796017 0.0 0.435 0.48 1
82 13.0048495889 7.35692698597 0.0 0.435 0.48 1
83 6.55409397885 3.51736812818 0.0 0.435 0.48 1
84 13.1873228389 8.02779968296 0.0 0.435 0.48 1
85 12.6443228561 7.92350535049 0.0 0.435 0.48 1
86 8.57077065928 3.31045008183 0.0 0.435 0.48 1
87 1.64162785508 7.26957749927 0.0 0.435 0.48 1
217 2.29470109025 6.62925325664 0.0 0.435 0.48 1
219 2.50032550235 5.37461868955 0.0 0.435 0.48 1
220 2.54578596603 6.10778159427 0.0 0.435 0.48 1
221 1.8344138955 8.05978009612 0.0 0.435 0.48 1
222 12.9793833106 11.9926549356 0.0 0.435 0.48 1
223 10.6688973371 12.3205735004 0.0 0.435 0.48 1
224 10.3955031597 12.6568451582 0.0 0.435 0.48 1
232 2.21598713925 4.42546866609 0.0 0.435 0.48 1
233 4.6070812497 3.79469081544 0.0 0.435 0.48 1
235 1.6224755301 13.2630410495 0.0 0.435 0.48 1
300 10.7968601238 9.03327341915 0.0 0.435 0.48 1
301 11.2125287153 8.66931722459 0.0 0.435 0.48 1
302 13.3142333 12.505773505 0.0 0.435 0.48 1
303 13.129865864 10.9155832595 0.0 0.435 0.48 1
304 12.8564716866 11.326078115 0.0 0.435 0.48 1
316 9.20637529035 8.43829453847 0.0 0.435 0.48 1
317 8.67452995833 8.86215434276 0.0 0.435 0.48 1
410 2.70826503066 0.112886085264 0.0 0.435 0.48 1
411 10.2873240934 5.91876303289 0.0 0.435 0.48 1
