121 5.4356823863 7.28055585006 0.0 0.435 0.48 1
123 5.74990679497 7.94164349526 0.0 0.435 0.48 1
127 3.94811499147 11.4730925516 0.0 0.435 0.48 1
128 3.56527895706 11.0165363548 0.0 0.435 0.48 1
129 4.98633937725 8.66860124519 0.0 0.435 0.48 1
130 4.18320451892 9.8244306552 0.0 0.435 0.48 1
132 3.66061965172 9.59841982488 0.0 0.435 0.48 1
133 4.68726845647 9.69841828096 0.0 0.435 0.48 1
134 5.53081261585 11.0602110981 0.0 0.435 0.48 1
136 1.48546274374 5.52807694076 0.0 0.435 0.48 1
137 5.50197889583 5.36745889556 0.0 0.435 0.48 1
138 5.85829632643 5.94549293046 0.0 0.435 0.48 1
139 2.42034876069 6.37221665235 0.0 0.435 0.48 1
140 7.35407186054 6.68438367037 0.0 0.435 0.48 1
141 7.65166952555 6.28128726866 0.0 0.435 0.48 1
142 2.81686502723 7.75501153189 0.0 0.435 0.48 1
232 12.1274205468 7.86384040056 0.0 0.435 0.48 1
233 12.6857844827 7.47005173103 0.0 0.435 0.48 1
238 12.406076352 8.38960793933 0.0 0.435 0.48 1
244 11.5185449847 13.3534931136 0.0 0.435 0.48 1
245 11.9912496209 13.1561214592 0.0 0.435 0.48 1
248 11.5465368443 5.19037332417 0.0 0.435 0.48 1
249 12.1606740342 4.72188413733 0.0 0.435 0.48 1
251 8.50384275442 12.319857521 0.0 0.435 0.48 1
252 9.5355427218 11.6893183302 0.0 0.435 0.48 1
253 6.71615211326 7.09702646408 0.0 0.435 0.48 1
254 6.08244166818 7.03569089555 0.0 0.435 0.48 1
255 10.3127903717 3.9140207153 0.0 0.435 0.48 1
256 0.768618580352 7.88722906093 0.0 0.435 0.48 1
257 1.02896392096 7.48270070042 0.0 0.435 0.48 1
258 1.02391275833 6.87197027295 0.0 0.435 0.48 1
321 0.163952320398 3.97678824263 0.0 0.435 0.48 1
322 1.42590111771 8.38006154734 0.0 0.435 0.48 1
324 4.81880914999 10.3065234506 0.0 0.435 0.48 1
325 4.60392427306 11.0513806855 0.0 0.435 0.48 1
326 4.06450219709 10.5101002598 0.0 0.435 0.48 1
327 5.2563661129 9.43899507867 0.0 0.435 0.48 1
376 7.63146487502 8.0810208183 0.0 0.435 0.48 1
386 14.5801809344 9.93683942087 0.0 0.435 0.48 1
