72 4.17668010052 9.35379353017 0.0 0.435 0.48 1
103 9.41010551647 4.88560475993 0.0 0.435 0.48 1
110 14.0447576955 11.4859801808 0.0 0.435 0.48 1
114 4.70347426991 6.03355839656 0.0 0.435 0.48 1
115 4.50121729956 7.1645671874 0.0 0.435 0.48 1
116 4.64180799279 6.59775016308 0.0 0.435 0.48 1
117 5.08820449031 5.37509600915 0.0 0.435 0.48 1
120 7.80046835805 7.29105688125 0.0 0.435 0.48 1
121 8.14647299828 6.62328676165 0.0 0.435 0.48 1
122 10.3700368815 5.79871715364 0.0 0.435 0.48 1
123 9.5681648138 6.70634037195 0.0 0.435 0.48 1
124 11.4549845216 6.14000066723 0.0 0.435 0.48 1
125 12.0379728753 4.36962227295 0.0 0.435 0.48 1
126 12.2917937975 3.5798969957 0.0 0.435 0.48 1
127 13.4066274831 6.4984676864 0.0 0.435 0.48 1
128 13.6650786378 5.59872024148 0.0 0.435 0.48 1
129 14.5688158185 4.95171352445 0.0 0.435 0.48 1
130 14.7167727906 6.55407541973 0.0 0.435 0.48 1
131 15.0366797572 4.05936453333 0.0 0.435 0.48 1
132 14.8556797629 5.95002746666 0.0 0.435 0.48 1
232 10.0532868915 7.68723214877 0.0 0.435 0.48 1
233 10.4729543201 7.35907492416 0.0 0.435 0.48 1
238 10.4106566476 8.04808576594 0.0 0.435 0.48 1
243 8.84353344136 9.13518115363 0.0 0.435 0.48 1
244 6.35604631069 8.72301567953 0.0 0.435 0.48 1
245 6.58398002442 8.23447906951 0.0 0.435 0.48 1
246 4.74409403607 4.830713006 0.0 0.435 0.48 1
247 4.84259170737 4.0789346369 0.0 0.435 0.48 1
248 1.00875927044 4.23812072331 0.0 0.435 0.48 1
249 0.294651153476 3.55603101573 0.0 0.435 0.48 1
321 7.0122765225 7.9984445276 0.0 0.435 0.48 1
322 10.588078735 10.6387378918 0.0 0.435 0.48 1
323 8.01872067673 9.4079693047 0.0 0.435 0.48 1
376 11.2861915037 8.73494866951 0.0 0.435 0.48 1
377 11.3508042923 7.15716873361 0.0 0.435 0.48 1
378 12.0663856651 12.6850070146 0.0 0.435 0.48 1
379 12.7101984354 12.9002781539 0.0 0.435 0.48 1
380 14.8447355772 9.92824766808 0.0 0.435 0.48 1
381 15.0417309198 9.11131517366 0.0 0.435 0.48 1
