51 9.4393601667 7.39845379112 0.0 0.435 0.48 1
55 2.66301503209 6.69846459856 0.0 0.435 0.48 1
56 2.86737665354 7.20275275535 0.0 0.435 0.48 1
58 4.25876149327 4.75219393189 0.0 0.435 0.48 1
59 4.64264985323 5.15576765321 0.0 0.435 0.48 1
60 10.4691659481 3.07179028211 0.0 0.435 0.48 1
61 10.7842322172 3.88418824034 0.0 0.435 0.48 1
62 12.2650647285 7.04165739055 0.0 0.435 0.48 1
63 12.4050240264 7.69295998396 0.0 0.435 0.48 1
64 13.38137167 7.09296924748 0.0 0.435 0.48 1
65 13.8435530507 7.5757780223 0.0 0.435 0.48 1
66 13.4981798058 6.52853882116 0.0 0.435 0.48 1
72 2.35720922781 5.2505155937 0.0 0.435 0.48 1
98 6.46233119105 8.05405226093 0.0 0.435 0.48 1
99 6.59218816369 7.54045637195 0.0 0.435 0.48 1
102 8.96412994917 3.97129906723 0.0 0.435 0.48 1
103 1.68456273744 4.46341557424 0.0 0.435 0.48 1
104 0.838072066529 5.47652642402 0.0 0.435 0.48 1
222 11.0988775561 8.44235175506 0.0 0.435 0.48 1
232 6.43644398257 8.95141310785 0.0 0.435 0.48 1
233 8.14499974251 8.75881464948 0.0 0.435 0.48 1
340 11.6517693991 8.44664763146 0.0 0.435 0.48 1
343 11.6944938163 7.96885071243 0.0 0.435 0.48 1
345 10.1250554939 11.4804910054 0.0 0.435 0.48 1
346 10.4609578088 11.012717798 0.0 0.435 0.48 1
347 9.49197644411 10.1747832412 0.0 0.435 0.48 1
348 11.3207077816 12.5578013413 0.0 0.435 0.48 1
349 10.6219636177 12.801234337 0.0 0.435 0.48 1
376 14.3253076867 8.86955279655 0.0 0.435 0.48 1
412 4.27644056248 3.98418669642 0.0 0.435 0.48 1
413 4.95645333168 3.39493565092 0.0 0.435 0.48 1
414 4.29306730614 3.35842070157 0.0 0.435 0.48 1
421 11.3143938284 5.28679188325 0.0 0.435 0.48 1
422 11.8197205566 5.07629393991 0.0 0.435 0.48 1
