203 9.41031598158 4.20924288755 0.0 0.435 0.48 1
204 8.79007530351 6.42352850929 0.0 0.435 0.48 1
205 12.7512391318 9.42014095449 0.0 0.435 0.48 1
206 13.0715670286 8.90010125091 0.0 0.435 0.48 1
208 11.3141833632 2.80234336824 0.0 0.435 0.48 1
209 10.8896752371 2.13242531044 0.0 0.435 0.48 1
264 8.46385438359 0.222192273533 0.0 0.435 0.48 1
265 7.18212186597 0.286391759656 0.0 0.435 0.48 1
266 11.127500811 8.86454094076 0.0 0.435 0.48 1
267 9.02537529607 2.46845830844 0.0 0.435 0.48 1
268 5.47356610603 6.95860378025 0.0 0.435 0.48 1
269 5.60089749735 7.66790070499 0.0 0.435 0.48 1
270 2.88463479253 7.45095894705 0.0 0.435 0.48 1
271 2.75561968033 6.71898934133 0.0 0.435 0.48 1
292 11.3817426634 5.2471743565 0.0 0.435 0.48 1
293 9.23099970818 5.63237127324 0.0 0.435 0.48 1
294 8.88478460284 5.12832177624 0.0 0.435 0.48 1
295 11.2318915054 4.61400990786 0.0 0.435 0.48 1
296 11.2356798774 9.6628579708 0.0 0.435 0.48 1
297 11.1399182525 7.71491668554 0.0 0.435 0.48 1
337 10.8776787259 12.2055394769 0.0 0.435 0.48 1
371 14.3532995462 12.7592302123 0.0 0.435 0.48 1
375 12.4254391421 12.0155662764 0.0 0.435 0.48 1
404 12.1057426406 11.5874105957 0.0 0.435 0.48 1
405 13.38137167 11.8031590546 0.0 0.435 0.48 1
434 13.5320646885 2.33791139799 0.0 0.435 0.48 1
