45 2.50979643228 6.07508520171 0.0 0.435 0.48 1
46 2.6785894502 6.73020635192 0.0 0.435 0.48 1
47 2.68827084525 7.12948419684 0.0 0.435 0.48 1
50 8.98938576233 4.4951573276 0.0 0.435 0.48 1
51 7.35912302317 0.0828149505006 0.0 0.435 0.48 1
52 4.96697658716 8.04283525034 0.0 0.435 0.48 1
53 4.7710335701 7.34427801658 0.0 0.435 0.48 1
54 6.784763739 8.64592856422 0.0 0.435 0.48 1
55 9.27351366032 7.03974811215 0.0 0.435 0.48 1
56 9.49534388587 7.57172080571 0.0 0.435 0.48 1
57 11.4072089417 6.97984450242 0.0 0.435 0.48 1
58 14.6717332571 0.796885071243 0.0 0.435 0.48 1
87 12.3328344938 13.4654245596 0.0 0.435 0.48 1
89 15.4369843957 9.4986600286 0.0 0.435 0.48 1
90 14.7037239538 9.54376673074 0.0 0.435 0.48 1
92 14.7441332548 8.21323834734 0.0 0.435 0.48 1
93 12.4978391398 11.3277487336 0.0 0.435 0.48 1
94 14.1748251333 2.53838562975 0.0 0.435 0.48 1
95 13.7242193336 3.55507637653 0.0 0.435 0.48 1
96 7.0821509389 6.4932171708 0.0 0.435 0.48 1
97 3.25631617613 5.18631610757 0.0 0.435 0.48 1
98 1.96679644945 7.83878112159 0.0 0.435 0.48 1
99 1.50082669674 7.15072491901 0.0 0.435 0.48 1
100 0.945198807328 5.40039394792 0.0 0.435 0.48 1
101 0.771144161668 3.81712483662 0.0 0.435 0.48 1
222 12.8886728484 11.3833564669 0.0 0.435 0.48 1
225 5.09767542024 8.80654660943 0.0 0.435 0.48 1
228 8.47669275528 -0.00071597939914 0.0 0.435 0.48 1
229 13.8669146779 5.22664961372 0.0 0.435 0.48 1
231 7.25304860791 9.17432136078 0.0 0.435 0.48 1
232 9.65192992743 8.97360846923 0.0 0.435 0.48 1
233 10.5478798991 8.51227907638 0.0 0.435 0.48 1
311 9.53406946604 12.3482580372 0.0 0.435 0.48 1
313 12.4174414679 11.958765244 0.0 0.435 0.48 1
340 13.2292053957 11.6174817305 0.0 0.435 0.48 1
341 14.5347204707 6.03809293275 0.0 0.435 0.48 1
343 13.5758414313 11.0146270764 0.0 0.435 0.48 1
344 11.7612112561 12.5449137121 0.0 0.435 0.48 1
376 14.022658859 10.4850409808 0.0 0.435 0.48 1
