142 8.69220902753 9.36119198396 0.0 0.435 0.48 1
160 11.7088054438 12.5146039176 0.0 0.435 0.48 1
165 11.8961193914 9.71798838453 0.0 0.435 0.48 1
166 13.3190739975 8.96811929383 0.0 0.435 0.48 1
167 11.808986836 9.11966826665 0.0 0.435 0.48 1
168 10.6120717575 9.04305847094 0.0 0.435 0.48 1
169 5.67203470441 7.60537183747 0.0 0.435 0.48 1
170 8.81848809331 3.05484543633 0.0 0.435 0.48 1
171 3.01891153247 6.75287903289 0.0 0.435 0.48 1
172 2.96797897594 5.89895426952 0.0 0.435 0.48 1
173 10.2416531646 5.42664652588 0.0 0.435 0.48 1
174 1.18807554384 4.79491403604 0.0 0.435 0.48 1
256 8.31400322554 5.51160941458 0.0 0.435 0.48 1
282 6.66963932403 4.12881453504 0.0 0.435 0.48 1
283 13.3348588808 11.3551946106 0.0 0.435 0.48 1
284 13.7854646805 11.622732246 0.0 0.435 0.48 1
285 13.9193204902 10.7912415038 0.0 0.435 0.48 1
286 14.1253658325 7.9939099914 0.0 0.435 0.48 1
333 8.25717764594 7.12113110385 0.0 0.435 0.48 1
334 2.94651153476 12.2313147353 0.0 0.435 0.48 1
335 7.78552533527 8.83709506379 0.0 0.435 0.48 1
336 7.55401371468 8.43232804348 0.0 0.435 0.48 1
360 9.41978691151 7.95071256765 0.0 0.435 0.48 1
361 11.0003798848 8.38889195993 0.0 0.435 0.48 1
362 14.4244367533 12.1346575164 0.0 0.435 0.48 1
363 14.8901960409 12.1189059696 0.0 0.435 0.48 1
399 12.3833461201 12.4227198947 0.0 0.435 0.48 1
430 10.347938045 9.48266982201 0.0 0.435 0.48 1
431 9.68665667051 9.34949765377 0.0 0.435 0.48 1
432 9.09251366604 9.03255743975 0.0 0.435 0.48 1
