72 4.03924638393 7.87768266894 0.0 0.435 0.48 1
103 7.94926719056 4.74217022031 0.0 0.435 0.48 1
110 13.4072588785 11.1334796566 0.0 0.435 0.48 1
114 5.60826377619 5.84597179398 0.0 0.435 0.48 1
115 5.43757657229 7.06767130871 0.0 0.435 0.48 1
116 5.49019284969 6.47412438683 0.0 0.435 0.48 1
117 6.06918236627 5.34597951358 0.0 0.435 0.48 1
118 10.9292426777 12.4733157722 0.0 0.435 0.48 1
119 11.2876647594 12.2683070043 0.0 0.435 0.48 1
120 9.62267527719 6.87626614934 0.0 0.435 0.48 1
121 9.95499968529 6.27675273246 0.0 0.435 0.48 1
122 11.6010473077 5.56745580772 0.0 0.435 0.48 1
123 11.4541426612 6.71540944434 0.0 0.435 0.48 1
124 12.9067728478 6.05599241773 0.0 0.435 0.48 1
125 13.5329065489 4.5822681545 0.0 0.435 0.48 1
126 13.9245821179 3.55817895393 0.0 0.435 0.48 1
127 14.6694181409 6.3302125276 0.0 0.435 0.48 1
232 10.0299252643 7.67935637538 0.0 0.435 0.48 1
233 10.4681136226 7.29248884004 0.0 0.435 0.48 1
238 10.3292066502 8.06312133332 0.0 0.435 0.48 1
243 8.42828578006 8.87456465234 0.0 0.435 0.48 1
244 5.47209285026 8.43662391987 0.0 0.435 0.48 1
245 5.66235330937 7.93687029927 0.0 0.435 0.48 1
246 3.49372081978 4.82164393361 0.0 0.435 0.48 1
247 3.41605919433 4.13430371044 0.0 0.435 0.48 1
321 7.22905558542 8.75690537109 0.0 0.435 0.48 1
322 10.6985729176 11.0380157367 0.0 0.435 0.48 1
323 7.66450789723 10.294113141 0.0 0.435 0.48 1
376 11.588208936 8.73494866951 0.0 0.435 0.48 1
377 12.8539461053 8.21610226494 0.0 0.435 0.48 1
378 12.3387275169 12.3594750478 0.0 0.435 0.48 1
379 12.9031949409 12.5632905167 0.0 0.435 0.48 1
