140 0.507852309526 7.02304192617 0.0 0.435 0.48 1
141 0.757674394652 6.39870789012 0.0 0.435 0.48 1
142 9.18890668625 9.54138013274 0.0 0.435 0.48 1
143 7.48245557741 8.00369504319 0.0 0.435 0.48 1
144 5.7593777249 6.3302125276 0.0 0.435 0.48 1
145 8.46069740695 7.68484555077 0.0 0.435 0.48 1
146 9.94805433667 2.43170469928 0.0 0.435 0.48 1
147 10.5350415274 2.84434749298 0.0 0.435 0.48 1
148 14.6083832591 0.868721670957 0.0 0.435 0.48 1
149 14.7306634878 1.81238251902 0.0 0.435 0.48 1
232 12.2949507741 7.89295689612 0.0 0.435 0.48 1
233 12.772706573 7.47005173103 0.0 0.435 0.48 1
238 12.5070996046 8.43137340428 0.0 0.435 0.48 1
248 11.697650793 5.26053930528 0.0 0.435 0.48 1
249 12.2252868228 4.84861249098 0.0 0.435 0.48 1
253 13.7759937505 10.3664270604 0.0 0.435 0.48 1
254 13.3074984165 10.1962626232 0.0 0.435 0.48 1
256 3.60147895591 3.80662380543 0.0 0.435 0.48 1
258 8.35378113126 9.02038578997 0.0 0.435 0.48 1
259 4.04093010481 7.67386719999 0.0 0.435 0.48 1
277 6.68773932346 6.94571615106 0.0 0.435 0.48 1
324 7.82930207807 9.03088682116 0.0 0.435 0.48 1
325 7.26378232851 8.41848577509 0.0 0.435 0.48 1
326 3.56359523618 12.2356106117 0.0 0.435 0.48 1
327 3.67808825582 11.9124652429 0.0 0.435 0.48 1
328 4.04093010481 10.8828868669 0.0 0.435 0.48 1
354 12.1025856639 10.0139265362 0.0 0.435 0.48 1
355 12.2911624021 11.5988662661 0.0 0.435 0.48 1
356 11.4246775458 12.2721255611 0.0 0.435 0.48 1
357 11.6702903287 12.6489693848 0.0 0.435 0.48 1
376 6.60165909362 7.61587286866 0.0 0.435 0.48 1
