142 6.46485677237 9.61727394905 0.0 0.435 0.48 1
169 9.20132412772 10.2723950993 0.0 0.435 0.48 1
171 12.571291463 5.97079086923 0.0 0.435 0.48 1
172 12.8086961067 5.06531558912 0.0 0.435 0.48 1
176 5.86903004702 8.20989711014 0.0 0.435 0.48 1
177 5.69686958734 7.45119760685 0.0 0.435 0.48 1
178 9.16659738463 3.70734132875 0.0 0.435 0.48 1
179 8.83953460427 7.89486617452 0.0 0.435 0.48 1
180 12.592337974 9.9124961213 0.0 0.435 0.48 1
181 3.21317082865 5.60850529327 0.0 0.435 0.48 1
182 11.9895659 8.06264401372 0.0 0.435 0.48 1
286 1.92933365994 7.04833986494 0.0 0.435 0.48 1
287 5.90038934835 4.58680269069 0.0 0.435 0.48 1
288 12.2993705414 10.7268033579 0.0 0.435 0.48 1
362 11.5665310297 9.15427393761 0.0 0.435 0.48 1
363 11.726484513 8.65284969841 0.0 0.435 0.48 1
364 9.46819388672 9.02921620256 0.0 0.435 0.48 1
432 6.43370793614 8.78363526865 0.0 0.435 0.48 1
