1 10.1761985155 6.27030891787 0.0 0.435 0.48 1
2 12.4572193736 7.36074554276 0.0 0.435 0.48 1
3 6.91756722317 4.8278490884 0.0 0.435 0.48 1
4 2.82549409672 6.54071047095 0.0 0.435 0.48 1
5 11.5358031237 6.9149290369 0.0 0.435 0.48 1
6 13.4066274831 5.80730890643 0.0 0.435 0.48 1
7 12.5437205337 2.86391759656 0.0 0.435 0.48 1
8 13.0414705179 3.4982753442 0.0 0.435 0.48 1
9 14.1485169946 8.53208783976 0.0 0.435 0.48 1
10 1.88513598692 8.32230587581 0.0 0.435 0.48 1
11 1.37286391009 7.87648936994 0.0 0.435 0.48 1
12 1.04032903688 8.01204813618 0.0 0.435 0.48 1
13 0.761252301516 7.52685276336 0.0 0.435 0.48 1
14 11.5755810294 9.56095023632 0.0 0.435 0.48 1
15 11.3705880126 9.21155228954 0.0 0.435 0.48 1
16 10.8389531457 9.40319610871 0.0 0.435 0.48 1
17 14.4010751261 1.27086343347 0.0 0.435 0.48 1
18 14.7632855798 3.55961091273 0.0 0.435 0.48 1
21 9.92195666308 1.62980777224 0.0 0.435 0.48 1
22 9.47324504935 0.835309298997 0.0 0.435 0.48 1
23 1.28636275003 4.12189340085 0.0 0.435 0.48 1
25 10.9260857011 12.0215327714 0.0 0.435 0.48 1
213 3.9620056887 12.1000518455 0.0 0.435 0.48 1
214 3.54233826011 11.9344219445 0.0 0.435 0.48 1
215 4.46186032406 11.0368224377 0.0 0.435 0.48 1
216 4.07923475476 10.9110487233 0.0 0.435 0.48 1
217 7.75900673145 4.75410321029 0.0 0.435 0.48 1
218 3.40827198528 3.833353703 0.0 0.435 0.48 1
219 7.28819628122 3.34243049499 0.0 0.435 0.48 1
220 8.13531834747 4.16914804119 0.0 0.435 0.48 1
273 14.8401053448 8.01896927037 0.0 0.435 0.48 1
409 11.0738322081 4.11926814305 0.0 0.435 0.48 1
