72 2.34142434458 13.1919204292 0.0 0.435 0.48 1
103 14.1573565292 5.30397538883 0.0 0.435 0.48 1
114 2.56157084925 6.04238880915 0.0 0.435 0.48 1
115 3.01407083495 6.97387800743 0.0 0.435 0.48 1
116 2.79918595802 6.55837129613 0.0 0.435 0.48 1
117 2.61397666155 5.43118106208 0.0 0.435 0.48 1
120 2.28038946279 8.21276102774 0.0 0.435 0.48 1
121 5.47882773377 7.56551565092 0.0 0.435 0.48 1
122 6.14158236398 6.78414346665 0.0 0.435 0.48 1
123 5.85787539621 7.79033318225 0.0 0.435 0.48 1
124 7.4209997654 7.67720843718 0.0 0.435 0.48 1
125 9.92279852351 3.9982676246 0.0 0.435 0.48 1
126 9.75589969158 3.37202431015 0.0 0.435 0.48 1
127 9.51744272238 6.63331047324 0.0 0.435 0.48 1
128 9.53007062895 5.83618674219 0.0 0.435 0.48 1
129 10.557350829 5.94764086866 0.0 0.435 0.48 1
130 10.9212450036 7.17124966179 0.0 0.435 0.48 1
131 8.86331716166 5.66817024319 0.0 0.435 0.48 1
132 10.6284880361 6.78987130185 0.0 0.435 0.48 1
133 11.17359267 7.58818833189 0.0 0.435 0.48 1
134 11.6824973051 5.63786044863 0.0 0.435 0.48 1
135 11.4983403342 4.52666042116 0.0 0.435 0.48 1
136 14.1432553668 8.00703628039 0.0 0.435 0.48 1
232 10.131158982 7.71372338654 0.0 0.435 0.48 1
233 10.5939717581 7.44881100886 0.0 0.435 0.48 1
238 10.5464066433 8.09939762288 0.0 0.435 0.48 1
243 10.6068101298 9.18386775277 0.0 0.435 0.48 1
244 8.72672530551 9.26000022888 0.0 0.435 0.48 1
245 8.98075669283 8.84974403317 0.0 0.435 0.48 1
246 8.86184390589 5.00636661859 0.0 0.435 0.48 1
247 9.34044156518 4.41997949069 0.0 0.435 0.48 1
248 4.59108590137 4.73572640571 0.0 0.435 0.48 1
249 4.55699055361 3.90471298311 0.0 0.435 0.48 1
250 3.44468244924 3.37297894935 0.0 0.435 0.48 1
251 2.33216387976 6.91779295449 0.0 0.435 0.48 1
252 2.06339993477 7.32065069641 0.0 0.435 0.48 1
321 6.74056606598 6.76481202288 0.0 0.435 0.48 1
322 9.85734387442 9.03876259455 0.0 0.435 0.48 1
323 11.0551008133 8.35953680456 0.0 0.435 0.48 1
324 1.05695578054 12.674983303 0.0 0.435 0.48 1
325 1.57133250846 13.2554039359 0.0 0.435 0.48 1
376 10.9273484918 8.69676310156 0.0 0.435 0.48 1
377 4.59718938955 8.52015484977 0.0 0.435 0.48 1
380 12.4719519313 11.9905069974 0.0 0.435 0.48 1
381 12.5858135556 10.835154907 0.0 0.435 0.48 1
382 13.6183553834 11.1988724418 0.0 0.435 0.48 1
383 13.3609565544 10.8143915044 0.0 0.435 0.48 1
384 14.6378483745 4.15864701001 0.0 0.435 0.48 1
385 14.9333413884 3.23885214191 0.0 0.435 0.48 1
