203 11.6709217241 4.28465938426 0.0 0.435 0.48 1
204 14.6174332588 4.52069392617 0.0 0.435 0.48 1
205 14.3522472207 11.4716605928 0.0 0.435 0.48 1
206 14.6936216285 11.0597337785 0.0 0.435 0.48 1
268 9.697179926 8.40082494991 0.0 0.435 0.48 1
269 9.1943787791 9.02468166636 0.0 0.435 0.48 1
270 5.75979865512 4.19635525836 0.0 0.435 0.48 1
271 4.85816612549 3.47250008583 0.0 0.435 0.48 1
272 2.04151156337 7.53568317595 0.0 0.435 0.48 1
292 9.40547528406 6.05981097452 0.0 0.435 0.48 1
293 4.32653125857 8.13137803604 0.0 0.435 0.48 1
294 4.23561033121 7.59343884748 0.0 0.435 0.48 1
296 6.01277771689 9.27837703346 0.0 0.435 0.48 1
297 6.40739979744 7.36313214076 0.0 0.435 0.48 1
298 13.7082239852 6.00635117939 0.0 0.435 0.48 1
299 13.7223251476 5.34597951358 0.0 0.435 0.48 1
338 4.06197661577 10.9664177968 0.0 0.435 0.48 1
339 4.08491731272 11.8353781276 0.0 0.435 0.48 1
375 11.7481624193 10.8972064549 0.0 0.435 0.48 1
404 11.2203159244 13.1186518706 0.0 0.435 0.48 1
405 11.5242275427 12.7966998008 0.0 0.435 0.48 1
406 12.3349391449 10.0867177751 0.0 0.435 0.48 1
407 13.5228042237 12.1735590638 0.0 0.435 0.48 1
408 14.4999937277 10.3401744824 0.0 0.435 0.48 1
434 10.7097275684 5.38774497853 0.0 0.435 0.48 1
