203 11.2247356917 4.2481444349 0.0 0.435 0.48 1
204 13.6358239875 4.94956558626 0.0 0.435 0.48 1
205 14.1390460646 11.152095121 0.0 0.435 0.48 1
206 14.4471669851 10.7454188223 0.0 0.435 0.48 1
266 14.7759134864 8.00250174419 0.0 0.435 0.48 1
267 15.1029762667 3.62404905865 0.0 0.435 0.48 1
268 9.08156948034 8.24975329669 0.0 0.435 0.48 1
269 8.63917181991 8.8311285688 0.0 0.435 0.48 1
270 5.37843587648 4.84980578998 0.0 0.435 0.48 1
271 4.52499985695 4.00948463519 0.0 0.435 0.48 1
272 1.82599529111 7.72684967552 0.0 0.435 0.48 1
292 9.47682295622 5.88869189813 0.0 0.435 0.48 1
293 5.07831263015 7.82470019341 0.0 0.435 0.48 1
294 4.9415103089 7.22470945693 0.0 0.435 0.48 1
295 8.6827380976 5.87675890814 0.0 0.435 0.48 1
296 6.82222652851 9.37026105635 0.0 0.435 0.48 1
297 7.29619395539 7.18628522917 0.0 0.435 0.48 1
298 14.4273832648 6.06792540771 0.0 0.435 0.48 1
299 14.3686634992 5.45051250586 0.0 0.435 0.48 1
338 3.69724058079 11.5112781196 0.0 0.435 0.48 1
339 3.75448709061 12.1871626724 0.0 0.435 0.48 1
375 11.9131670652 11.2730956395 0.0 0.435 0.48 1
404 11.2720903413 12.968057537 0.0 0.435 0.48 1
405 11.6176740513 12.7523090781 0.0 0.435 0.48 1
406 12.7030426217 10.5840847977 0.0 0.435 0.48 1
407 14.1626181569 11.7344250323 0.0 0.435 0.48 1
434 10.9126159341 5.17891765378 0.0 0.435 0.48 1
