1 11.3928973142 6.59894346208 0.0 0.435 0.48 1
2 13.7282181707 7.31444554162 0.0 0.435 0.48 1
3 7.76553114985 5.86363261916 0.0 0.435 0.48 1
4 2.90168246641 6.56839500771 0.0 0.435 0.48 1
5 9.5288078383 7.70871153074 0.0 0.435 0.48 1
6 12.8089065718 5.90611406351 0.0 0.435 0.48 1
7 11.5265426589 3.65793875021 0.0 0.435 0.48 1
8 11.9895659 3.8312057648 0.0 0.435 0.48 1
9 14.01487165 8.90702238511 0.0 0.435 0.48 1
10 2.68595572904 8.5748079439 0.0 0.435 0.48 1
11 1.98194993734 7.75715947009 0.0 0.435 0.48 1
12 1.69571738825 8.10345483947 0.0 0.435 0.48 1
13 1.35434298044 7.5795965791 0.0 0.435 0.48 1
14 11.7018600952 9.62324044405 0.0 0.435 0.48 1
15 11.5379077748 9.19055022717 0.0 0.435 0.48 1
16 11.079514766 9.59078271128 0.0 0.435 0.48 1
17 12.5226740227 2.40688408011 0.0 0.435 0.48 1
18 13.8551286318 4.12690525664 0.0 0.435 0.48 1
19 14.6746797686 4.5822681545 0.0 0.435 0.48 1
21 10.0572857286 1.73195416652 0.0 0.435 0.48 1
22 9.60794271951 1.06537734592 0.0 0.435 0.48 1
23 1.967848775 4.55840217453 0.0 0.435 0.48 1
24 1.48588367396 3.28634544205 0.0 0.435 0.48 1
25 10.7046764058 11.0351518192 0.0 0.435 0.48 1
74 12.982119357 12.6401389722 0.0 0.435 0.48 1
75 0.560679052042 8.48101464262 0.0 0.435 0.48 1
76 0.29212557216 7.76002338768 0.0 0.435 0.48 1
213 3.37733361416 12.6933601076 0.0 0.435 0.48 1
214 2.9825010685 12.4981363914 0.0 0.435 0.48 1
215 4.03756266306 11.8697451387 0.0 0.435 0.48 1
216 3.71365685934 11.5635446157 0.0 0.435 0.48 1
217 7.83603696158 4.80636970643 0.0 0.435 0.48 1
218 2.79918595802 3.90328102431 0.0 0.435 0.48 1
219 7.27304279333 3.43908771387 0.0 0.435 0.48 1
220 8.06249741953 4.18561556737 0.0 0.435 0.48 1
273 14.6622623272 8.4955728904 0.0 0.435 0.48 1
409 10.5390403645 3.8304897854 0.0 0.435 0.48 1
