142 9.20679622057 9.50104662659 0.0 0.435 0.48 1
143 4.74388357096 8.04760844634 0.0 0.435 0.48 1
144 1.63152552982 5.76769137967 0.0 0.435 0.48 1
145 5.51776377905 6.61755892645 0.0 0.435 0.48 1
146 7.46751255462 3.44577018826 0.0 0.435 0.48 1
147 8.11448230161 3.81855679542 0.0 0.435 0.48 1
148 10.3264706038 3.21761141974 0.0 0.435 0.48 1
149 10.5647171079 4.02094030557 0.0 0.435 0.48 1
232 12.3418844936 7.90107132931 0.0 0.435 0.48 1
233 12.8893042437 7.5831764761 0.0 0.435 0.48 1
238 12.5353019293 8.44282907466 0.0 0.435 0.48 1
248 11.73995428 5.28010940886 0.0 0.435 0.48 1
249 12.2444391478 4.86460269756 0.0 0.435 0.48 1
253 15.0781413838 11.0964873877 0.0 0.435 0.48 1
254 14.2354390849 11.0129564578 0.0 0.435 0.48 1
256 4.95350682015 3.78084854706 0.0 0.435 0.48 1
259 5.78358121251 8.79700021744 0.0 0.435 0.48 1
277 3.542127795 6.19369912216 0.0 0.435 0.48 1
324 9.99856596298 7.81467648182 0.0 0.435 0.48 1
325 9.23499854526 7.81205122402 0.0 0.435 0.48 1
326 1.56312436919 13.1740209442 0.0 0.435 0.48 1
327 1.41706158311 12.7761750581 0.0 0.435 0.48 1
328 5.30372076256 9.04520640914 0.0 0.435 0.48 1
354 11.7734182325 8.43733989927 0.0 0.435 0.48 1
355 12.4414344904 10.0509188051 0.0 0.435 0.48 1
356 12.5262519296 12.2711709219 0.0 0.435 0.48 1
357 12.7720751776 12.7112595925 0.0 0.435 0.48 1
376 5.50660912824 7.37673574934 0.0 0.435 0.48 1
387 13.8717553754 10.3931569579 0.0 0.435 0.48 1
388 14.5513472144 9.73397859111 0.0 0.435 0.48 1
