72 4.11859173026 8.86835949755 0.0 0.435 0.48 1
103 8.92140553192 4.85171506837 0.0 0.435 0.48 1
110 13.8422902601 11.3721394563 0.0 0.435 0.48 1
114 5.02401263187 5.95957385864 0.0 0.435 0.48 1
115 4.80323473187 7.12805223804 0.0 0.435 0.48 1
116 4.90951961223 6.53283469756 0.0 0.435 0.48 1
117 5.42684285169 5.36340167896 0.0 0.435 0.48 1
120 8.40555554822 7.17172698139 0.0 0.435 0.48 1
121 8.75240204889 6.51541253218 0.0 0.435 0.48 1
122 10.7737089617 5.7483599359 0.0 0.435 0.48 1
123 10.2075578168 6.58701047209 0.0 0.435 0.48 1
124 11.920322879 6.10062180028 0.0 0.435 0.48 1
125 12.5070996046 4.44456145006 0.0 0.435 0.48 1
126 12.8040658743 3.5798969957 0.0 0.435 0.48 1
127 13.8275577024 6.44238263346 0.0 0.435 0.48 1
128 14.1005309496 5.57389962231 0.0 0.435 0.48 1
232 10.0454996824 7.68460689097 0.0 0.435 0.48 1
233 10.4712705992 7.33687956279 0.0 0.435 0.48 1
238 10.3969764155 8.04283525034 0.0 0.435 0.48 1
243 8.68736833001 9.09484764748 0.0 0.435 0.48 1
244 6.04034864625 8.6633507296 0.0 0.435 0.48 1
245 6.33857770659 8.14712958282 0.0 0.435 0.48 1
246 4.32968823522 4.83811145979 0.0 0.435 0.48 1
247 4.36630916429 4.09325422489 0.0 0.435 0.48 1
248 0.680854629639 4.15482845321 0.0 0.435 0.48 1
321 7.05058117246 8.26956206007 0.0 0.435 0.48 1
322 10.7337205909 10.7396909871 0.0 0.435 0.48 1
323 7.89244161096 9.61798992845 0.0 0.435 0.48 1
376 11.3783752217 8.73494866951 0.0 0.435 0.48 1
377 11.8923310194 7.45239090585 0.0 0.435 0.48 1
378 12.0764879903 12.5570853619 0.0 0.435 0.48 1
379 12.7743902938 12.7878693882 0.0 0.435 0.48 1
