121 3.5509673296 6.62805995764 0.0 0.435 0.48 1
123 4.01904173341 7.27625997366 0.0 0.435 0.48 1
127 2.59229875526 12.6432415496 0.0 0.435 0.48 1
128 2.0116255178 12.2093580337 0.0 0.435 0.48 1
129 3.42300454295 10.7530559359 0.0 0.435 0.48 1
130 3.78837197326 11.5511343061 0.0 0.435 0.48 1
132 3.2973568725 11.4103250243 0.0 0.435 0.48 1
133 4.29159405037 11.1322863576 0.0 0.435 0.48 1
134 3.1573975746 12.8568420704 0.0 0.435 0.48 1
137 3.03638013657 5.11877538425 0.0 0.435 0.48 1
138 3.05069176402 5.82329911301 0.0 0.435 0.48 1
140 4.33284521186 6.17436767839 0.0 0.435 0.48 1
141 4.42081962768 5.60134549927 0.0 0.435 0.48 1
142 7.49508348398 9.09866620428 0.0 0.435 0.48 1
143 11.897382182 10.5809822203 0.0 0.435 0.48 1
144 12.3871344921 10.2809868521 0.0 0.435 0.48 1
145 12.202556591 12.1124621551 0.0 0.435 0.48 1
232 12.1878240333 7.87434143175 0.0 0.435 0.48 1
233 12.717143784 7.47005173103 0.0 0.435 0.48 1
238 12.442486816 8.40464350671 0.0 0.435 0.48 1
248 11.6008368426 5.21567126294 0.0 0.435 0.48 1
249 12.1817205451 4.81138156222 0.0 0.435 0.48 1
253 10.0899078206 7.46575585464 0.0 0.435 0.48 1
254 9.3606462157 7.96336153704 0.0 0.435 0.48 1
256 1.03233136271 6.27794603146 0.0 0.435 0.48 1
257 3.82541383255 8.21490896594 0.0 0.435 0.48 1
258 3.96305801425 7.75429555249 0.0 0.435 0.48 1
259 0.543420913053 6.86337852016 0.0 0.435 0.48 1
277 12.2452810082 8.77695279426 0.0 0.435 0.48 1
324 5.91406958048 9.77144817967 0.0 0.435 0.48 1
325 4.76829752368 9.68958786837 0.0 0.435 0.48 1
326 3.8132068562 12.0566157619 0.0 0.435 0.48 1
327 3.39059291607 8.67051052359 0.0 0.435 0.48 1
376 7.58411022536 8.02732236336 0.0 0.435 0.48 1
386 14.9179774354 11.1886100704 0.0 0.435 0.48 1
