142 8.69220902753 9.19532342316 0.0 0.435 0.48 1
155 15.0126867347 5.75695168869 0.0 0.435 0.48 1
156 1.58290808949 13.6238946666 0.0 0.435 0.48 1
158 1.8847150567 13.0761704263 0.0 0.435 0.48 1
160 12.2675903099 10.7194049041 0.0 0.435 0.48 1
165 8.44238694241 7.98889813561 0.0 0.435 0.48 1
166 9.30739854297 7.94045019627 0.0 0.435 0.48 1
167 8.44112415175 7.36885997595 0.0 0.435 0.48 1
168 7.67818812936 6.53498263575 0.0 0.435 0.48 1
169 2.50874410674 7.13306409384 0.0 0.435 0.48 1
170 2.87284874639 4.21234546494 0.0 0.435 0.48 1
171 0.547209285026 6.1633893276 0.0 0.435 0.48 1
172 0.463023241176 5.54884034334 0.0 0.435 0.48 1
256 8.33399741095 5.46626405264 0.0 0.435 0.48 1
278 11.352067083 7.95238318625 0.0 0.435 0.48 1
279 11.3124996424 7.33878884119 0.0 0.435 0.48 1
280 12.2280228692 6.98485635821 0.0 0.435 0.48 1
281 12.492577512 7.5781646203 0.0 0.435 0.48 1
282 10.9652322115 3.78538308326 0.0 0.435 0.48 1
283 14.2739541999 8.03042494076 0.0 0.435 0.48 1
284 14.6959367447 8.68101155478 0.0 0.435 0.48 1
285 14.6751006989 7.35263110957 0.0 0.435 0.48 1
329 2.25197667299 7.96240689784 0.0 0.435 0.48 1
331 2.55715108195 8.43901051787 0.0 0.435 0.48 1
332 2.99470804486 8.21419298654 0.0 0.435 0.48 1
333 6.59808118676 9.46739559483 0.0 0.435 0.48 1
334 1.21312089188 12.4298796887 0.0 0.435 0.48 1
335 9.81672410826 10.637305933 0.0 0.435 0.48 1
336 9.56563923248 9.7432863233 0.0 0.435 0.48 1
358 11.7197496295 12.7706858827 0.0 0.435 0.48 1
360 12.2299170552 9.20582445435 0.0 0.435 0.48 1
361 12.2806391466 9.82085075821 0.0 0.435 0.48 1
398 12.5946530902 12.8236683582 0.0 0.435 0.48 1
399 13.3291763228 10.4017487107 0.0 0.435 0.48 1
