142 9.26025435841 9.37980744834 0.0 0.435 0.48 1
146 1.33266507415 4.65076351702 0.0 0.435 0.48 1
147 1.83146738396 5.46578673304 0.0 0.435 0.48 1
148 1.38464995623 6.79154192045 0.0 0.435 0.48 1
149 1.34234646919 7.31802543861 0.0 0.435 0.48 1
150 7.28377651392 6.95287594505 0.0 0.435 0.48 1
151 7.23431721316 6.26195582488 0.0 0.435 0.48 1
152 8.79744158235 4.93548465807 0.0 0.435 0.48 1
153 8.45417298855 3.77416607267 0.0 0.435 0.48 1
154 9.22173924335 3.97941350042 0.0 0.435 0.48 1
155 13.8946960724 4.22571041373 0.0 0.435 0.48 1
156 14.6694181409 7.18365997137 0.0 0.435 0.48 1
157 14.9851158053 5.94262901286 0.0 0.435 0.48 1
232 12.482896117 7.92565328868 0.0 0.435 0.48 1
233 13.3769519027 8.11872906665 0.0 0.435 0.48 1
238 12.6148577407 8.45165948725 0.0 0.435 0.48 1
248 11.8668647411 5.33905837939 0.0 0.435 0.48 1
249 12.3016856576 4.9132892967 0.0 0.435 0.48 1
256 4.16384172883 4.24170062031 0.0 0.435 0.48 1
259 7.27935674662 9.17002548439 0.0 0.435 0.48 1
260 2.04151156337 6.27532077367 0.0 0.435 0.48 1
328 12.770812387 9.84089818138 0.0 0.435 0.48 1
329 6.51621025912 9.71965900313 0.0 0.435 0.48 1
330 6.06034283167 9.97836622602 0.0 0.435 0.48 1
331 6.34152421813 10.6630811914 0.0 0.435 0.48 1
332 6.82622536559 10.4929167542 0.0 0.435 0.48 1
354 11.6197787024 7.82159761601 0.0 0.435 0.48 1
355 11.292505457 8.25762907009 0.0 0.435 0.48 1
376 4.28885800395 11.0339585202 0.0 0.435 0.48 1
389 11.0673077897 13.1045709425 0.0 0.435 0.48 1
391 14.1327321114 8.62635846064 0.0 0.435 0.48 1
392 14.7085646513 8.56788680971 0.0 0.435 0.48 1
