191 2.06655691141 13.323183319 0.0 0.435 0.48 1
192 2.82317898052 13.0246199096 0.0 0.435 0.48 1
193 12.006824039 12.7663900063 0.0 0.435 0.48 1
198 4.18194172826 10.8475652166 0.0 0.435 0.48 1
200 1.03127903717 7.46527853504 0.0 0.435 0.48 1
202 9.32949737948 3.21975935793 0.0 0.435 0.48 1
203 3.37207198642 4.4152062947 0.0 0.435 0.48 1
204 7.90738463374 6.00587385979 0.0 0.435 0.48 1
205 1.62205459988 5.73642694591 0.0 0.435 0.48 1
206 1.28762554069 5.14192538483 0.0 0.435 0.48 1
291 12.0634391535 11.1322863576 0.0 0.435 0.48 1
362 3.68924290663 11.664497711 0.0 0.435 0.48 1
363 4.0318801051 11.9592425636 0.0 0.435 0.48 1
370 14.4431681481 11.818194622 0.0 0.435 0.48 1
433 14.3396193141 0.910964455506 0.0 0.435 0.48 1
