64 0.285180223543 6.75407233189 0.0 0.435 0.48 1
65 0.198679063486 7.10681151587 0.0 0.435 0.48 1
72 4.67884985209 5.29013312045 0.0 0.435 0.48 1
103 6.10496143491 4.17415989699 0.0 0.435 0.48 1
108 0.363052314104 7.69081204577 0.0 0.435 0.48 1
109 0.682748815625 8.35046773217 0.0 0.435 0.48 1
110 11.9777798539 10.4711987124 0.0 0.435 0.48 1
111 0.921416249941 5.96243777624 0.0 0.435 0.48 1
112 0.548893005903 5.12927641544 0.0 0.435 0.48 1
113 1.71655343411 8.33686412359 0.0 0.435 0.48 1
114 6.85127071364 5.73762024491 0.0 0.435 0.48 1
115 7.07836256693 7.00132388439 0.0 0.435 0.48 1
116 7.15034163442 6.40491304491 0.0 0.435 0.48 1
117 7.40037418465 5.33953569899 0.0 0.435 0.48 1
118 11.3733240591 11.2761982169 0.0 0.435 0.48 1
119 11.6848124213 11.5172446146 0.0 0.435 0.48 1
120 12.4913147214 6.62949191644 0.0 0.435 0.48 1
121 12.9065623827 6.19178984377 0.0 0.435 0.48 1
122 13.7507379374 5.17676971558 0.0 0.435 0.48 1
123 14.4355914041 7.80870998682 0.0 0.435 0.48 1
232 9.99077875392 7.6659914266 0.0 0.435 0.48 1
233 10.4502240882 7.18294399198 0.0 0.435 0.48 1
238 10.159782237 8.11371721086 0.0 0.435 0.48 1
243 7.09583117102 8.44139711586 0.0 0.435 0.48 1
244 3.80941848422 8.05476824033 0.0 0.435 0.48 1
245 3.62947081549 7.60012132187 0.0 0.435 0.48 1
246 1.80368598949 4.63381867124 0.0 0.435 0.48 1
247 1.78811157138 3.85483308497 0.0 0.435 0.48 1
321 8.074914861 9.60414766007 0.0 0.435 0.48 1
322 10.0665461934 11.9391951405 0.0 0.435 0.48 1
323 7.2745160491 11.3909935805 0.0 0.435 0.48 1
376 12.5184647205 8.52970124176 0.0 0.435 0.48 1
377 12.7872286655 10.4225121133 0.0 0.435 0.48 1
378 13.0728298193 11.7477899811 0.0 0.435 0.48 1
379 13.3855809722 12.1430106094 0.0 0.435 0.48 1
