129 0.633499979973 13.4670951782 0.0 0.435 0.48 1
132 1.19901972954 13.1888178518 0.0 0.435 0.48 1
137 0.60719184127 4.65744599141 0.0 0.435 0.48 1
138 0.416931382168 5.22474033533 0.0 0.435 0.48 1
140 1.46567902343 7.04046409155 0.0 0.435 0.48 1
141 1.94532900827 6.41947129269 0.0 0.435 0.48 1
142 9.17880436099 9.56453013332 0.0 0.435 0.48 1
143 8.84858460399 8.38030020714 0.0 0.435 0.48 1
144 8.13658113812 6.8287728492 0.0 0.435 0.48 1
145 10.1494694466 8.45428474505 0.0 0.435 0.48 1
146 11.3806903379 1.63171705064 0.0 0.435 0.48 1
147 11.9773589237 2.11261654706 0.0 0.435 0.48 1
232 12.2682217052 7.88818370013 0.0 0.435 0.48 1
233 12.7588158757 7.47005173103 0.0 0.435 0.48 1
238 12.4908937912 8.42469092988 0.0 0.435 0.48 1
248 11.6734473054 5.2493222947 0.0 0.435 0.48 1
249 12.2145531022 4.83930475879 0.0 0.435 0.48 1
253 13.2893984171 9.56691673131 0.0 0.435 0.48 1
254 12.6735775063 9.48839765721 0.0 0.435 0.48 1
256 2.3658382973 3.97869752102 0.0 0.435 0.48 1
257 8.22687067015 9.60748889726 0.0 0.435 0.48 1
258 7.98715091029 8.81847959941 0.0 0.435 0.48 1
259 3.05174408957 7.68102699398 0.0 0.435 0.48 1
277 8.22266136796 7.56360637252 0.0 0.435 0.48 1
324 6.90325559572 9.00940743918 0.0 0.435 0.48 1
325 6.22113817542 8.5748079439 0.0 0.435 0.48 1
326 4.13753359013 11.6038781219 0.0 0.435 0.48 1
327 4.20088358813 10.854247691 0.0 0.435 0.48 1
328 3.76921964828 11.5229724498 0.0 0.435 0.48 1
354 12.1486775229 11.0098538804 0.0 0.435 0.48 1
355 11.5650577739 12.3983765951 0.0 0.435 0.48 1
356 10.6495345471 12.3315518512 0.0 0.435 0.48 1
357 11.1077170907 12.622478147 0.0 0.435 0.48 1
376 7.3117683735 7.83329194619 0.0 0.435 0.48 1
