114 0.747151139171 5.39371147352 0.0 0.435 0.48 1
115 1.65846506385 6.48987593361 0.0 0.435 0.48 1
116 1.63089413449 6.00873777739 0.0 0.435 0.48 1
117 0.676013932117 4.58513207209 0.0 0.435 0.48 1
121 5.53923122023 7.56551565092 0.0 0.435 0.48 1
122 4.80070915056 9.39078579912 0.0 0.435 0.48 1
123 5.81662423472 7.85095277137 0.0 0.435 0.48 1
124 4.36357311787 10.300079636 0.0 0.435 0.48 1
125 11.9706240402 3.28252688526 0.0 0.435 0.48 1
126 11.8891740427 2.36917583176 0.0 0.435 0.48 1
127 6.86116257379 8.10751205607 0.0 0.435 0.48 1
128 6.56503816455 7.31325224262 0.0 0.435 0.48 1
129 7.31092651306 6.79583779684 0.0 0.435 0.48 1
130 7.66092999037 8.12708215964 0.0 0.435 0.48 1
131 5.68171609945 9.10797393646 0.0 0.435 0.48 1
132 7.50097650705 7.44379915306 0.0 0.435 0.48 1
133 8.06754858217 8.37695896994 0.0 0.435 0.48 1
134 8.5427787997 6.97841254362 0.0 0.435 0.48 1
135 6.73088467093 5.68463776937 0.0 0.435 0.48 1
136 9.94089852294 6.60300067867 0.0 0.435 0.48 1
137 12.4757403033 5.4999150844 0.0 0.435 0.48 1
138 12.6068600666 6.13355685264 0.0 0.435 0.48 1
139 13.8856460727 6.05145788153 0.0 0.435 0.48 1
232 10.8627357031 7.94188215506 0.0 0.435 0.48 1
233 10.9378717472 7.30656976823 0.0 0.435 0.48 1
238 11.0502601158 8.35834350556 0.0 0.435 0.48 1
243 12.7160914585 10.2475744801 0.0 0.435 0.48 1
244 11.2297868543 9.64710642402 0.0 0.435 0.48 1
245 11.5301205657 9.18076517538 0.0 0.435 0.48 1
246 12.744083318 4.80422176823 0.0 0.435 0.48 1
247 13.3708484145 4.11688154506 0.0 0.435 0.48 1
248 9.17333226814 4.97725012302 0.0 0.435 0.48 1
249 9.20153459283 4.29110319885 0.0 0.435 0.48 1
250 9.09209273582 0.668247439198 0.0 0.435 0.48 1
251 5.68676726208 8.65499763661 0.0 0.435 0.48 1
252 5.10588355952 8.77790743346 0.0 0.435 0.48 1
253 0.41040696377 6.98676563661 0.0 0.435 0.48 1
254 0.263502317251 6.13164757424 0.0 0.435 0.48 1
321 4.80302426676 5.01185579398 0.0 0.435 0.48 1
322 7.13560907674 8.45786464204 0.0 0.435 0.48 1
323 13.5240670143 10.3320600492 0.0 0.435 0.48 1
324 2.80886735306 12.0248740086 0.0 0.435 0.48 1
325 3.0917324604 12.5628131971 0.0 0.435 0.48 1
376 9.53869969845 8.6595321728 0.0 0.435 0.48 1
380 11.52864731 13.3153075456 0.0 0.435 0.48 1
381 11.1994798785 12.9100632057 0.0 0.435 0.48 1
382 12.3263100754 12.7802322747 0.0 0.435 0.48 1
383 11.8308752074 12.469974535 0.0 0.435 0.48 1
384 14.1057925773 0.676123212588 0.0 0.435 0.48 1
386 15.0667762679 3.32357637081 0.0 0.435 0.48 1
