192 1.98615923954 13.6907194106 0.0 0.435 0.48 1
193 12.313892634 13.4243750741 0.0 0.435 0.48 1
198 3.69660918546 11.4029265705 0.0 0.435 0.48 1
202 11.617042656 3.0856325505 0.0 0.435 0.48 1
203 4.26002428393 4.25697484749 0.0 0.435 0.48 1
204 6.53578351431 6.62376408125 0.0 0.435 0.48 1
205 2.47906852628 6.06028829412 0.0 0.435 0.48 1
206 2.11580574707 5.32640941 0.0 0.435 0.48 1
207 14.8449460423 0.564669086122 0.0 0.435 0.48 1
264 0.637498817056 5.4161454947 0.0 0.435 0.48 1
265 0.276130223829 4.62689753704 0.0 0.435 0.48 1
266 0.234879062342 6.31064242402 0.0 0.435 0.48 1
291 11.8963298565 11.7630642083 0.0 0.435 0.48 1
362 3.12940571502 12.176900301 0.0 0.435 0.48 1
363 3.40953477593 12.5888271153 0.0 0.435 0.48 1
370 14.9167146447 11.4403961591 0.0 0.435 0.48 1
371 10.3205775807 12.3045832938 0.0 0.435 0.48 1
