142 8.69220902753 8.96883527323 0.0 0.435 0.48 1
155 14.494942565 5.72091405893 0.0 0.435 0.48 1
156 4.22950684303 10.5320569614 0.0 0.435 0.48 1
158 4.24739637735 9.67956415678 0.0 0.435 0.48 1
160 12.1215275238 10.633726036 0.0 0.435 0.48 1
161 3.21927431683 6.6614723296 0.0 0.435 0.48 1
162 5.62636377562 10.0831378781 0.0 0.435 0.48 1
163 6.77003118132 8.13042339684 0.0 0.435 0.48 1
164 5.86250562862 8.02326514677 0.0 0.435 0.48 1
165 3.35797082408 8.43853319827 0.0 0.435 0.48 1
166 3.12751152904 7.85190741057 0.0 0.435 0.48 1
167 2.51505806003 7.08819605149 0.0 0.435 0.48 1
168 1.25563484403 5.96792695163 0.0 0.435 0.48 1
248 12.0851170598 5.4989604452 0.0 0.435 0.48 1
249 12.7108298307 4.87605836795 0.0 0.435 0.48 1
256 8.36114741009 5.40468982431 0.0 0.435 0.48 1
259 14.3671902435 11.2334781127 0.0 0.435 0.48 1
262 7.12129744929 6.38271768354 0.0 0.435 0.48 1
278 14.5603972141 8.08627133389 0.0 0.435 0.48 1
279 14.7388716271 7.40203368811 0.0 0.435 0.48 1
329 5.3131916925 8.41967907409 0.0 0.435 0.48 1
331 5.4247382006 9.4091626037 0.0 0.435 0.48 1
332 5.29424983263 8.89341877652 0.0 0.435 0.48 1
333 7.1739137267 11.5401559553 0.0 0.435 0.48 1
334 1.39264763039 12.0582863805 0.0 0.435 0.48 1
335 9.48355783973 12.2599539113 0.0 0.435 0.48 1
358 12.4744775126 11.1647440904 0.0 0.435 0.48 1
359 15.0518332451 2.81928821401 0.0 0.435 0.48 1
