4 10.4546438555 7.00275584319 0.0 0.435 0.48 1
37 0.490383705427 3.31928049441 0.0 0.435 0.48 1
38 3.97442313017 8.06431463232 0.0 0.435 0.48 1
39 3.91023127173 8.63375691443 0.0 0.435 0.48 1
41 14.3903414055 3.06797172532 0.0 0.435 0.48 1
42 5.36622890012 8.4922316532 0.0 0.435 0.48 1
43 14.385500708 9.10868991586 0.0 0.435 0.48 1
44 6.13063817828 9.27885435306 0.0 0.435 0.48 1
45 9.12471482781 6.12663571844 0.0 0.435 0.48 1
46 9.84892527004 6.20515479255 0.0 0.435 0.48 1
47 10.2187124676 6.67125738139 0.0 0.435 0.48 1
48 11.3341775487 3.08682584949 0.0 0.435 0.48 1
49 11.6585042826 3.61855988326 0.0 0.435 0.48 1
50 14.5389297729 9.47956724462 0.0 0.435 0.48 1
51 14.9009297615 1.48541859342 0.0 0.435 0.48 1
75 10.405605485 7.61467956966 0.0 0.435 0.48 1
83 5.97299981117 0.387583514735 0.0 0.435 0.48 1
86 14.4808414027 5.4144748761 0.0 0.435 0.48 1
87 7.1324521001 6.65860841201 0.0 0.435 0.48 1
88 5.9561626024 6.33880428039 0.0 0.435 0.48 1
89 2.17747202419 7.72637235592 0.0 0.435 0.48 1
90 1.99878714611 7.00036924519 0.0 0.435 0.48 1
91 1.20491275261 5.87103107295 0.0 0.435 0.48 1
221 4.2854905622 7.3268558512 0.0 0.435 0.48 1
222 13.2973960913 11.5704657499 0.0 0.435 0.48 1
223 12.1389961279 10.8236992366 0.0 0.435 0.48 1
224 11.7372182336 11.3000641968 0.0 0.435 0.48 1
225 12.4555356527 11.3855044051 0.0 0.435 0.48 1
226 12.5064682093 10.9351533631 0.0 0.435 0.48 1
227 9.73274852952 11.5222564704 0.0 0.435 0.48 1
228 10.8132764023 12.4434832973 0.0 0.435 0.48 1
232 7.28209279304 4.3311980452 0.0 0.435 0.48 1
233 7.12213930973 3.64672173962 0.0 0.435 0.48 1
234 6.68900211412 3.17417533619 0.0 0.435 0.48 1
235 7.69818231477 10.2342095313 0.0 0.435 0.48 1
275 12.5715019282 12.2909796852 0.0 0.435 0.48 1
300 7.92864160981 8.25762907009 0.0 0.435 0.48 1
301 7.76363696387 7.77147905807 0.0 0.435 0.48 1
302 11.33670313 11.1088976973 0.0 0.435 0.48 1
307 14.8013797646 11.2041229573 0.0 0.435 0.48 1
312 14.3274123378 11.7570977133 0.0 0.435 0.48 1
316 8.78334042 6.75526563089 0.0 0.435 0.48 1
317 8.08733230247 5.98033726122 0.0 0.435 0.48 1
340 13.0698833077 12.0709353499 0.0 0.435 0.48 1
410 3.74059639337 -0.0505958775393 0.0 0.435 0.48 1
411 12.8366879663 8.70010433875 0.0 0.435 0.48 1
