191 4.0078870826 11.495287913 0.0 0.435 0.48 1
192 4.44902195237 10.9668951164 0.0 0.435 0.48 1
193 10.8141182628 11.7150935885 0.0 0.435 0.48 1
198 5.23047890441 9.27312651787 0.0 0.435 0.48 1
200 3.28030919862 7.36432543976 0.0 0.435 0.48 1
201 3.69829290634 5.60182281887 0.0 0.435 0.48 1
202 4.56625101844 4.26318000228 0.0 0.435 0.48 1
203 1.35055460847 4.23668876451 0.0 0.435 0.48 1
204 11.359854292 4.19730989756 0.0 0.435 0.48 1
263 7.18043814509 11.1733358432 0.0 0.435 0.48 1
291 12.6089647177 9.86786673875 0.0 0.435 0.48 1
362 3.96011150271 10.0922069505 0.0 0.435 0.48 1
363 4.39872079117 10.3788373699 0.0 0.435 0.48 1
366 1.07716043106 6.92113419169 0.0 0.435 0.48 1
369 14.8167437176 11.0260827468 0.0 0.435 0.48 1
370 12.7849135493 13.3081477516 0.0 0.435 0.48 1
402 9.68812992628 12.2024368995 0.0 0.435 0.48 1
433 12.0731205486 4.54981042174 0.0 0.435 0.48 1
