142 9.27561831142 9.34520177738 0.0 0.435 0.48 1
147 0.153849995136 4.92068775049 0.0 0.435 0.48 1
150 4.93540682072 7.34475533618 0.0 0.435 0.48 1
151 4.69800217706 6.72209191873 0.0 0.435 0.48 1
152 6.04981957619 5.60444807667 0.0 0.435 0.48 1
153 5.56217191718 4.78727692245 0.0 0.435 0.48 1
154 6.41560793671 4.70350733275 0.0 0.435 0.48 1
155 13.4487205051 3.71712638054 0.0 0.435 0.48 1
156 12.4595344898 6.56171253332 0.0 0.435 0.48 1
157 13.9243716528 7.75071565549 0.0 0.435 0.48 1
158 14.4894704722 6.54142645035 0.0 0.435 0.48 1
159 0.542158122395 6.04071819055 0.0 0.435 0.48 1
232 12.5230949529 7.93281308268 0.0 0.435 0.48 1
233 13.3904216697 8.14927752102 0.0 0.435 0.48 1
238 12.6291693682 8.4134739193 0.0 0.435 0.48 1
248 11.90306474 5.35576456537 0.0 0.435 0.48 1
249 12.3181019362 4.92737022488 0.0 0.435 0.48 1
256 4.20530335543 4.32021969441 0.0 0.435 0.48 1
259 7.67292650162 8.93948011787 0.0 0.435 0.48 1
260 4.48985218364 6.23689654591 0.0 0.435 0.48 1
261 1.96932203077 5.44860322746 0.0 0.435 0.48 1
328 14.8605204604 9.22515589812 0.0 0.435 0.48 1
329 6.56419630411 9.58839611329 0.0 0.435 0.48 1
330 6.04855678553 9.72180694133 0.0 0.435 0.48 1
331 6.08475678438 10.4132043811 0.0 0.435 0.48 1
332 6.78413234367 10.4198868555 0.0 0.435 0.48 1
354 11.9211647394 7.22136821973 0.0 0.435 0.48 1
355 11.2817717364 7.01922336937 0.0 0.435 0.48 1
376 3.60884523475 12.0368069985 0.0 0.435 0.48 1
391 14.4311716368 7.68651616937 0.0 0.435 0.48 1
392 14.8306344149 7.27244141687 0.0 0.435 0.48 1
393 14.0169763011 10.4721533516 0.0 0.435 0.48 1
394 14.4753693098 11.1525724406 0.0 0.435 0.48 1
395 14.4799995422 9.88051570814 0.0 0.435 0.48 1
415 5.06526379336 0.334123719599 0.0 0.435 0.48 1
416 5.80715330479 0.179472169385 0.0 0.435 0.48 1
