203 9.06052296938 4.30494546723 0.0 0.435 0.48 1
204 3.40616733418 8.89819197252 0.0 0.435 0.48 1
205 9.46040667767 7.59248420828 0.0 0.435 0.48 1
206 9.57721481351 6.96003573904 0.0 0.435 0.48 1
207 11.194639181 5.77556715307 0.0 0.435 0.48 1
208 5.97910329935 5.86243932016 0.0 0.435 0.48 1
209 5.48261610575 5.52497436337 0.0 0.435 0.48 1
210 5.06884170022 8.93088836508 0.0 0.435 0.48 1
211 4.76556147725 9.26000022888 0.0 0.435 0.48 1
212 13.7467391003 5.5762862203 0.0 0.435 0.48 1
264 5.8860777209 3.65149493562 0.0 0.435 0.48 1
265 4.94277309956 2.8290732658 0.0 0.435 0.48 1
266 7.70302301229 8.15548267581 0.0 0.435 0.48 1
267 3.8483545295 4.99156971101 0.0 0.435 0.48 1
268 1.31477553983 6.38987747753 0.0 0.435 0.48 1
269 1.46988832562 7.07053522631 0.0 0.435 0.48 1
270 0.627186026684 7.59749606408 0.0 0.435 0.48 1
271 0.336744175401 6.87340223175 0.0 0.435 0.48 1
292 14.3615076855 4.96149857624 0.0 0.435 0.48 1
293 14.450744892 3.33717997939 0.0 0.435 0.48 1
294 14.5027297741 2.40187222432 0.0 0.435 0.48 1
295 14.7851739512 4.35840526237 0.0 0.435 0.48 1
337 9.34780784402 10.6055641797 0.0 0.435 0.48 1
371 13.298869347 12.0158049362 0.0 0.435 0.48 1
372 13.1330228406 12.4895446386 0.0 0.435 0.48 1
373 13.3165484162 12.95254465 0.0 0.435 0.48 1
374 14.0485460675 11.9568559656 0.0 0.435 0.48 1
434 12.3991310034 3.01307997138 0.0 0.435 0.48 1
