72 4.17204986811 9.8265785934 0.0 0.435 0.48 1
103 9.90196247766 4.92307434849 0.0 0.435 0.48 1
110 14.1114751353 11.5499410071 0.0 0.435 0.48 1
114 4.38272544284 6.10730427467 0.0 0.435 0.48 1
115 4.19919986725 7.20084347695 0.0 0.435 0.48 1
116 4.37388590824 6.6629042884 0.0 0.435 0.48 1
117 4.74935566381 5.38679033933 0.0 0.435 0.48 1
120 7.21537535329 7.31229760342 0.0 0.435 0.48 1
121 7.52286487845 6.68509964977 0.0 0.435 0.48 1
122 9.97099503362 5.8314135462 0.0 0.435 0.48 1
123 8.92856134564 6.8256702718 0.0 0.435 0.48 1
124 11.0085880241 6.19059654477 0.0 0.435 0.48 1
125 11.569056611 4.29444443604 0.0 0.435 0.48 1
126 11.8327693934 3.5798969957 0.0 0.435 0.48 1
127 13.0132681933 6.48414809841 0.0 0.435 0.48 1
128 13.2382553954 5.60349343747 0.0 0.435 0.48 1
129 14.0544390906 5.04025631015 0.0 0.435 0.48 1
130 14.3091018732 6.71087490814 0.0 0.435 0.48 1
131 14.3575088484 4.1679547422 0.0 0.435 0.48 1
132 14.4509553571 6.15193365721 0.0 0.435 0.48 1
133 14.9316576675 6.99177749241 0.0 0.435 0.48 1
232 10.0610741005 7.68985740657 0.0 0.435 0.48 1
233 10.474638041 7.38127028554 0.0 0.435 0.48 1
238 10.4241264146 8.05309762173 0.0 0.435 0.48 1
243 9.00664390131 9.1583311542 0.0 0.435 0.48 1
244 6.67342769601 8.80081877423 0.0 0.435 0.48 1
245 6.82959280735 8.32206721601 0.0 0.435 0.48 1
246 5.15828937181 4.82307589241 0.0 0.435 0.48 1
247 5.32097890155 4.07344546151 0.0 0.435 0.48 1
248 1.33666391123 4.32141299341 0.0 0.435 0.48 1
249 0.647601142318 3.61760524406 0.0 0.435 0.48 1
321 6.94787419896 7.86813627695 0.0 0.435 0.48 1
322 10.4422264141 10.5377847965 0.0 0.435 0.48 1
323 8.14499974251 9.19794868096 0.0 0.435 0.48 1
324 0.34305812869 12.9566018666 0.0 0.435 0.48 1
376 11.1942182508 8.73494866951 0.0 0.435 0.48 1
377 10.8189589603 6.88103934534 0.0 0.435 0.48 1
378 12.0560728747 12.813167327 0.0 0.435 0.48 1
379 12.6457961118 13.0126869196 0.0 0.435 0.48 1
380 14.4941007046 10.1669074678 0.0 0.435 0.48 1
381 14.7422390688 9.30415229183 0.0 0.435 0.48 1
