115 0.577305795703 6.19465376136 0.0 0.435 0.48 1
116 0.541526727066 5.6622037482 0.0 0.435 0.48 1
121 5.57543121909 7.56551565092 0.0 0.435 0.48 1
122 3.71765569643 10.8764430523 0.0 0.435 0.48 1
123 5.79557772376 7.87959194734 0.0 0.435 0.48 1
124 3.2908324541 11.7566203937 0.0 0.435 0.48 1
127 5.34455099383 8.9936558924 0.0 0.435 0.48 1
128 6.05381841327 8.27791515306 0.0 0.435 0.48 1
129 6.41455561117 7.56503833132 0.0 0.435 0.48 1
130 6.52441839839 8.80654660943 0.0 0.435 0.48 1
131 4.34820916486 10.6919590272 0.0 0.435 0.48 1
132 6.60397420983 8.21514762574 0.0 0.435 0.48 1
133 6.77971257637 9.12468012244 0.0 0.435 0.48 1
134 7.31492535014 7.94593937166 0.0 0.435 0.48 1
135 3.92875220138 6.63474243203 0.0 0.435 0.48 1
136 7.08151954357 6.51326459398 0.0 0.435 0.48 1
137 10.2496508388 5.91876303289 0.0 0.435 0.48 1
138 10.4923171102 6.46266871644 0.0 0.435 0.48 1
139 10.3628810677 7.22590275592 0.0 0.435 0.48 1
140 12.8314263385 6.77006253847 0.0 0.435 0.48 1
141 13.3148646953 6.28009396966 0.0 0.435 0.48 1
232 11.7643682327 7.76264864548 0.0 0.435 0.48 1
233 12.3309403079 7.32160533561 0.0 0.435 0.48 1
238 11.803304278 8.43304402287 0.0 0.435 0.48 1
243 13.7894635176 10.9086621253 0.0 0.435 0.48 1
244 11.8371891607 10.65281882 0.0 0.435 0.48 1
245 12.4746879777 10.6979255222 0.0 0.435 0.48 1
246 14.9158727843 4.47988310042 0.0 0.435 0.48 1
248 11.3562763852 5.1612568286 0.0 0.435 0.48 1
249 11.6498752131 4.45339186265 0.0 0.435 0.48 1
251 7.28756488589 9.87645849154 0.0 0.435 0.48 1
252 6.38761607713 9.68767858997 0.0 0.435 0.48 1
253 2.40772085412 7.71587132474 0.0 0.435 0.48 1
254 2.08128946909 7.06433007152 0.0 0.435 0.48 1
255 1.91649528825 4.43477639828 0.0 0.435 0.48 1
321 3.88813243522 4.29229649785 0.0 0.435 0.48 1
322 5.93259051012 9.03279609955 0.0 0.435 0.48 1
323 12.9913798219 12.1064956601 0.0 0.435 0.48 1
324 4.11690800938 11.791942044 0.0 0.435 0.48 1
325 3.98263126944 12.2317920549 0.0 0.435 0.48 1
326 6.66627188228 10.4280012887 0.0 0.435 0.48 1
376 8.76229390904 8.50416464319 0.0 0.435 0.48 1
382 11.6246193999 13.4962116738 0.0 0.435 0.48 1
383 11.2230519708 13.3768817739 0.0 0.435 0.48 1
386 14.7201402323 5.75170117309 0.0 0.435 0.48 1
