4 7.80530905557 6.45073572645 0.0 0.435 0.48 1
37 3.11193711092 3.7476748349 0.0 0.435 0.48 1
38 7.62094161954 7.30370585063 0.0 0.435 0.48 1
39 7.72680556968 7.87028421515 0.0 0.435 0.48 1
40 12.2236031019 13.4203178575 0.0 0.435 0.48 1
41 13.9858274648 2.3309902638 0.0 0.435 0.48 1
42 8.64948461028 4.87987692474 0.0 0.435 0.48 1
43 13.7463181701 9.04520640914 0.0 0.435 0.48 1
44 9.42883691122 7.43186616308 0.0 0.435 0.48 1
45 12.0415507821 6.2426243811 0.0 0.435 0.48 1
46 12.801540293 6.40634500371 0.0 0.435 0.48 1
47 13.0387344715 6.77435841487 0.0 0.435 0.48 1
48 14.5279855872 3.03957120915 0.0 0.435 0.48 1
49 14.9886937122 3.43001864148 0.0 0.435 0.48 1
75 8.42786484984 6.80466820943 0.0 0.435 0.48 1
80 14.7125634884 11.019877592 0.0 0.435 0.48 1
82 14.6008065152 6.21231458654 0.0 0.435 0.48 1
83 5.9932044617 1.4997381814 0.0 0.435 0.48 1
84 14.7685472075 7.11206203146 0.0 0.435 0.48 1
85 14.1251553674 7.05406770013 0.0 0.435 0.48 1
86 11.2121077851 3.43359853848 0.0 0.435 0.48 1
87 3.22706152589 7.65453575621 0.0 0.435 0.48 1
88 1.43453018721 7.00514244119 0.0 0.435 0.48 1
217 0.654125560716 6.51230995478 0.0 0.435 0.48 1
219 0.692851140887 5.21495528354 0.0 0.435 0.48 1
220 0.697902303518 5.79179601945 0.0 0.435 0.48 1
221 1.9701638912 8.02135586837 0.0 0.435 0.48 1
222 13.319915858 11.5960023485 0.0 0.435 0.48 1
223 10.7659217527 11.9907456572 0.0 0.435 0.48 1
224 10.5051554818 12.2263028795 0.0 0.435 0.48 1
225 11.4583519633 12.5508802071 0.0 0.435 0.48 1
226 11.0569949993 12.324630717 0.0 0.435 0.48 1
232 3.00965106765 4.498259905 0.0 0.435 0.48 1
233 4.89289286857 3.80972638283 0.0 0.435 0.48 1
234 1.70897669016 3.51307225178 0.0 0.435 0.48 1
235 3.32113942989 11.973084832 0.0 0.435 0.48 1
275 14.2360704802 9.77526673646 0.0 0.435 0.48 1
300 9.75463690092 8.33638680399 0.0 0.435 0.48 1
301 10.0758066582 7.86646565836 0.0 0.435 0.48 1
302 12.3574589117 11.8773822523 0.0 0.435 0.48 1
303 12.0792240367 10.5141574764 0.0 0.435 0.48 1
304 11.6909159095 10.9172538781 0.0 0.435 0.48 1
306 14.5235658199 12.0112704 0.0 0.435 0.48 1
316 8.48384856901 8.12135432445 0.0 0.435 0.48 1
317 7.6529323162 8.6657373276 0.0 0.435 0.48 1
410 2.72110340235 0.0496412383404 0.0 0.435 0.48 1
411 11.1546508102 6.83593264319 0.0 0.435 0.48 1
