51 7.24273581754 1.21191446294 0.0 0.435 0.48 1
55 4.84890566066 6.8268635708 0.0 0.435 0.48 1
56 5.08168007191 7.30442183003 0.0 0.435 0.48 1
57 2.68090456641 6.81660119942 0.0 0.435 0.48 1
58 6.85063931831 3.42476812589 0.0 0.435 0.48 1
59 7.42289395138 4.03263463576 0.0 0.435 0.48 1
60 10.9544984909 2.62096192045 0.0 0.435 0.48 1
61 10.9808066296 3.25818358569 0.0 0.435 0.48 1
62 14.6441623277 6.48200016022 0.0 0.435 0.48 1
63 14.6601576761 7.22614141572 0.0 0.435 0.48 1
72 0.734523232593 5.96410839484 0.0 0.435 0.48 1
96 12.6131740199 9.93540746207 0.0 0.435 0.48 1
98 4.05503126716 8.05834813732 0.0 0.435 0.48 1
99 3.69618825524 7.71085946894 0.0 0.435 0.48 1
100 10.8473717501 3.98561865521 0.0 0.435 0.48 1
101 12.9581263345 3.00377223919 0.0 0.435 0.48 1
102 3.60000570014 4.86579599656 0.0 0.435 0.48 1
222 11.9889345047 8.76907702087 0.0 0.435 0.48 1
231 1.13651159198 8.01896927037 0.0 0.435 0.48 1
232 8.71072995718 9.46381569784 0.0 0.435 0.48 1
233 8.67979158607 9.14687548382 0.0 0.435 0.48 1
340 12.7735484334 8.78339660885 0.0 0.435 0.48 1
343 12.2425449618 8.14927752102 0.0 0.435 0.48 1
376 14.3537204765 8.92587650928 0.0 0.435 0.48 1
412 6.74898467036 2.81618563662 0.0 0.435 0.48 1
413 7.19664395854 1.95247582146 0.0 0.435 0.48 1
414 6.27186026684 2.24340211731 0.0 0.435 0.48 1
