203 9.10345785174 4.29277381745 0.0 0.435 0.48 1
204 4.93098705342 7.66790070499 0.0 0.435 0.48 1
205 10.7112008242 8.22493267752 0.0 0.435 0.48 1
206 10.7863368683 7.6590702924 0.0 0.435 0.48 1
208 7.67334743184 4.93787125607 0.0 0.435 0.48 1
209 7.19790674919 4.48059907982 0.0 0.435 0.48 1
210 6.4612788655 10.023711588 0.0 0.435 0.48 1
211 6.07633818 10.1275286008 0.0 0.435 0.48 1
264 6.60502653538 1.96226087324 0.0 0.435 0.48 1
265 5.87555446542 1.6665613814 0.0 0.435 0.48 1
266 9.13081831599 8.53638371615 0.0 0.435 0.48 1
267 5.77537307323 4.87939960514 0.0 0.435 0.48 1
268 2.43781736479 6.66743882459 0.0 0.435 0.48 1
269 2.73204758805 7.25668987009 0.0 0.435 0.48 1
270 1.26279065775 7.47792750442 0.0 0.435 0.48 1
271 1.10536275575 6.77793831186 0.0 0.435 0.48 1
292 13.4596646908 5.34669549298 0.0 0.435 0.48 1
293 12.6394821586 3.85817432217 0.0 0.435 0.48 1
294 12.6958868079 3.24123873991 0.0 0.435 0.48 1
295 13.4884984108 4.68465320858 0.0 0.435 0.48 1
296 14.1676693196 8.52874660256 0.0 0.435 0.48 1
297 14.8472611585 7.65453575621 0.0 0.435 0.48 1
337 10.7154101264 11.0404023347 0.0 0.435 0.48 1
371 13.2624588831 12.1752296824 0.0 0.435 0.48 1
372 14.1057925773 12.1081662787 0.0 0.435 0.48 1
373 14.4524286129 12.4277317505 0.0 0.435 0.48 1
374 14.5713413998 11.8136600858 0.0 0.435 0.48 1
375 13.3074984165 13.0208013528 0.0 0.435 0.48 1
404 15.1036076621 10.5914832515 0.0 0.435 0.48 1
434 14.074433276 1.12170105865 0.0 0.435 0.48 1
