142 11.2245252265 12.4399034003 0.0 0.435 0.48 1
177 1.05064182725 13.5100539422 0.0 0.435 0.48 1
178 15.0423623152 9.72180694133 0.0 0.435 0.48 1
179 3.69787197612 7.72374709813 0.0 0.435 0.48 1
181 11.7715240465 10.2010358192 0.0 0.435 0.48 1
182 2.94651153476 12.3759425739 0.0 0.435 0.48 1
183 7.68807998951 3.95483154105 0.0 0.435 0.48 1
184 7.56558929571 3.12023822145 0.0 0.435 0.48 1
185 6.1725207351 5.26388054248 0.0 0.435 0.48 1
186 8.91403925308 5.62974601544 0.0 0.435 0.48 1
187 6.66122071965 9.11680434905 0.0 0.435 0.48 1
188 13.3293867879 11.634665236 0.0 0.435 0.48 1
362 6.95566140801 8.65308835821 0.0 0.435 0.48 1
363 7.08025675291 8.12350226265 0.0 0.435 0.48 1
364 2.16652783849 7.96431617624 0.0 0.435 0.48 1
417 11.0073252334 4.10494855507 0.0 0.435 0.48 1
418 10.0962217738 3.61068410986 0.0 0.435 0.48 1
432 11.713014746 12.4222425751 0.0 0.435 0.48 1
