142 8.69220902753 9.22539455792 0.0 0.435 0.48 1
155 15.0646716168 5.75432643089 0.0 0.435 0.48 1
158 1.29330809865 13.4627993018 0.0 0.435 0.48 1
160 12.2271810088 10.9396878993 0.0 0.435 0.48 1
165 9.18869622114 8.13996978883 0.0 0.435 0.48 1
166 10.0675985189 8.26383422488 0.0 0.435 0.48 1
167 9.17922529121 7.63639761143 0.0 0.435 0.48 1
168 8.41797298969 6.73736614591 0.0 0.435 0.48 1
169 2.98229060339 7.0798429585 0.0 0.435 0.48 1
170 3.8942359234 3.86390215736 0.0 0.435 0.48 1
171 1.05232554813 6.23498726751 0.0 0.435 0.48 1
172 0.922258110379 5.57055838511 0.0 0.435 0.48 1
173 14.2268100154 5.26984703747 0.0 0.435 0.48 1
256 8.33041950409 5.47461714563 0.0 0.435 0.48 1
278 11.0243729073 7.93496102087 0.0 0.435 0.48 1
279 10.9997484895 7.25096203489 0.0 0.435 0.48 1
280 11.7742600929 6.83998985979 0.0 0.435 0.48 1
281 12.0175577596 7.61324761086 0.0 0.435 0.48 1
282 10.150311307 3.84051349699 0.0 0.435 0.48 1
283 13.9679379305 8.59175278968 0.0 0.435 0.48 1
284 14.4107565212 9.00439558339 0.0 0.435 0.48 1
285 14.2857402461 7.9103790615 0.0 0.435 0.48 1
329 1.66267436604 7.87911462774 0.0 0.435 0.48 1
331 2.06613598119 8.31180484462 0.0 0.435 0.48 1
332 2.54915340778 8.10178422087 0.0 0.435 0.48 1
333 6.86516141088 9.12229352445 0.0 0.435 0.48 1
334 1.57028018292 12.4733157722 0.0 0.435 0.48 1
335 9.80472759701 9.96905849383 0.0 0.435 0.48 1
336 9.34654505336 9.20152857795 0.0 0.435 0.48 1
358 11.6225147489 13.162326614 0.0 0.435 0.48 1
360 11.7416380009 8.71370794734 0.0 0.435 0.48 1
361 11.6589252128 9.33255280799 0.0 0.435 0.48 1
398 12.3627205394 13.0814209419 0.0 0.435 0.48 1
399 13.0458902852 10.7430322243 0.0 0.435 0.48 1
