4 11.3032391775 7.13449605263 0.0 0.435 0.48 1
38 3.13824524963 8.09438576708 0.0 0.435 0.48 1
39 3.00186385859 8.55690845893 0.0 0.435 0.48 1
41 14.5799704693 3.17011811959 0.0 0.435 0.48 1
42 4.42860683674 9.65665281601 0.0 0.435 0.48 1
43 14.4701076821 9.21942806293 0.0 0.435 0.48 1
44 4.96697658716 9.73731982831 0.0 0.435 0.48 1
45 8.46806368578 6.3294965482 0.0 0.435 0.48 1
46 9.09609157291 6.30944912502 0.0 0.435 0.48 1
47 9.50839272266 6.74046872331 0.0 0.435 0.48 1
48 10.5104171096 3.53717689155 0.0 0.435 0.48 1
49 10.7793915197 3.93860267467 0.0 0.435 0.48 1
50 13.3224414393 9.35212291157 0.0 0.435 0.48 1
51 13.6381391037 1.75701344549 0.0 0.435 0.48 1
75 11.1843263906 8.03543679655 0.0 0.435 0.48 1
83 5.90986027828 0.401903102717 0.0 0.435 0.48 1
86 14.9343937139 6.27150221687 0.0 0.435 0.48 1
87 8.24012997206 7.30871770642 0.0 0.435 0.48 1
88 7.59779045748 5.83523210299 0.0 0.435 0.48 1
89 2.9517731625 7.76837648067 0.0 0.435 0.48 1
90 3.10436036698 7.02853110156 0.0 0.435 0.48 1
91 2.10359877071 5.58726457109 0.0 0.435 0.48 1
92 0.838282531638 7.44809502946 0.0 0.435 0.48 1
221 5.22290216047 6.86099192216 0.0 0.435 0.48 1
222 13.2906612077 11.5628286363 0.0 0.435 0.48 1
223 12.4936298376 10.1315858174 0.0 0.435 0.48 1
224 12.1482565927 10.5883806741 0.0 0.435 0.48 1
225 12.8423705242 10.8852734649 0.0 0.435 0.48 1
226 12.8549984308 10.48599562 0.0 0.435 0.48 1
227 9.32802412371 10.7697621219 0.0 0.435 0.48 1
228 9.99498805612 11.6425410094 0.0 0.435 0.48 1
232 8.50805205661 3.9975516452 0.0 0.435 0.48 1
233 8.31800206262 3.37441090815 0.0 0.435 0.48 1
234 7.98504625919 2.97370110443 0.0 0.435 0.48 1
235 8.72988228216 9.58720281429 0.0 0.435 0.48 1
275 12.5369856502 13.0384621779 0.0 0.435 0.48 1
300 7.18864628437 8.28937082345 0.0 0.435 0.48 1
301 6.70773350888 7.91849349469 0.0 0.435 0.48 1
302 11.3922659189 11.024650788 0.0 0.435 0.48 1
308 14.5220925642 10.1838523136 0.0 0.435 0.48 1
309 14.7506576732 10.5573549001 0.0 0.435 0.48 1
312 14.3556146624 11.6771466804 0.0 0.435 0.48 1
316 9.34465086737 7.19010378597 0.0 0.435 0.48 1
317 9.05904971361 5.24025322231 0.0 0.435 0.48 1
318 9.98278107976 10.634919335 0.0 0.435 0.48 1
319 9.80977875965 11.0936234701 0.0 0.435 0.48 1
340 13.0698833077 11.971891533 0.0 0.435 0.48 1
411 13.5434298044 8.79174970184 0.0 0.435 0.48 1
