51 12.1131089194 12.9761719702 0.0 0.435 0.48 1
62 14.9337623186 3.494934107 0.0 0.435 0.48 1
63 13.9117437462 4.00709803719 0.0 0.435 0.48 1
64 10.4039217641 7.36408677996 0.0 0.435 0.48 1
65 10.5203089697 7.96789607323 0.0 0.435 0.48 1
66 10.4049740897 6.78390480685 0.0 0.435 0.48 1
67 7.45635790381 4.65696867181 0.0 0.435 0.48 1
68 12.4462751879 11.46306884 0.0 0.435 0.48 1
69 13.1557530725 11.3506600744 0.0 0.435 0.48 1
70 12.091220548 8.83709506379 0.0 0.435 0.48 1
71 12.1059531057 9.27909301286 0.0 0.435 0.48 1
72 6.78286955301 1.32790312561 0.0 0.435 0.48 1
99 9.5464869075 12.2126992709 0.0 0.435 0.48 1
103 6.07065562204 0.942706208868 0.0 0.435 0.48 1
104 8.16352067215 7.86431772016 0.0 0.435 0.48 1
105 4.05797777869 4.01998566637 0.0 0.435 0.48 1
106 11.8049879989 6.12544241945 0.0 0.435 0.48 1
107 11.6502961433 6.67817851558 0.0 0.435 0.48 1
108 12.8436333149 6.4960810884 0.0 0.435 0.48 1
109 12.6232763451 7.07411512331 0.0 0.435 0.48 1
222 13.2252065586 7.31921873761 0.0 0.435 0.48 1
232 6.22471608228 9.04759300714 0.0 0.435 0.48 1
233 6.12369282966 8.35452494877 0.0 0.435 0.48 1
236 9.61404620769 8.77217959827 0.0 0.435 0.48 1
237 9.885335734 9.50033064719 0.0 0.435 0.48 1
238 9.8022020157 4.79324341744 0.0 0.435 0.48 1
239 11.3966856862 2.39757634792 0.0 0.435 0.48 1
240 1.47051972095 13.1136400149 0.0 0.435 0.48 1
241 2.37551969234 13.1804647588 0.0 0.435 0.48 1
314 12.352407749 9.85879766636 0.0 0.435 0.48 1
320 5.44283820003 11.293859042 0.0 0.435 0.48 1
340 13.4188344595 8.08316875649 0.0 0.435 0.48 1
343 14.318362338 6.84953625178 0.0 0.435 0.48 1
345 5.15639518583 9.68958786837 0.0 0.435 0.48 1
346 4.90383705427 9.21226826894 0.0 0.435 0.48 1
347 12.4031298405 8.35476360857 0.0 0.435 0.48 1
376 14.2577483865 8.75046155649 0.0 0.435 0.48 1
421 4.75461729155 4.66937898139 0.0 0.435 0.48 1
422 4.82533356838 5.32640941 0.0 0.435 0.48 1
423 6.27354398772 5.67604601658 0.0 0.435 0.48 1
424 13.2995007423 3.8271485482 0.0 0.435 0.48 1
425 10.973861281 5.09085218769 0.0 0.435 0.48 1
426 8.81848809331 5.79298931844 0.0 0.435 0.48 1
