51 8.38829740924 4.70159805435 0.0 0.435 0.48 1
55 3.61031849052 6.53736923375 0.0 0.435 0.48 1
56 3.74922546287 7.14738368182 0.0 0.435 0.48 1
57 1.20512321772 6.96743419283 0.0 0.435 0.48 1
58 5.39990331766 3.9958810266 0.0 0.435 0.48 1
59 5.69118702938 4.58560939169 0.0 0.435 0.48 1
60 10.6611101281 2.86176965836 0.0 0.435 0.48 1
61 10.8303240762 3.496127406 0.0 0.435 0.48 1
62 13.3127600443 6.78891666265 0.0 0.435 0.48 1
63 13.2734030688 7.71038214934 0.0 0.435 0.48 1
64 14.5456646564 7.09654914448 0.0 0.435 0.48 1
65 14.736766976 7.57195946551 0.0 0.435 0.48 1
66 15.0061623163 6.47555634563 0.0 0.435 0.48 1
72 1.35834181752 5.23571868611 0.0 0.435 0.48 1
96 14.7350832551 10.1050945797 0.0 0.435 0.48 1
98 4.93182891385 8.13304865463 0.0 0.435 0.48 1
99 4.95792658745 7.54809348554 0.0 0.435 0.48 1
100 13.8410274694 2.20593252875 0.0 0.435 0.48 1
102 6.4086625881 5.3304666266 0.0 0.435 0.48 1
103 0.64086625881 4.56055011272 0.0 0.435 0.48 1
222 11.2217891801 8.54521412874 0.0 0.435 0.48 1
232 7.51360441363 9.3315981688 0.0 0.435 0.48 1
233 8.51205089369 9.12133888525 0.0 0.435 0.48 1
340 12.2246554275 8.13829917023 0.0 0.435 0.48 1
343 11.7974112549 7.94737133046 0.0 0.435 0.48 1
345 10.9498682585 12.0914600927 0.0 0.435 0.48 1
346 11.3398601066 11.843253901 0.0 0.435 0.48 1
347 9.83356131703 11.1647440904 0.0 0.435 0.48 1
376 14.339408849 8.89771465292 0.0 0.435 0.48 1
412 5.06568472358 3.53956348955 0.0 0.435 0.48 1
413 5.76021958534 2.92071862889 0.0 0.435 0.48 1
414 4.99517891185 2.85246192618 0.0 0.435 0.48 1
