142 8.69220902753 9.02921620256 0.0 0.435 0.48 1
155 14.7266646507 5.77246457567 0.0 0.435 0.48 1
156 3.96831964199 11.670464206 0.0 0.435 0.48 1
158 4.19267544885 10.9909997562 0.0 0.435 0.48 1
160 12.1036379895 10.5998363445 0.0 0.435 0.48 1
161 1.91523249759 6.9927321316 0.0 0.435 0.48 1
162 6.28112073166 10.201274479 0.0 0.435 0.48 1
163 7.11077419381 8.7423471233 0.0 0.435 0.48 1
164 6.53220560745 8.4158605173 0.0 0.435 0.48 1
165 4.1893080071 8.16669968639 0.0 0.435 0.48 1
166 4.5108986946 7.53377389755 0.0 0.435 0.48 1
167 3.65956732617 7.43711667867 0.0 0.435 0.48 1
168 2.42350573734 5.82687901 0.0 0.435 0.48 1
248 12.3227321686 5.52831560056 0.0 0.435 0.48 1
249 12.9002484294 4.87534238855 0.0 0.435 0.48 1
256 8.35378113126 5.42115735049 0.0 0.435 0.48 1
259 14.7207716276 11.4370549219 0.0 0.435 0.48 1
262 9.94195084849 6.71039758854 0.0 0.435 0.48 1
278 14.1278914138 8.03114092016 0.0 0.435 0.48 1
279 13.968779791 7.44379915306 0.0 0.435 0.48 1
280 14.7733879051 7.05239708153 0.0 0.435 0.48 1
329 4.57719520414 8.31777133961 0.0 0.435 0.48 1
331 4.13079870662 8.995326511 0.0 0.435 0.48 1
332 4.48648474189 8.83948166179 0.0 0.435 0.48 1
333 6.93608815282 10.8695219181 0.0 0.435 0.48 1
334 0.94393601667 12.2337013333 0.0 0.435 0.48 1
335 9.56037760474 12.1628193728 0.0 0.435 0.48 1
358 12.5237263483 11.1115229551 0.0 0.435 0.48 1
360 14.3282541982 12.4119802037 0.0 0.435 0.48 1
