4 13.1831135367 7.70202905635 0.0 0.435 0.48 1
38 1.58711739169 7.6593089522 0.0 0.435 0.48 1
39 1.3863336771 8.14378834562 0.0 0.435 0.48 1
41 14.9529146436 3.40209544492 0.0 0.435 0.48 1
42 3.37186152131 12.1265430832 0.0 0.435 0.48 1
43 15.1309681263 9.81918013961 0.0 0.435 0.48 1
44 4.05713591825 11.6155724521 0.0 0.435 0.48 1
45 7.47340557769 6.5798506781 0.0 0.435 0.48 1
46 7.57990092316 7.02566718396 0.0 0.435 0.48 1
47 7.89601951782 7.33759554219 0.0 0.435 0.48 1
48 8.74650902582 4.01736040858 0.0 0.435 0.48 1
49 8.9801252975 4.55673155593 0.0 0.435 0.48 1
50 11.3196554561 9.02635228496 0.0 0.435 0.48 1
51 11.4021577791 1.61453354506 0.0 0.435 0.48 1
75 13.1119763297 8.34617185578 0.0 0.435 0.48 1
83 5.44494285112 2.77251089327 0.0 0.435 0.48 1
87 10.4167601358 7.98364762001 0.0 0.435 0.48 1
88 11.3396496415 6.1631506678 0.0 0.435 0.48 1
89 5.42852657257 7.6626501894 0.0 0.435 0.48 1
90 5.47798587333 6.93258986208 0.0 0.435 0.48 1
91 4.64791148097 5.27987074906 0.0 0.435 0.48 1
92 2.38709527337 7.47339296823 0.0 0.435 0.48 1
93 2.31974643829 6.2423857213 0.0 0.435 0.48 1
94 1.1522964752 4.23764340371 0.0 0.435 0.48 1
95 0.97213834136 4.88608207953 0.0 0.435 0.48 1
221 7.28209279304 6.08582489269 0.0 0.435 0.48 1
222 13.2641426039 11.5461224503 0.0 0.435 0.48 1
223 12.916875173 9.26859198167 0.0 0.435 0.48 1
224 12.576974021 9.39818425292 0.0 0.435 0.48 1
225 13.1871123738 10.2692925219 0.0 0.435 0.48 1
226 13.3306495786 9.55760899912 0.0 0.435 0.48 1
227 8.56592996176 7.94737133046 0.0 0.435 0.48 1
228 8.85447762706 10.478835826 0.0 0.435 0.48 1
229 4.91078240289 0.159186086409 0.0 0.435 0.48 1
230 4.37535916401 0.790202596851 0.0 0.435 0.48 1
232 10.8343229133 2.96654131044 0.0 0.435 0.48 1
233 10.5001043192 2.21500160114 0.0 0.435 0.48 1
234 11.6818659098 0.930773218882 0.0 0.435 0.48 1
235 11.2697752251 8.57170536651 0.0 0.435 0.48 1
300 5.27720215875 8.63327959483 0.0 0.435 0.48 1
301 4.59066497115 8.14736824262 0.0 0.435 0.48 1
308 12.8434228498 10.8874214031 0.0 0.435 0.48 1
309 12.9646507529 11.2100894523 0.0 0.435 0.48 1
312 14.4122297769 11.516767295 0.0 0.435 0.48 1
316 11.0759368592 6.83927388039 0.0 0.435 0.48 1
317 10.6442729193 4.61090733046 0.0 0.435 0.48 1
318 8.31337183021 9.74925281829 0.0 0.435 0.48 1
319 8.00819742125 10.2743043777 0.0 0.435 0.48 1
340 13.0871414467 11.8921791599 0.0 0.435 0.48 1
341 11.9927228767 12.0489786483 0.0 0.435 0.48 1
