51 12.0596507815 12.6728353648 0.0 0.435 0.48 1
62 13.1264984222 5.21662590214 0.0 0.435 0.48 1
63 11.9937752022 5.99036097281 0.0 0.435 0.48 1
64 11.375218245 7.40346564691 0.0 0.435 0.48 1
65 11.8325589283 7.86336308096 0.0 0.435 0.48 1
66 11.5656891693 6.92853264548 0.0 0.435 0.48 1
67 9.1221892465 3.61999184205 0.0 0.435 0.48 1
68 12.7649193639 9.80820178882 0.0 0.435 0.48 1
69 13.3037100445 9.55927961772 0.0 0.435 0.48 1
70 13.5164902704 8.68626207037 0.0 0.435 0.48 1
71 13.6543449172 9.44854147066 0.0 0.435 0.48 1
72 5.87197655855 2.86391759656 0.0 0.435 0.48 1
98 9.10493110751 10.7688074827 0.0 0.435 0.48 1
99 9.53680551246 10.9604513018 0.0 0.435 0.48 1
103 5.25236727581 2.42096500829 0.0 0.435 0.48 1
104 7.49066371668 7.72398575793 0.0 0.435 0.48 1
105 1.76054064202 4.78775424205 0.0 0.435 0.48 1
106 13.6179344532 5.58463931329 0.0 0.435 0.48 1
107 13.5996239887 6.26410376308 0.0 0.435 0.48 1
108 14.5010460532 6.72233057853 0.0 0.435 0.48 1
109 14.2651146653 7.27840791186 0.0 0.435 0.48 1
222 12.7219844815 7.64021616823 0.0 0.435 0.48 1
232 6.27270212728 9.02563630556 0.0 0.435 0.48 1
233 7.04574047493 8.55643113933 0.0 0.435 0.48 1
236 11.0729903476 8.9938945522 0.0 0.435 0.48 1
237 11.1245542995 9.44066569726 0.0 0.435 0.48 1
238 12.6131740199 2.29352067525 0.0 0.435 0.48 1
239 14.8011692995 1.80999592103 0.0 0.435 0.48 1
314 13.9271076993 9.71345384834 0.0 0.435 0.48 1
320 6.85947885292 11.2509002781 0.0 0.435 0.48 1
340 12.5588740216 8.29748525664 0.0 0.435 0.48 1
343 13.2313100468 7.8280414306 0.0 0.435 0.48 1
345 6.34552305521 10.0158358146 0.0 0.435 0.48 1
346 6.71383699705 9.59412394848 0.0 0.435 0.48 1
347 11.5299101006 8.5817290781 0.0 0.435 0.48 1
376 14.2769007114 8.77337289727 0.0 0.435 0.48 1
413 0.420930219251 3.4128351359 0.0 0.435 0.48 1
421 6.87379048037 4.42355938769 0.0 0.435 0.48 1
422 7.09078000839 5.21137538654 0.0 0.435 0.48 1
423 8.3655671774 5.49132333161 0.0 0.435 0.48 1
424 12.108478687 3.86366349756 0.0 0.435 0.48 1
425 12.354301935 4.43907227467 0.0 0.435 0.48 1
426 10.7118322195 5.39084755593 0.0 0.435 0.48 1
