77 0.219936039559 7.50799863919 0.0 0.435 0.48 1
78 0.0751360441363 6.86767439655 0.0 0.435 0.48 1
87 14.7717041842 4.23287020772 0.0 0.435 0.48 1
88 14.5818646553 4.9106640389 0.0 0.435 0.48 1
89 1.00644415423 7.88436514333 0.0 0.435 0.48 1
90 10.753083381 5.98678107581 0.0 0.435 0.48 1
91 4.71526031605 4.90087898712 0.0 0.435 0.48 1
92 4.89604984522 3.64600576022 0.0 0.435 0.48 1
93 5.56322424273 4.61902176365 0.0 0.435 0.48 1
94 5.34707657515 6.14739912102 0.0 0.435 0.48 1
95 5.83788121079 6.78414346665 0.0 0.435 0.48 1
96 10.6937322201 3.12644337625 0.0 0.435 0.48 1
97 10.399922927 3.81855679542 0.0 0.435 0.48 1
