76 3.18223245754 5.68487642917 0.0 0.435 0.48 1
77 3.61999988556 7.54952544434 0.0 0.435 0.48 1
78 3.49540454066 6.72519449613 0.0 0.435 0.48 1
81 1.41011623449 4.51854598797 0.0 0.435 0.48 1
82 1.13861624307 3.68061143118 0.0 0.435 0.48 1
85 13.5169112006 3.0830072927 0.0 0.435 0.48 1
86 10.2172392119 3.0839619319 0.0 0.435 0.48 1
87 8.74461483983 3.32142843261 0.0 0.435 0.48 1
88 8.77302762963 3.92523772589 0.0 0.435 0.48 1
89 4.69989636305 7.46098265864 0.0 0.435 0.48 1
90 12.1356286861 8.77027031987 0.0 0.435 0.48 1
91 8.95023925194 5.12665115764 0.0 0.435 0.48 1
92 9.04831599302 4.28298876566 0.0 0.435 0.48 1
93 9.46629970074 4.75696712789 0.0 0.435 0.48 1
94 10.7833903568 4.48131505922 0.0 0.435 0.48 1
95 11.0732008127 5.02068620657 0.0 0.435 0.48 1
96 4.48438009079 2.76511243948 0.0 0.435 0.48 1
97 4.17520684475 3.47273874563 0.0 0.435 0.48 1
