54 2.14800690884 4.77749187066 0.0 0.435 0.48 1
55 1.88008482428 3.92118050929 0.0 0.435 0.48 1
56 14.0140297895 4.61663516566 0.0 0.435 0.48 1
57 12.1070054312 4.24217793991 0.0 0.435 0.48 1
58 2.77813944706 6.87340223175 0.0 0.435 0.48 1
59 3.52971035353 5.98869035421 0.0 0.435 0.48 1
60 6.24807770945 4.14361144262 0.0 0.435 0.48 1
61 6.03508701851 3.44839544606 0.0 0.435 0.48 1
62 6.3606765431 3.03360471416 0.0 0.435 0.48 1
63 12.0318693871 1.62765983405 0.0 0.435 0.48 1
64 13.7869379362 2.67824027238 0.0 0.435 0.48 1
