76 6.81864862165 4.98536455621 0.0 0.435 0.48 1
77 7.66050906015 6.71326150614 0.0 0.435 0.48 1
78 7.35533465119 5.75957694648 0.0 0.435 0.48 1
79 13.0477844712 4.2438485585 0.0 0.435 0.48 1
80 10.6463775704 2.8283572864 0.0 0.435 0.48 1
81 7.91243579637 4.68656248697 0.0 0.435 0.48 1
82 7.7337509183 3.92380576709 0.0 0.435 0.48 1
83 8.8378508834 3.23574956451 0.0 0.435 0.48 1
84 8.53793810218 2.80830986323 0.0 0.435 0.48 1
85 4.74514636162 2.9999536824 0.0 0.435 0.48 1
86 2.85937897937 3.51331091158 0.0 0.435 0.48 1
87 1.44547437291 3.76629029928 0.0 0.435 0.48 1
88 1.65720227319 4.39682949012 0.0 0.435 0.48 1
89 13.8502879342 6.56505377052 0.0 0.435 0.48 1
90 12.0806972925 12.3864436051 0.0 0.435 0.48 1
