76 2.4576010851 5.59704962288 0.0 0.435 0.48 1
77 2.676274334 7.6609795708 0.0 0.435 0.48 1
78 2.6413371258 6.78987130185 0.0 0.435 0.48 1
81 0.18541976158 4.11067639026 0.0 0.435 0.48 1
85 15.0396262687 3.12501141745 0.0 0.435 0.48 1
86 11.6829182353 3.11212378826 0.0 0.435 0.48 1
87 10.2159764212 3.37106967095 0.0 0.435 0.48 1
88 10.111796192 4.03263463576 0.0 0.435 0.48 1
89 3.55412430625 7.48508729841 0.0 0.435 0.48 1
90 12.2109751954 7.81777905921 0.0 0.435 0.48 1
91 7.80825556711 5.20278363375 0.0 0.435 0.48 1
92 8.00419858417 4.40685320171 0.0 0.435 0.48 1
93 8.38619275814 4.89873104892 0.0 0.435 0.48 1
94 9.5530113259 4.86675063576 0.0 0.435 0.48 1
95 9.96573340588 5.4939485894 0.0 0.435 0.48 1
96 5.96247655569 2.99303254821 0.0 0.435 0.48 1
97 5.63499284511 3.60829751187 0.0 0.435 0.48 1
