76 2.20651620931 5.56626250872 0.0 0.435 0.48 1
77 2.376782483 7.6609795708 0.0 0.435 0.48 1
78 2.32563946136 6.80323625063 0.0 0.435 0.48 1
86 12.1722496152 3.12405677825 0.0 0.435 0.48 1
87 10.7210926843 3.40090214592 0.0 0.435 0.48 1
88 10.5598764104 4.13263309184 0.0 0.435 0.48 1
89 3.21885338661 7.47745018482 0.0 0.435 0.48 1
90 12.2210775206 7.493917711 0.0 0.435 0.48 1
91 7.4691962755 5.15648363261 0.0 0.435 0.48 1
92 7.66913812964 4.39205629413 0.0 0.435 0.48 1
93 8.04629160609 4.92307434849 0.0 0.435 0.48 1
94 9.13923692038 5.0777258987 0.0 0.435 0.48 1
95 9.61699271923 5.68487642917 0.0 0.435 0.48 1
96 6.47958933004 3.04124182775 0.0 0.435 0.48 1
97 6.21208817571 3.65459751301 0.0 0.435 0.48 1
