76 7.63798929342 4.7502846535 0.0 0.435 0.48 1
77 8.50279042887 6.07174396451 0.0 0.435 0.48 1
78 8.27780322668 5.39084755593 0.0 0.435 0.48 1
79 11.2480973188 3.68395266838 0.0 0.435 0.48 1
80 8.8729985567 3.01355729098 0.0 0.435 0.48 1
81 9.15523226871 4.80899496423 0.0 0.435 0.48 1
82 9.1680706404 3.89277999313 0.0 0.435 0.48 1
83 7.13055791411 3.77559803147 0.0 0.435 0.48 1
84 6.69279048609 3.2457732761 0.0 0.435 0.48 1
85 2.70300340292 3.14195626323 0.0 0.435 0.48 1
86 0.947934853753 3.62929957424 0.0 0.435 0.48 1
