54 3.54107546945 5.02378878397 0.0 0.435 0.48 1
55 3.3322940807 4.20828824835 0.0 0.435 0.48 1
56 12.3934484454 4.88321816194 0.0 0.435 0.48 1
57 10.6747903602 4.03096401716 0.0 0.435 0.48 1
58 4.24108242406 6.80347491043 0.0 0.435 0.48 1
59 4.94677193664 6.08415427409 0.0 0.435 0.48 1
60 4.86763705542 4.00709803719 0.0 0.435 0.48 1
61 4.67758706143 3.32333771101 0.0 0.435 0.48 1
62 4.84848473044 2.82740264721 0.0 0.435 0.48 1
63 12.8474216869 2.2517552103 0.0 0.435 0.48 1
64 15.0061623163 3.3355093608 0.0 0.435 0.48 1
