76 6.10664515578 5.2443104389 0.0 0.435 0.48 1
77 7.01353931316 6.92280481029 0.0 0.435 0.48 1
78 6.63596490649 6.00515788039 0.0 0.435 0.48 1
79 14.095479787 4.69945011616 0.0 0.435 0.48 1
80 12.2019251956 2.74100779971 0.0 0.435 0.48 1
81 6.91925094405 4.58871196909 0.0 0.435 0.48 1
82 6.62502072079 3.85411710557 0.0 0.435 0.48 1
83 10.2810101401 3.19804131616 0.0 0.435 0.48 1
84 10.2201857234 2.5822990329 0.0 0.435 0.48 1
85 6.28175212699 3.06057327153 0.0 0.435 0.48 1
86 4.27307312073 3.38252534134 0.0 0.435 0.48 1
87 2.93072665154 3.71712638054 0.0 0.435 0.48 1
88 3.10793827384 4.31974237481 0.0 0.435 0.48 1
89 12.1156345007 6.09322334648 0.0 0.435 0.48 1
90 12.0499693865 11.670464206 0.0 0.435 0.48 1
91 15.0499390591 4.22976763032 0.0 0.435 0.48 1
92 15.1478053351 3.09398564349 0.0 0.435 0.48 1
