76 0.881006948892 5.35051404978 0.0 0.435 0.48 1
77 0.966245318291 7.60561049727 0.0 0.435 0.48 1
78 0.942041830684 6.96003573904 0.0 0.435 0.48 1
86 14.627325119 3.19016554277 0.0 0.435 0.48 1
87 13.2683519061 3.84075215679 0.0 0.435 0.48 1
88 13.0448379597 4.62689753704 0.0 0.435 0.48 1
89 1.80431738482 7.59152956909 0.0 0.435 0.48 1
90 11.9156926466 6.18797128697 0.0 0.435 0.48 1
91 5.74948586475 4.94455373046 0.0 0.435 0.48 1
92 5.97257888095 3.9973129854 0.0 0.435 0.48 1
93 6.40508468123 4.89443517252 0.0 0.435 0.48 1
94 6.85316489963 5.86124602116 0.0 0.435 0.48 1
95 7.24063116645 6.5824759359 0.0 0.435 0.48 1
96 9.16344040799 3.12644337625 0.0 0.435 0.48 1
97 8.8203822793 3.81211298082 0.0 0.435 0.48 1
