76 5.32371494798 5.49203931101 0.0 0.435 0.48 1
77 6.25691724406 7.06098883432 0.0 0.435 0.48 1
78 5.94143004473 6.27365015507 0.0 0.435 0.48 1
79 15.1387553354 4.89968568812 0.0 0.435 0.48 1
80 13.8079844472 2.65843150901 0.0 0.435 0.48 1
81 5.88544632557 4.661503208 0.0 0.435 0.48 1
82 5.66487889068 4.03072535736 0.0 0.435 0.48 1
83 11.5966275404 3.28276554506 0.0 0.435 0.48 1
84 11.843503114 2.71666450014 0.0 0.435 0.48 1
85 7.81120207864 3.11618100486 0.0 0.435 0.48 1
86 5.45862308325 3.09923615908 0.0 0.435 0.48 1
87 4.25139521444 3.46939750843 0.0 0.435 0.48 1
88 4.39072311701 3.99110783061 0.0 0.435 0.48 1
89 10.3929775784 5.93881045607 0.0 0.435 0.48 1
90 12.0333426428 11.1547203788 0.0 0.435 0.48 1
91 13.7709425879 4.4132970163 0.0 0.435 0.48 1
92 13.7317960775 3.41927895049 0.0 0.435 0.48 1
93 14.1207356001 3.82595524921 0.0 0.435 0.48 1
