76 7.44141488103 4.80231248983 0.0 0.435 0.48 1
77 8.29232531925 6.23450994791 0.0 0.435 0.48 1
78 8.05113230361 5.48726611501 0.0 0.435 0.48 1
79 11.7159612575 3.82165937281 0.0 0.435 0.48 1
80 9.23142063839 2.94697120686 0.0 0.435 0.48 1
81 8.85616134793 4.8278490884 0.0 0.435 0.48 1
82 8.81154274469 3.90614494191 0.0 0.435 0.48 1
83 7.55738115643 3.61378668726 0.0 0.435 0.48 1
84 7.14297535558 3.13312585064 0.0 0.435 0.48 1
85 3.07279060053 3.17417533619 0.0 0.435 0.48 1
86 1.48146390665 3.64648307982 0.0 0.435 0.48 1
