76 3.95400801453 5.76435014248 0.0 0.435 0.48 1
77 4.97118588935 7.27912389126 0.0 0.435 0.48 1
78 4.71441845561 6.62877593704 0.0 0.435 0.48 1
81 3.63262779214 4.82331455221 0.0 0.435 0.48 1
82 3.25757896678 4.06055783232 0.0 0.435 0.48 1
83 14.1786135053 3.48538771502 0.0 0.435 0.48 1
84 14.1026356007 2.44316036967 0.0 0.435 0.48 1
85 10.9380822123 3.07537017911 0.0 0.435 0.48 1
86 7.93158812135 3.23551090472 0.0 0.435 0.48 1
87 6.78308001812 3.48872895221 0.0 0.435 0.48 1
88 6.89652071221 4.0849011319 0.0 0.435 0.48 1
89 7.07688931116 6.73617284691 0.0 0.435 0.48 1
90 12.0215565967 10.3206043788 0.0 0.435 0.48 1
91 10.970072909 4.90040166752 0.0 0.435 0.48 1
92 11.0374217441 3.84242277539 0.0 0.435 0.48 1
93 11.5545345184 4.33883515879 0.0 0.435 0.48 1
94 12.8166937809 3.98251607782 0.0 0.435 0.48 1
95 13.0791437726 4.55100372074 0.0 0.435 0.48 1
96 1.90428831189 2.69685573676 0.0 0.435 0.48 1
97 1.78895343182 3.5004232824 0.0 0.435 0.48 1
