76 4.51047776438 5.73475632731 0.0 0.435 0.48 1
77 5.56596028916 7.1645671874 0.0 0.435 0.48 1
78 5.34076262186 6.48271613962 0.0 0.435 0.48 1
81 4.82470217306 4.77605991187 0.0 0.435 0.48 1
82 4.54604636791 4.15411247381 0.0 0.435 0.48 1
83 12.8594181981 3.29803977224 0.0 0.435 0.48 1
84 12.9372902887 2.59208408469 0.0 0.435 0.48 1
85 9.37474737805 3.09565626208 0.0 0.435 0.48 1
86 6.69826257894 3.25460368869 0.0 0.435 0.48 1
87 5.57227424245 3.34863564978 0.0 0.435 0.48 1
88 5.65098819345 3.94981968526 0.0 0.435 0.48 1
89 8.67958112096 6.3292578884 0.0 0.435 0.48 1
90 12.0251345036 10.7549652143 0.0 0.435 0.48 1
91 12.3719810042 4.65649135221 0.0 0.435 0.48 1
92 12.3662984463 3.60710421287 0.0 0.435 0.48 1
93 12.8263751759 4.07583205951 0.0 0.435 0.48 1
94 14.0327611843 3.60376297567 0.0 0.435 0.48 1
95 14.3339367562 4.26150938368 0.0 0.435 0.48 1
96 0.316329059767 2.62979233304 0.0 0.435 0.48 1
97 0.315697664438 3.5798969957 0.0 0.435 0.48 1
