76 5.05263588678 5.57294498311 0.0 0.435 0.48 1
77 5.98625911308 7.09511718568 0.0 0.435 0.48 1
78 5.73433237686 6.34787335278 0.0 0.435 0.48 1
80 14.3484588487 2.63122429184 0.0 0.435 0.48 1
81 5.5318649414 4.69968877596 0.0 0.435 0.48 1
82 5.35465331909 4.10614185407 0.0 0.435 0.48 1
83 12.0175577596 3.31641657682 0.0 0.435 0.48 1
84 12.208449614 2.67704697339 0.0 0.435 0.48 1
85 8.33231369007 3.10949853047 0.0 0.435 0.48 1
86 5.86755679125 3.12906863404 0.0 0.435 0.48 1
87 4.67232543369 3.36510317596 0.0 0.435 0.48 1
88 4.79860449946 3.87225525035 0.0 0.435 0.48 1
89 9.81588224783 6.06959602631 0.0 0.435 0.48 1
90 12.0306065964 11.0215482106 0.0 0.435 0.48 1
91 13.3445402758 4.47463258483 0.0 0.435 0.48 1
92 13.2683519061 3.50495781859 0.0 0.435 0.48 1
93 13.6796007303 3.8307284452 0.0 0.435 0.48 1
94 14.9196611562 3.3309748246 0.0 0.435 0.48 1
