111 0.521322076542 5.47819704262 0.0 0.435 0.48 1
112 0.631395328877 4.80135785064 0.0 0.435 0.48 1
113 1.50840344069 5.42807848468 0.0 0.435 0.48 1
114 14.5635541908 6.19322180256 0.0 0.435 0.48 1
115 15.1244437079 7.04762388554 0.0 0.435 0.48 1
116 14.88851232 5.45122848525 0.0 0.435 0.48 1
117 11.5461159141 4.37129289155 0.0 0.435 0.48 1
118 11.3792170821 3.68323668898 0.0 0.435 0.48 1
119 10.9711252346 2.80807120343 0.0 0.435 0.48 1
120 1.495565069 4.10566453447 0.0 0.435 0.48 1
121 1.32466739998 3.20257585235 0.0 0.435 0.48 1
