76 1.43894995451 5.46149085664 0.0 0.435 0.48 1
77 1.47893832534 7.6609795708 0.0 0.435 0.48 1
78 1.45536623306 6.87865274734 0.0 0.435 0.48 1
86 13.6450844524 3.163674305 0.0 0.435 0.48 1
87 12.2541205428 3.63097019284 0.0 0.435 0.48 1
88 12.0638600837 4.37535010815 0.0 0.435 0.48 1
89 2.34226620502 7.53830843375 0.0 0.435 0.48 1
90 12.2187624044 6.55073418253 0.0 0.435 0.48 1
91 6.44780909849 5.02044754677 0.0 0.435 0.48 1
92 6.6666928125 4.25530422889 0.0 0.435 0.48 1
93 7.04384628895 4.94025785407 0.0 0.435 0.48 1
94 7.85308463546 5.69728673876 0.0 0.435 0.48 1
95 8.21003346138 6.29035634105 0.0 0.435 0.48 1
96 8.10522183679 3.10210007668 0.0 0.435 0.48 1
97 7.85097998436 3.76867689728 0.0 0.435 0.48 1
