76 1.70413599264 5.50468828039 0.0 0.435 0.48 1
77 1.77821971123 7.6609795708 0.0 0.435 0.48 1
78 1.71192320169 6.83784192159 0.0 0.435 0.48 1
86 13.1540693516 3.15030935622 0.0 0.435 0.48 1
87 11.7422693962 3.54696194334 0.0 0.435 0.48 1
88 11.5587438206 4.29587639484 0.0 0.435 0.48 1
89 2.61271387089 7.50418008239 0.0 0.435 0.48 1
90 12.241071706 6.84619501458 0.0 0.435 0.48 1
91 6.79107769229 5.06364497052 0.0 0.435 0.48 1
92 7.00596256921 4.3343006226 0.0 0.435 0.48 1
93 7.37617069705 4.94025785407 0.0 0.435 0.48 1
94 8.31021485356 5.54048725035 0.0 0.435 0.48 1
95 8.7090462363 6.08582489269 0.0 0.435 0.48 1
96 7.5632741795 3.0818139937 0.0 0.435 0.48 1
97 7.36627883689 3.7469588555 0.0 0.435 0.48 1
