76 1.16008368426 5.40588312331 0.0 0.435 0.48 1
77 1.21501507787 7.63830688983 0.0 0.435 0.48 1
78 1.19859879932 6.91946357309 0.0 0.435 0.48 1
86 14.1363100182 3.17680059399 0.0 0.435 0.48 1
87 12.7661821546 3.71473978254 0.0 0.435 0.48 1
88 12.55592751 4.4961119668 0.0 0.435 0.48 1
89 2.07202900426 7.56981152731 0.0 0.435 0.48 1
90 12.0672275255 6.36935273475 0.0 0.435 0.48 1
91 6.09864748162 4.98250063862 0.0 0.435 0.48 1
92 6.31963584673 4.12618927725 0.0 0.435 0.48 1
93 6.71152188085 4.94025785407 0.0 0.435 0.48 1
94 7.35301953499 5.77938570986 0.0 0.435 0.48 1
95 7.71081022135 6.4948877894 0.0 0.435 0.48 1
96 8.64695902896 3.12238615965 0.0 0.435 0.48 1
97 8.33568113183 3.79039493905 0.0 0.435 0.48 1
