111 1.21206856633 5.61280116966 0.0 0.435 0.48 1
112 1.39875111857 4.90732280171 0.0 0.435 0.48 1
113 2.28291504411 5.46530941344 0.0 0.435 0.48 1
114 13.7589460767 5.95456200285 0.0 0.435 0.48 1
115 14.362349546 6.73784346551 0.0 0.435 0.48 1
116 13.9641495585 5.19848775736 0.0 0.435 0.48 1
117 10.5358833879 4.35220010757 0.0 0.435 0.48 1
118 10.4243368798 3.52739183976 0.0 0.435 0.48 1
119 12.0213461316 3.05054955994 0.0 0.435 0.48 1
120 0.964772062523 4.00566607839 0.0 0.435 0.48 1
121 0.548472075684 3.21737275994 0.0 0.435 0.48 1
