40 0.0667174397513 7.1597939914 0.0 0.435 0.48 1
41 0.942883691122 6.56075789412 0.0 0.435 0.48 1
42 14.6153286077 4.95052022546 0.0 0.435 0.48 1
43 2.15389993191 5.31495373962 0.0 0.435 0.48 1
44 9.61088923105 4.10423257567 0.0 0.435 0.48 1
45 9.41494621399 3.11928358225 0.0 0.435 0.48 1
46 5.11156611748 4.29826299284 0.0 0.435 0.48 1
47 4.73441264103 3.42285884749 0.0 0.435 0.48 1
48 1.79716157109 3.31593925722 0.0 0.435 0.48 1
49 14.2063948997 3.68729390557 0.0 0.435 0.48 1
50 14.3383565235 4.62140836165 0.0 0.435 0.48 1
