76 2.70889642599 5.62783673704 0.0 0.435 0.48 1
77 2.98860455668 7.62923781744 0.0 0.435 0.48 1
78 2.95261502294 6.77531305407 0.0 0.435 0.48 1
81 0.586355795417 4.25840680629 0.0 0.435 0.48 1
82 0.313172083123 3.53073307696 0.0 0.435 0.48 1
85 14.5319844243 3.11093048926 0.0 0.435 0.48 1
86 11.1935868554 3.10019079828 0.0 0.435 0.48 1
87 9.71086015812 3.34123719599 0.0 0.435 0.48 1
88 9.66371597357 3.93239751988 0.0 0.435 0.48 1
89 3.88960569099 7.4924857522 0.0 0.435 0.48 1
90 12.1905600797 8.13734453103 0.0 0.435 0.48 1
91 8.18898695042 5.17748569498 0.0 0.435 0.48 1
92 8.35230787549 4.36556505636 0.0 0.435 0.48 1
93 8.72630437529 4.87414908955 0.0 0.435 0.48 1
94 9.96299735945 4.73835166351 0.0 0.435 0.48 1
95 10.3146845576 5.30302074963 0.0 0.435 0.48 1
96 5.46977773406 2.9171387319 0.0 0.435 0.48 1
97 5.14208355837 3.56319080972 0.0 0.435 0.48 1
