76 7.83477417092 4.69849547696 0.0 0.435 0.48 1
77 8.71536018959 5.97126818883 0.0 0.435 0.48 1
78 8.50447414975 5.29466765664 0.0 0.435 0.48 1
79 10.7804438452 3.54600730414 0.0 0.435 0.48 1
80 8.5602474038 3.09088306609 0.0 0.435 0.48 1
81 9.45430318949 4.79014084005 0.0 0.435 0.48 1
82 9.49197644411 3.94743308726 0.0 0.435 0.48 1
83 6.70352420668 3.95292226265 0.0 0.435 0.48 1
84 6.27838468524 3.43956503347 0.0 0.435 0.48 1
85 2.33321620531 3.10973719027 0.0 0.435 0.48 1
86 0.414195335743 3.61235472846 0.0 0.435 0.48 1
