76 4.10827893989 5.78034034906 0.0 0.435 0.48 1
77 5.18607076628 7.23425584891 0.0 0.435 0.48 1
78 4.94403589021 6.61254707066 0.0 0.435 0.48 1
81 4.09565103331 4.84121403719 0.0 0.435 0.48 1
82 3.69555685991 4.13788360743 0.0 0.435 0.48 1
83 13.7351635193 3.40853925951 0.0 0.435 0.48 1
84 13.6509774754 2.40521346151 0.0 0.435 0.48 1
85 10.4169706009 3.0820526535 0.0 0.435 0.48 1
86 7.52265441335 3.27656039027 0.0 0.435 0.48 1
87 6.39940212327 3.4185629711 0.0 0.435 0.48 1
88 6.51621025912 4.06175113132 0.0 0.435 0.48 1
89 7.5851625509 6.58390789469 0.0 0.435 0.48 1
90 12.0196624107 10.488382218 0.0 0.435 0.48 1
91 11.3861624307 4.84479393418 0.0 0.435 0.48 1
92 11.4682438235 3.72309287553 0.0 0.435 0.48 1
93 11.9754647377 4.29110319885 0.0 0.435 0.48 1
94 13.210474001 3.85936762117 0.0 0.435 0.48 1
95 13.4767123647 4.46484753304 0.0 0.435 0.48 1
96 1.3753894914 2.67609233419 0.0 0.435 0.48 1
97 1.29793833106 3.52691452017 0.0 0.435 0.48 1
