76 6.58124397799 5.07175940371 0.0 0.435 0.48 1
77 7.44478232278 6.78318882746 0.0 0.435 0.48 1
78 7.11308931001 5.83928931959 0.0 0.435 0.48 1
79 13.3971565532 4.39563619112 0.0 0.435 0.48 1
80 11.1649636005 2.79924079084 0.0 0.435 0.48 1
81 7.59105557397 4.61114599026 0.0 0.435 0.48 1
82 7.3641741858 3.90065576652 0.0 0.435 0.48 1
83 9.30676714764 3.19804131616 0.0 0.435 0.48 1
84 9.09903808444 2.72859749012 0.0 0.435 0.48 1
85 5.28498936781 2.97250780543 0.0 0.435 0.48 1
86 3.32913710406 3.46915884863 0.0 0.435 0.48 1
87 1.94406621761 3.76175576308 0.0 0.435 0.48 1
88 2.18420690769 4.39921608812 0.0 0.435 0.48 1
89 13.2765600454 6.40037850872 0.0 0.435 0.48 1
90 12.0703845021 12.1477838054 0.0 0.435 0.48 1
