111 1.55744181123 5.68010323318 0.0 0.435 0.48 1
112 1.8278894771 4.87963826494 0.0 0.435 0.48 1
113 2.67059177604 5.46530941344 0.0 0.435 0.48 1
114 13.2955019053 5.88368004234 0.0 0.435 0.48 1
115 13.9811972324 6.5831919153 0.0 0.435 0.48 1
116 13.5019681778 5.07223672331 0.0 0.435 0.48 1
117 10.0349764269 4.33978979799 0.0 0.435 0.48 1
118 9.94026712761 3.4159377133 0.0 0.435 0.48 1
119 12.5782368117 3.26534337968 0.0 0.435 0.48 1
120 0.708425559 3.95363824205 0.0 0.435 0.48 1
121 0.160374413535 3.22477121373 0.0 0.435 0.48 1
