76 4.26254986525 5.79633055564 0.0 0.435 0.48 1
77 5.37612076027 7.19941151816 0.0 0.435 0.48 1
78 5.14397774436 6.55025686294 0.0 0.435 0.48 1
81 4.47112078888 4.81424547982 0.0 0.435 0.48 1
82 4.12511614866 4.16914804119 0.0 0.435 0.48 1
83 13.2917135333 3.3319294638 0.0 0.435 0.48 1
84 13.2940286495 2.498768103 0.0 0.435 0.48 1
85 9.89585898948 3.08897378769 0.0 0.435 0.48 1
86 7.11372070534 3.31737121602 0.0 0.435 0.48 1
87 6.01551376332 3.34815833018 0.0 0.435 0.48 1
88 6.0893870168 4.00948463519 0.0 0.435 0.48 1
89 8.13237183593 6.45646356165 0.0 0.435 0.48 1
90 12.0223984571 10.6215543862 0.0 0.435 0.48 1
91 11.8790717175 4.7505233133 0.0 0.435 0.48 1
92 11.9152717163 3.65841606981 0.0 0.435 0.48 1
93 12.3997623987 4.19850319656 0.0 0.435 0.48 1
94 13.6042542211 3.73621916451 0.0 0.435 0.48 1
95 13.8999577001 4.36604237596 0.0 0.435 0.48 1
96 0.845859275585 2.65294233361 0.0 0.435 0.48 1
97 0.806712765195 3.55340575793 0.0 0.435 0.48 1
