54 2.60703131293 4.87462640915 0.0 0.435 0.48 1
55 2.37131039015 4.03693051215 0.0 0.435 0.48 1
56 13.4586123652 4.72283877653 0.0 0.435 0.48 1
57 11.572844983 4.23788206351 0.0 0.435 0.48 1
58 3.26578710606 6.85001357138 0.0 0.435 0.48 1
59 4.00220452464 6.02067076737 0.0 0.435 0.48 1
60 5.7943149331 4.09158360629 0.0 0.435 0.48 1
61 5.58511261413 3.38300266094 0.0 0.435 0.48 1
62 5.87871144206 2.96558667124 0.0 0.435 0.48 1
63 12.2675903099 1.81858767382 0.0 0.435 0.48 1
64 14.1767193193 2.81093512103 0.0 0.435 0.48 1
