111 0.866695321438 5.54549910614 0.0 0.435 0.48 1
112 0.969823225154 4.93476867867 0.0 0.435 0.48 1
113 1.89523831218 5.46530941344 0.0 0.435 0.48 1
114 14.1611449012 6.07389190271 0.0 0.435 0.48 1
115 14.7432913944 6.89273367552 0.0 0.435 0.48 1
116 14.4263309393 5.32497745121 0.0 0.435 0.48 1
117 11.040999651 4.36174649956 0.0 0.435 0.48 1
118 10.9071438412 3.63264081144 0.0 0.435 0.48 1
119 11.5048647526 2.92024130929 0.0 0.435 0.48 1
120 1.22132903116 4.05793257453 0.0 0.435 0.48 1
121 0.936569737834 3.20997430615 0.0 0.435 0.48 1
