356 0.23 0.15 0.0 0.435 0.48 1
361 -0.85 -6.64 0.0 0.435 0.48 1
367 3.07 2.18 0.0 0.435 0.48 1
368 3.88 2.09 0.0 0.435 0.48 1
369 -0.59 2.83 0.0 0.435 0.48 1
371 -0.66 3.35 0.0 0.435 0.48 1
372 1.67 -6.32 0.0 0.435 0.48 1
373 2.47 -6.48 0.0 0.435 0.48 1
374 1.28 -7.96 0.0 0.435 0.48 1
375 1.18 -2.88 0.0 0.435 0.48 1
376 1.77 -2.67 0.0 0.435 0.48 1
377 2.49 -2.83 0.0 0.435 0.48 1
378 -1.38 -0.88 0.0 0.435 0.48 1
379 3.88 -1.46 0.0 0.435 0.48 1
380 2.01 2.57 0.0 0.435 0.48 1
381 -2.28 -1.08 0.0 0.435 0.48 1
