180 -1.09 -6.73 0.0 0.435 0.48 1
181 2.21 -0.82 0.0 0.435 0.48 1
182 2.81 -0.51 0.0 0.435 0.48 1
185 -0.91 -1.03 0.0 0.435 0.48 1
187 1.35 -5.59 0.0 0.435 0.48 1
189 -0.02 -5.74 0.0 0.435 0.48 1
190 0.83 -4.49 0.0 0.435 0.48 1
192 1.61 -1.93 0.0 0.435 0.48 1
193 0.51 -1.51 0.0 0.435 0.48 1
194 1.98 -6.05 0.0 0.435 0.48 1
195 2.47 -6.2 0.0 0.435 0.48 1
196 1.81 0.87 0.0 0.435 0.48 1
197 0.49 -9.09 0.0 0.435 0.48 1
199 -0.98 -3.66 0.0 0.435 0.48 1
200 2.01 -9.81 0.0 0.435 0.48 1
201 2.78 -9.95 0.0 0.435 0.48 1
