356 0.31 0.1 0.0 0.435 0.48 1
361 -0.89 -6.71 0.0 0.435 0.48 1
362 1.98 -7.95 0.0 0.435 0.48 1
363 2.57 -8.1 0.0 0.435 0.48 1
364 0.78 -8.85 0.0 0.435 0.48 1
365 1.98 -4.71 0.0 0.435 0.48 1
366 1.16 -4.67 0.0 0.435 0.48 1
367 3.36 -2.19 0.0 0.435 0.48 1
368 3.71 -2.41 0.0 0.435 0.48 1
369 -0.59 2.83 0.0 0.435 0.48 1
371 -0.66 3.35 0.0 0.435 0.48 1
372 1.76 -0.97 0.0 0.435 0.48 1
373 2.57 -0.84 0.0 0.435 0.48 1
374 0.72 -1.51 0.0 0.435 0.48 1
375 1.16 1.35 0.0 0.435 0.48 1
376 1.89 1.49 0.0 0.435 0.48 1
377 2.54 1.43 0.0 0.435 0.48 1
378 -1.06 -2.3 0.0 0.435 0.48 1
