356 0.35 0.2 0.0 0.435 0.48 1
361 -0.89 -6.71 0.0 0.435 0.48 1
362 1.93 -9.25 0.0 0.435 0.48 1
363 2.57 -9.24 0.0 0.435 0.48 1
365 2.01 -6.01 0.0 0.435 0.48 1
366 1.23 -5.95 0.0 0.435 0.48 1
367 3.34 -1.08 0.0 0.435 0.48 1
368 3.86 -1.26 0.0 0.435 0.48 1
369 -0.59 2.83 0.0 0.435 0.48 1
371 -0.66 3.35 0.0 0.435 0.48 1
372 1.73 -2.18 0.0 0.435 0.48 1
373 2.46 -2.26 0.0 0.435 0.48 1
374 0.68 -3.12 0.0 0.435 0.48 1
375 1.26 0.33 0.0 0.435 0.48 1
376 1.91 0.53 0.0 0.435 0.48 1
377 2.49 0.4 0.0 0.435 0.48 1
378 -1.14 -1.97 0.0 0.435 0.48 1
379 3.88 -5.92 0.0 0.435 0.48 1
