356 0.27 0.14 0.0 0.435 0.48 1
361 -0.89 -6.71 0.0 0.435 0.48 1
365 1.95 -8.11 0.0 0.435 0.48 1
366 1.19 -8.18 0.0 0.435 0.48 1
367 3.27 0.57 0.0 0.435 0.48 1
368 3.87 0.53 0.0 0.435 0.48 1
369 -0.59 2.83 0.0 0.435 0.48 1
371 -0.66 3.35 0.0 0.435 0.48 1
372 1.71 -4.26 0.0 0.435 0.48 1
373 2.5 -4.4 0.0 0.435 0.48 1
374 0.83 -5.55 0.0 0.435 0.48 1
375 1.24 -1.21 0.0 0.435 0.48 1
376 1.86 -1.05 0.0 0.435 0.48 1
377 2.42 -1.17 0.0 0.435 0.48 1
378 -1.58 -1.34 0.0 0.435 0.48 1
379 3.74 -3.64 0.0 0.435 0.48 1
