356 0.22 0.14 0.0 0.435 0.48 1
361 -0.86 -6.83 0.0 0.435 0.48 1
367 2.91 3.33 0.0 0.435 0.48 1
368 3.8 3.23 0.0 0.435 0.48 1
369 -0.59 2.83 0.0 0.435 0.48 1
371 -0.66 3.35 0.0 0.435 0.48 1
372 1.66 -7.72 0.0 0.435 0.48 1
373 2.37 -7.89 0.0 0.435 0.48 1
375 1.18 -4.06 0.0 0.435 0.48 1
376 1.82 -3.77 0.0 0.435 0.48 1
377 2.48 -3.92 0.0 0.435 0.48 1
378 -1.73 -0.32 0.0 0.435 0.48 1
379 4.08 0.02 0.0 0.435 0.48 1
380 2.17 1.46 0.0 0.435 0.48 1
381 -2.29 -1.08 0.0 0.435 0.48 1
382 3.29 -10.05 0.0 0.435 0.48 1
383 3.84 -10.31 0.0 0.435 0.48 1
