69 5.65582889097 6.23761252531 0.0 0.435 0.48 1
70 6.42318468066 6.07365324291 0.0 0.435 0.48 1
71 5.64278005417 5.64239498483 0.0 0.435 0.48 1
100 12.484790303 5.39371147352 0.0 0.435 0.48 1
102 12.2568565893 5.0796351771 0.0 0.435 0.48 1
103 8.08480672116 7.41802389469 0.0 0.435 0.48 1
104 8.71367646872 6.82423831301 0.0 0.435 0.48 1
105 9.0215869241 7.53592183575 0.0 0.435 0.48 1
106 9.41726133019 4.06413772932 0.0 0.435 0.48 1
107 2.00194412276 5.78964808125 0.0 0.435 0.48 1
108 1.03948717644 5.03118723776 0.0 0.435 0.48 1
109 13.8309251442 4.4159222741 0.0 0.435 0.48 1
110 13.8544972364 4.13358773104 0.0 0.435 0.48 1
