69 6.0828625984 5.15887023061 0.0 0.435 0.48 1
70 6.50989630583 5.01185579398 0.0 0.435 0.48 1
111 6.87842071278 4.22427845493 0.0 0.435 0.48 1
112 6.06665678496 4.3309593854 0.0 0.435 0.48 1
130 9.48881946747 6.88748315993 0.0 0.435 0.48 1
131 9.68371015898 6.26839963947 0.0 0.435 0.48 1
139 0.65770346758 8.34044402059 0.0 0.435 0.48 1
140 0.496276728497 9.01966981057 0.0 0.435 0.48 1
143 6.14158236398 8.11109195306 0.0 0.435 0.48 1
144 5.90754516208 6.06195891272 0.0 0.435 0.48 1
145 5.8751335352 6.68247439198 0.0 0.435 0.48 1
146 11.5086531245 7.2469048183 0.0 0.435 0.48 1
147 5.82356958334 5.56793312731 0.0 0.435 0.48 1
148 11.3588019665 6.77579037366 0.0 0.435 0.48 1
