69 6.0851777146 5.15863157081 0.0 0.435 0.48 1
70 6.51221142203 5.01185579398 0.0 0.435 0.48 1
111 6.87947303833 4.22427845493 0.0 0.435 0.48 1
112 6.06939283138 4.3295274266 0.0 0.435 0.48 1
130 8.83406251142 7.0767403811 0.0 0.435 0.48 1
131 9.40084505164 6.46505531444 0.0 0.435 0.48 1
139 1.19649414822 7.80775534763 0.0 0.435 0.48 1
140 1.1259883365 8.19462288296 0.0 0.435 0.48 1
141 14.6104879102 4.70804186895 0.0 0.435 0.48 1
142 14.105161182 5.71089034734 0.0 0.435 0.48 1
143 8.15910090485 7.97290792903 0.0 0.435 0.48 1
144 4.41639986038 5.69561612016 0.0 0.435 0.48 1
145 4.22887544771 6.37484191015 0.0 0.435 0.48 1
146 11.9965112487 7.20633265235 0.0 0.435 0.48 1
147 4.01314871034 4.87104651215 0.0 0.435 0.48 1
148 12.4784763497 6.86552645836 0.0 0.435 0.48 1
149 0.263712782361 9.09842754448 0.0 0.435 0.48 1
