69 6.00078120564 4.94168981287 0.0 0.435 0.48 1
70 6.53409979343 5.01185579398 0.0 0.435 0.48 1
111 6.89104861936 4.22427845493 0.0 0.435 0.48 1
112 6.09570097008 4.31663979742 0.0 0.435 0.48 1
130 8.22897532125 7.4941563708 0.0 0.435 0.48 1
131 8.55098693898 6.93258986208 0.0 0.435 0.48 1
133 14.1729309473 5.31901095621 0.0 0.435 0.48 1
134 13.8151402609 5.75814498769 0.0 0.435 0.48 1
135 10.2460729319 5.58463931329 0.0 0.435 0.48 1
136 7.49382069333 7.88197854534 0.0 0.435 0.48 1
137 2.68974410101 5.22306971673 0.0 0.435 0.48 1
138 2.4773848054 5.83690272159 0.0 0.435 0.48 1
139 13.8370286323 10.9501889305 0.0 0.435 0.48 1
140 14.0578065323 12.153034321 0.0 0.435 0.48 1
