20 1.12619880161 7.71634864434 0.0 0.435 0.48 1
21 1.3118290283 6.98795893561 0.0 0.435 0.48 1
23 15.2376739369 4.45506248125 0.0 0.435 0.48 1
24 12.1097414776 5.54764704434 0.0 0.435 0.48 1
25 11.9251635765 5.02116352617 0.0 0.435 0.48 1
30 11.7163821877 4.3331073236 0.0 0.435 0.48 1
31 11.8037252082 3.99325576881 0.0 0.435 0.48 1
32 6.56356490878 5.83761870099 0.0 0.435 0.48 1
33 12.0442868285 6.04596870614 0.0 0.435 0.48 1
34 12.6756821574 6.28033262946 0.0 0.435 0.48 1
35 13.1839553972 6.73116099112 0.0 0.435 0.48 1
36 15.1608541719 6.9120651193 0.0 0.435 0.48 1
38 0.195522086842 9.86858271815 0.0 0.435 0.48 1
