69 5.64930447257 6.23713520571 0.0 0.435 0.48 1
70 6.42865677351 6.06983468611 0.0 0.435 0.48 1
71 5.63373005446 5.65003209842 0.0 0.435 0.48 1
100 13.9833018835 5.36507229756 0.0 0.435 0.48 1
102 13.6951751484 5.00159342259 0.0 0.435 0.48 1
103 6.63785909248 7.64427338482 0.0 0.435 0.48 1
104 7.17980674977 7.12065378425 0.0 0.435 0.48 1
105 7.67671487359 7.68389091157 0.0 0.435 0.48 1
106 7.9195916101 4.27964752846 0.0 0.435 0.48 1
107 3.76985104361 6.1633893276 0.0 0.435 0.48 1
108 2.85180223543 5.48917539341 0.0 0.435 0.48 1
109 11.8626554389 4.48250835822 0.0 0.435 0.48 1
110 11.9199019488 4.30255886923 0.0 0.435 0.48 1
111 1.50145809207 4.44289083147 0.0 0.435 0.48 1
112 0.836809275871 5.15743827181 0.0 0.435 0.48 1
113 15.1595913812 9.62944559884 0.0 0.435 0.48 1
