69 6.06139515722 5.1629274472 0.0 0.435 0.48 1
70 6.48695560888 5.01185579398 0.0 0.435 0.48 1
111 6.86621373642 4.22427845493 0.0 0.435 0.48 1
112 6.03950678581 4.34360835478 0.0 0.435 0.48 1
152 2.23934876642 6.09059808869 0.0 0.435 0.48 1
153 3.13929757517 6.96122903804 0.0 0.435 0.48 1
156 10.0036171256 7.10537955707 0.0 0.435 0.48 1
157 10.0955903785 5.99370221 0.0 0.435 0.48 1
158 9.94047759272 6.3299738678 0.0 0.435 0.48 1
159 8.94897646128 5.77676045206 0.0 0.435 0.48 1
160 12.9863286592 5.0765325997 0.0 0.435 0.48 1
