44 2.90041967575 8.79604557824 0.0 0.435 0.48 1
69 5.77116377104 6.2478748967 0.0 0.435 0.48 1
70 6.32847538133 6.13785272903 0.0 0.435 0.48 1
71 5.80336493281 5.56005735392 0.0 0.435 0.48 1
76 1.21606740342 3.84910524978 0.0 0.435 0.48 1
77 0.395674406096 5.0822604349 0.0 0.435 0.48 1
78 0.687168582927 6.11422540886 0.0 0.435 0.48 1
86 7.62578231706 4.63000011444 0.0 0.435 0.48 1
87 7.78720905614 5.35791250357 0.0 0.435 0.48 1
88 3.66083011683 7.55931049612 0.0 0.435 0.48 1
89 3.16897315563 5.19944239656 0.0 0.435 0.48 1
90 2.63860107938 4.26843051788 0.0 0.435 0.48 1
91 14.4107565212 3.78896298025 0.0 0.435 0.48 1
92 14.8859867387 4.27201041487 0.0 0.435 0.48 1
93 1.79631971065 5.17175785979 0.0 0.435 0.48 1
94 1.41011623449 4.54479856594 0.0 0.435 0.48 1
