69 5.60805331108 6.23355530872 0.0 0.435 0.48 1
70 6.61449746531 4.5803588761 0.0 0.435 0.48 1
71 5.55669982433 5.68439910957 0.0 0.435 0.48 1
106 3.56569988728 7.88484246293 0.0 0.435 0.48 1
107 15.2414623089 4.30566144663 0.0 0.435 0.48 1
108 14.0883239732 5.29705425464 0.0 0.435 0.48 1
109 1.46125925613 5.12092332245 0.0 0.435 0.48 1
110 1.15082321943 4.85410166637 0.0 0.435 0.48 1
111 6.73256839181 4.15268051501 0.0 0.435 0.48 1
112 6.18599050211 4.27272639427 0.0 0.435 0.48 1
113 2.91199525678 7.31325224262 0.0 0.435 0.48 1
114 4.52499985695 3.84433205378 0.0 0.435 0.48 1
115 1.15271740542 8.59533268668 0.0 0.435 0.48 1
