44 2.4729650381 8.71704918453 0.0 0.435 0.48 1
69 5.82841028086 6.25408005149 0.0 0.435 0.48 1
70 6.27985794101 6.17102644119 0.0 0.435 0.48 1
71 5.89765330193 5.61924498425 0.0 0.435 0.48 1
73 15.2496704481 4.65291145521 0.0 0.435 0.48 1
74 15.4517169534 4.07678669871 0.0 0.435 0.48 1
75 5.57795680041 4.82164393361 0.0 0.435 0.48 1
76 10.2812206052 5.20278363375 0.0 0.435 0.48 1
77 10.8566322149 6.47221510843 0.0 0.435 0.48 1
78 11.1173984857 5.88869189813 0.0 0.435 0.48 1
79 12.9151914522 5.26197126408 0.0 0.435 0.48 1
80 1.43116274545 4.48680423461 0.0 0.435 0.48 1
81 1.31330228406 3.89492793132 0.0 0.435 0.48 1
