69 5.64109633329 6.23641922631 0.0 0.435 0.48 1
70 6.43539165702 6.06530014992 0.0 0.435 0.48 1
71 5.62278586876 5.65933983061 0.0 0.435 0.48 1
103 4.78345101157 7.75644349069 0.0 0.435 0.48 1
104 5.367912621 7.25191667409 0.0 0.435 0.48 1
105 5.92880213815 7.83997442059 0.0 0.435 0.48 1
106 6.07928469153 4.40040938712 0.0 0.435 0.48 1
107 5.88986609287 6.76552800228 0.0 0.435 0.48 1
108 4.65801380623 6.34500943518 0.0 0.435 0.48 1
109 9.90091015211 4.94717898826 0.0 0.435 0.48 1
110 9.68497294964 4.67200423919 0.0 0.435 0.48 1
111 3.80394639137 4.01664442918 0.0 0.435 0.48 1
112 3.07089641455 4.55434495793 0.0 0.435 0.48 1
113 13.0286321463 8.20894247094 0.0 0.435 0.48 1
