44 2.45739061999 8.71179866894 0.0 0.435 0.48 1
69 5.82883121108 6.25288675249 0.0 0.435 0.48 1
70 6.28133119677 6.17007180199 0.0 0.435 0.48 1
71 5.8949172555 5.61757436566 0.0 0.435 0.48 1
75 4.97792077286 4.89419651272 0.0 0.435 0.48 1
76 9.78136596985 5.14311868382 0.0 0.435 0.48 1
77 10.3622496724 6.52782284176 0.0 0.435 0.48 1
78 10.5876578048 5.92711612588 0.0 0.435 0.48 1
79 12.2962135648 5.1674619834 0.0 0.435 0.48 1
80 1.95374761265 4.45386918225 0.0 0.435 0.48 1
81 1.81378831475 3.87893772474 0.0 0.435 0.48 1
82 7.78720905614 0.421711866094 0.0 0.435 0.48 1
