69 5.98373353176 5.17772435478 0.0 0.435 0.48 1
70 6.4044532859 5.01185579398 0.0 0.435 0.48 1
111 6.82243699362 4.22427845493 0.0 0.435 0.48 1
112 5.97889283424 4.34360835478 0.0 0.435 0.48 1
169 0.990027875678 8.60893629526 0.0 0.435 0.48 1
177 4.24971149356 5.48511817681 0.0 0.435 0.48 1
178 4.40777079089 6.08582489269 0.0 0.435 0.48 1
179 1.39622553726 5.6631583874 0.0 0.435 0.48 1
180 12.6196984383 6.21828108153 0.0 0.435 0.48 1
181 10.8059101235 5.67365941859 0.0 0.435 0.48 1
182 10.2978473489 5.75504241029 0.0 0.435 0.48 1
183 8.39924159494 6.93044192388 0.0 0.435 0.48 1
184 8.27506718026 7.31038832502 0.0 0.435 0.48 1
