69 5.99215213615 4.90183362631 0.0 0.435 0.48 1
70 6.53683583986 5.01185579398 0.0 0.435 0.48 1
111 6.89252187513 4.22427845493 0.0 0.435 0.48 1
112 6.09906841184 4.31496917882 0.0 0.435 0.48 1
130 8.21971485642 7.50465740199 0.0 0.435 0.48 1
131 8.68673693468 6.99034553361 0.0 0.435 0.48 1
132 0.926046482352 5.25719806809 0.0 0.435 0.48 1
133 11.3249170838 5.46745735164 0.0 0.435 0.48 1
134 10.9862787225 6.01422695278 0.0 0.435 0.48 1
135 7.48477069361 5.81518467982 0.0 0.435 0.48 1
136 9.72727643667 7.45167492645 0.0 0.435 0.48 1
137 0.682327885406 4.47296196623 0.0 0.435 0.48 1
