44 2.91978246583 8.70225227695 0.0 0.435 0.48 1
69 5.75790446914 6.2466815977 0.0 0.435 0.48 1
70 6.33941956703 6.13045427524 0.0 0.435 0.48 1
71 5.78252888696 5.54669240514 0.0 0.435 0.48 1
76 0.590775562719 3.63001555364 0.0 0.435 0.48 1
77 0.153218599807 3.93430679828 0.0 0.435 0.48 1
86 3.47793593656 5.40564446351 0.0 0.435 0.48 1
87 3.95337661921 5.88869189813 0.0 0.435 0.48 1
88 4.67653473588 6.03331973676 0.0 0.435 0.48 1
89 5.73264865598 4.47773516222 0.0 0.435 0.48 1
90 5.63730796132 3.89588257052 0.0 0.435 0.48 1
91 9.52628225698 5.93546921887 0.0 0.435 0.48 1
92 10.0313985201 6.21398520514 0.0 0.435 0.48 1
93 4.12280103245 4.64050114563 0.0 0.435 0.48 1
94 4.0362998724 4.07058154391 0.0 0.435 0.48 1
95 14.9082960403 8.56645485091 0.0 0.435 0.48 1
