69 6.10348817914 5.15505167381 0.0 0.435 0.48 1
70 6.53178467723 5.01185579398 0.0 0.435 0.48 1
111 6.8897858287 4.22427845493 0.0 0.435 0.48 1
112 6.09275445855 4.31807175622 0.0 0.435 0.48 1
130 8.23634160009 7.48580327781 0.0 0.435 0.48 1
131 8.58045205432 6.90514398511 0.0 0.435 0.48 1
135 12.4466961181 5.61471044806 0.0 0.435 0.48 1
136 5.71054981947 7.62112338425 0.0 0.435 0.48 1
137 4.79860449946 5.65623725321 0.0 0.435 0.48 1
138 4.56561962311 6.05241252073 0.0 0.435 0.48 1
139 13.3285449275 9.34400847838 0.0 0.435 0.48 1
140 13.4777646902 10.6461363456 0.0 0.435 0.48 1
