69 5.99131027571 5.17629239599 0.0 0.435 0.48 1
70 6.41245096007 5.01185579398 0.0 0.435 0.48 1
111 6.82664629581 4.22427845493 0.0 0.435 0.48 1
112 5.98478585731 4.34360835478 0.0 0.435 0.48 1
169 0.934675551847 8.52516670556 0.0 0.435 0.48 1
177 4.12343242778 5.65743055221 0.0 0.435 0.48 1
178 4.47659288173 6.14811510042 0.0 0.435 0.48 1
179 3.4983510522 7.3321063668 0.0 0.435 0.48 1
180 6.39582421641 5.89227179513 0.0 0.435 0.48 1
181 4.9503498435 4.829519707 0.0 0.435 0.48 1
182 4.50395334599 4.55840217453 0.0 0.435 0.48 1
183 14.3305693144 6.70180583575 0.0 0.435 0.48 1
184 14.345091407 7.26361100428 0.0 0.435 0.48 1
