44 1.21585693831 7.17912543518 0.0 0.435 0.48 1
69 5.71518005188 6.2428630409 0.0 0.435 0.48 1
70 6.37456724034 6.10658829527 0.0 0.435 0.48 1
71 5.72233586561 5.57461560171 0.0 0.435 0.48 1
76 0.547209285026 3.38013874334 0.0 0.435 0.48 1
77 0.0547209285026 3.72786607152 0.0 0.435 0.48 1
88 4.85122077687 5.31137384262 0.0 0.435 0.48 1
96 0.147325576738 8.54402082974 0.0 0.435 0.48 1
97 1.03127903717 5.94262901286 0.0 0.435 0.48 1
98 12.9764367991 8.73757392731 0.0 0.435 0.48 1
99 13.5663705014 8.02326514677 0.0 0.435 0.48 1
