44 2.91010107079 8.7492682575 0.0 0.435 0.48 1
69 5.76442888753 6.2471589173 0.0 0.435 0.48 1
70 6.33394747418 6.13427283203 0.0 0.435 0.48 1
71 5.79284167733 5.55337487953 0.0 0.435 0.48 1
76 0.701901140601 3.77702999027 0.0 0.435 0.48 1
77 0.181420924497 4.03621453275 0.0 0.435 0.48 1
78 0.132803484174 5.21328466494 0.0 0.435 0.48 1
86 5.35444285398 4.86030682116 0.0 0.435 0.48 1
87 5.73833121394 5.13404961144 0.0 0.435 0.48 1
88 4.23497893588 6.75669758969 0.0 0.435 0.48 1
89 4.24655451691 4.53811609155 0.0 0.435 0.48 1
90 4.31453474732 4.04528360514 0.0 0.435 0.48 1
91 11.9544182267 4.91997177109 0.0 0.435 0.48 1
92 12.4631123967 5.34287693618 0.0 0.435 0.48 1
93 3.25315919948 5.02880063976 0.0 0.435 0.48 1
94 2.83286037556 4.17964907238 0.0 0.435 0.48 1
