69 6.07928469153 5.15958621001 0.0 0.435 0.48 1
70 6.50589746874 5.01185579398 0.0 0.435 0.48 1
111 6.87610559658 4.22427845493 0.0 0.435 0.48 1
112 6.06181608743 4.3331073236 0.0 0.435 0.48 1
130 11.0092194194 6.22472489613 0.0 0.435 0.48 1
131 11.7649996281 5.62759807724 0.0 0.435 0.48 1
143 2.58598480197 8.41872443489 0.0 0.435 0.48 1
144 7.90170207578 6.06983468611 0.0 0.435 0.48 1
145 7.64072533985 6.60634191587 0.0 0.435 0.48 1
146 9.82724736374 7.53997905235 0.0 0.435 0.48 1
147 9.13418575775 5.20278363375 0.0 0.435 0.48 1
148 9.20384970903 7.30227389183 0.0 0.435 0.48 1
150 2.69395340321 5.92854808468 0.0 0.435 0.48 1
151 2.9780813012 5.46220683604 0.0 0.435 0.48 1
152 14.6496344206 4.14886195822 0.0 0.435 0.48 1
153 14.9878518518 4.87605836795 0.0 0.435 0.48 1
