69 5.67224516952 6.23904448411 0.0 0.435 0.48 1
70 6.40971491365 6.0827223153 0.0 0.435 0.48 1
71 5.66487889068 5.62354086065 0.0 0.435 0.48 1
76 0.16311045996 1.44747168526 0.0 0.435 0.48 1
98 1.0342255487 7.02996306036 0.0 0.435 0.48 1
99 1.27583949455 6.38391098254 0.0 0.435 0.48 1
100 8.54656717167 4.78083310786 0.0 0.435 0.48 1
101 13.6381391037 6.75407233189 0.0 0.435 0.48 1
102 8.31737066729 4.44623206866 0.0 0.435 0.48 1
103 11.2712484809 7.18175069298 0.0 0.435 0.48 1
104 12.0409193868 6.93712439827 0.0 0.435 0.48 1
105 12.2452810082 7.65023987981 0.0 0.435 0.48 1
106 14.8363169728 4.31974237481 0.0 0.435 0.48 1
