20 0.614347654997 7.62613524004 0.0 0.435 0.48 1
21 0.794716253946 6.9101558409 0.0 0.435 0.48 1
24 12.4363833278 5.39943930872 0.0 0.435 0.48 1
25 12.2987391461 4.96269187524 0.0 0.435 0.48 1
30 12.3412530982 4.2510083525 0.0 0.435 0.48 1
31 12.3911333292 3.93192020028 0.0 0.435 0.48 1
32 6.95671373356 5.78654550385 0.0 0.435 0.48 1
33 11.6808135842 6.20515479255 0.0 0.435 0.48 1
34 12.2017147305 6.42591510728 0.0 0.435 0.48 1
35 12.6253809962 6.86886769555 0.0 0.435 0.48 1
36 14.7152995348 6.86290120056 0.0 0.435 0.48 1
38 0.245191852714 9.74925281829 0.0 0.435 0.48 1
