69 6.03571841384 4.92856352388 0.0 0.435 0.48 1
70 6.54378118848 5.01185579398 0.0 0.435 0.48 1
111 6.8963102471 4.22427845493 0.0 0.435 0.48 1
112 6.10727655111 4.31115062202 0.0 0.435 0.48 1
130 7.18212186597 7.35072183117 0.0 0.435 0.48 1
131 7.27156953756 6.78247284806 0.0 0.435 0.48 1
132 8.39945206005 6.0765171605 0.0 0.435 0.48 1
133 4.56162078602 5.73618828611 0.0 0.435 0.48 1
134 4.42818590652 6.35789706437 0.0 0.435 0.48 1
135 1.55344297415 5.65170271701 0.0 0.435 0.48 1
136 15.0726692909 7.88508112273 0.0 0.435 0.48 1
