44 2.96124409243 8.50297134419 0.0 0.435 0.48 1
69 5.72991260956 6.2440563399 0.0 0.435 0.48 1
70 6.36236026398 6.11494138826 0.0 0.435 0.48 1
71 5.74233005102 5.55767075593 0.0 0.435 0.48 1
76 0.547209285026 3.44600884806 0.0 0.435 0.48 1
77 0.0835546485213 3.80805576423 0.0 0.435 0.48 1
88 4.96487193607 5.23619600571 0.0 0.435 0.48 1
89 13.4436693424 5.46674137224 0.0 0.435 0.48 1
90 13.2443588836 4.72785063232 0.0 0.435 0.48 1
91 0.753465092459 7.87100019455 0.0 0.435 0.48 1
92 1.05464066433 8.50678990099 0.0 0.435 0.48 1
93 11.8986449727 5.71470890414 0.0 0.435 0.48 1
94 11.8754938106 5.07152074391 0.0 0.435 0.48 1
96 0.836809275871 2.73098408812 0.0 0.435 0.48 1
97 1.45768134927 1.06871858312 0.0 0.435 0.48 1
