44 2.32984876355 8.66931722459 0.0 0.435 0.48 1
69 5.81220446742 6.25145479369 0.0 0.435 0.48 1
70 6.29480096379 6.1610027296 0.0 0.435 0.48 1
71 5.86881958191 5.60110683947 0.0 0.435 0.48 1
76 5.85093004759 4.84956713018 0.0 0.435 0.48 1
77 5.54133587133 6.68939552617 0.0 0.435 0.48 1
78 6.49642653881 6.79392851844 0.0 0.435 0.48 1
79 6.9663951286 4.79706197424 0.0 0.435 0.48 1
80 6.90325559572 4.27201041487 0.0 0.435 0.48 1
81 6.71068002041 3.80757844463 0.0 0.435 0.48 1
82 11.5381182399 4.28800062145 0.0 0.435 0.48 1
83 12.0175577596 4.05721659513 0.0 0.435 0.48 1
84 11.0283717444 4.67773207438 0.0 0.435 0.48 1
85 13.2012135362 4.96698775164 0.0 0.435 0.48 1
