44 2.92230804715 8.69055794677 0.0 0.435 0.48 1
69 5.75622074826 6.2464429379 0.0 0.435 0.48 1
70 6.34068235769 6.12973829584 0.0 0.435 0.48 1
71 5.77979284054 5.54526044634 0.0 0.435 0.48 1
76 0.568887191318 3.59302328469 0.0 0.435 0.48 1
77 0.149219762724 3.92690834449 0.0 0.435 0.48 1
86 2.9606126971 5.42545322689 0.0 0.435 0.48 1
87 3.38848826497 6.01422695278 0.0 0.435 0.48 1
88 4.73546496657 5.87103107295 0.0 0.435 0.48 1
89 6.19419864139 4.55100372074 0.0 0.435 0.48 1
90 6.04034864625 3.95960473705 0.0 0.435 0.48 1
91 8.98370320437 6.19536974076 0.0 0.435 0.48 1
92 9.40779040026 6.44381459226 0.0 0.435 0.48 1
93 4.49343009051 4.6657990844 0.0 0.435 0.48 1
94 4.27012660919 4.12356401945 0.0 0.435 0.48 1
95 14.6483716299 8.4962888698 0.0 0.435 0.48 1
