69 6.03761259983 5.1674619834 0.0 0.435 0.48 1
70 6.46169979572 5.01185579398 0.0 0.435 0.48 1
111 6.85274396941 4.22427845493 0.0 0.435 0.48 1
112 6.02098585617 4.34360835478 0.0 0.435 0.48 1
164 5.53060215074 7.70537029355 0.0 0.435 0.48 1
165 4.38693474503 7.67148060199 0.0 0.435 0.48 1
166 12.3065263551 7.40704554391 0.0 0.435 0.48 1
167 12.8518414542 5.12688981744 0.0 0.435 0.48 1
168 9.05462994631 7.48818987581 0.0 0.435 0.48 1
169 7.21958465548 7.52518214476 0.0 0.435 0.48 1
170 7.00196373213 5.96721097224 0.0 0.435 0.48 1
171 9.01337878482 6.55049552274 0.0 0.435 0.48 1
