69 6.06202655254 5.1629274472 0.0 0.435 0.48 1
70 6.48758700421 5.01185579398 0.0 0.435 0.48 1
111 6.86642420153 4.22427845493 0.0 0.435 0.48 1
112 6.03992771603 4.34360835478 0.0 0.435 0.48 1
152 2.70089875182 5.96649499284 0.0 0.435 0.48 1
153 3.50487547059 6.84834295278 0.0 0.435 0.48 1
156 9.5900531852 7.20418471415 0.0 0.435 0.48 1
157 9.72012062295 6.05169654133 0.0 0.435 0.48 1
158 9.53175434983 6.40491304491 0.0 0.435 0.48 1
159 9.40884272581 5.68081921258 0.0 0.435 0.48 1
160 13.6238274763 5.00612795879 0.0 0.435 0.48 1
