69 6.06518352919 5.1622114678 0.0 0.435 0.48 1
70 6.49095444596 5.01185579398 0.0 0.435 0.48 1
111 6.86831838752 4.22427845493 0.0 0.435 0.48 1
112 6.04371608801 4.34193773619 0.0 0.435 0.48 1
146 -0.132382553954 7.46861977223 0.0 0.435 0.48 1
150 13.8963797932 6.5791346987 0.0 0.435 0.48 1
151 13.7778879365 5.92854808468 0.0 0.435 0.48 1
152 5.38390796933 5.7505078741 0.0 0.435 0.48 1
153 5.87197655855 6.32448469241 0.0 0.435 0.48 1
154 15.153487893 4.2481444349 0.0 0.435 0.48 1
155 2.73773014601 3.828580507 0.0 0.435 0.48 1
156 7.30313930401 7.46551719484 0.0 0.435 0.48 1
157 7.4384683695 6.53927851215 0.0 0.435 0.48 1
158 7.44204627636 6.77173315707 0.0 0.435 0.48 1
159 12.3206275175 5.0834537339 0.0 0.435 0.48 1
