69 6.02961492566 5.16889394219 0.0 0.435 0.48 1
70 6.45307072623 5.01185579398 0.0 0.435 0.48 1
111 6.84832420211 4.22427845493 0.0 0.435 0.48 1
112 6.01467190288 4.34360835478 0.0 0.435 0.48 1
166 9.96005084792 3.31164338082 0.0 0.435 0.48 1
167 10.6114403622 3.19804131616 0.0 0.435 0.48 1
168 3.2405312929 8.1621651502 0.0 0.435 0.48 1
169 2.03140923811 8.71681052473 0.0 0.435 0.48 1
170 14.9348146441 5.63404189184 0.0 0.435 0.48 1
171 2.81539177146 7.42613832788 0.0 0.435 0.48 1
172 6.17504631641 6.93282852188 0.0 0.435 0.48 1
173 6.07549631956 5.99036097281 0.0 0.435 0.48 1
