69 6.06939283138 5.1614954884 0.0 0.435 0.48 1
70 6.49558467837 5.01185579398 0.0 0.435 0.48 1
111 6.87063350373 4.22427845493 0.0 0.435 0.48 1
112 6.04939864597 4.33931247839 0.0 0.435 0.48 1
144 11.7814159066 5.64907745922 0.0 0.435 0.48 1
145 11.7923600923 6.28080994906 0.0 0.435 0.48 1
146 2.75709293609 7.86264710156 0.0 0.435 0.48 1
148 2.08065807376 7.02686048296 0.0 0.435 0.48 1
150 10.5337787368 7.13425739283 0.0 0.435 0.48 1
151 10.4129717638 6.72042130013 0.0 0.435 0.48 1
152 7.82235672945 5.329989307 0.0 0.435 0.48 1
153 8.15910090485 5.71184498654 0.0 0.435 0.48 1
154 9.48145318863 5.79633055564 0.0 0.435 0.48 1
155 6.99375559286 3.12882997424 0.0 0.435 0.48 1
156 4.1653149846 6.4996609854 0.0 0.435 0.48 1
157 3.96768824666 5.46626405264 0.0 0.435 0.48 1
158 4.22508707573 5.67007952159 0.0 0.435 0.48 1
