69 2.28733481141 4.9101867193 0.0 0.435 0.48 1
70 2.27912667213 4.01234855278 0.0 0.435 0.48 1
111 12.1017438035 5.52425838397 0.0 0.435 0.48 1
112 11.6239880046 5.88248674334 0.0 0.435 0.48 1
169 0.978241829539 8.67576103918 0.0 0.435 0.48 1
177 2.83833246841 5.46530941344 0.0 0.435 0.48 1
178 2.95366734848 5.91995633189 0.0 0.435 0.48 1
183 0.170055808577 8.03328885835 0.0 0.435 0.48 1
184 0.582356958334 8.19390690356 0.0 0.435 0.48 1
185 4.71210333941 6.9142130575 0.0 0.435 0.48 1
186 11.0241624422 7.32017337681 0.0 0.435 0.48 1
187 12.5620309982 4.86030682116 0.0 0.435 0.48 1
188 13.0846158654 5.04192692875 0.0 0.435 0.48 1
