44 2.91494176831 8.72564093732 0.0 0.435 0.48 1
69 5.76127191089 6.2469202575 0.0 0.435 0.48 1
70 6.33668352061 6.13236355364 0.0 0.435 0.48 1
71 5.78758004959 5.55003364234 0.0 0.435 0.48 1
76 0.634341840411 3.70423875135 0.0 0.435 0.48 1
77 0.161426739083 3.94910370586 0.0 0.435 0.48 1
78 -0.0513534867486 4.82546249041 0.0 0.435 0.48 1
86 4.40861265133 5.21781920114 0.0 0.435 0.48 1
87 4.90173240318 5.47366250643 0.0 0.435 0.48 1
88 4.51447660147 6.36028366236 0.0 0.435 0.48 1
89 4.84490682358 4.41997949069 0.0 0.435 0.48 1
90 4.97392193578 3.95387690185 0.0 0.435 0.48 1
91 10.7112008242 5.38750631873 0.0 0.435 0.48 1
92 11.2704066204 5.76053158568 0.0 0.435 0.48 1
93 3.66209290748 4.78107176766 0.0 0.435 0.48 1
94 3.50234988928 4.12451865865 0.0 0.435 0.48 1
