44 2.42645224887 8.70129763775 0.0 0.435 0.48 1
69 5.82546376932 6.25240943289 0.0 0.435 0.48 1
70 6.2840672432 6.16816252359 0.0 0.435 0.48 1
71 5.88965562776 5.61447178826 0.0 0.435 0.48 1
75 3.78774057793 5.22330837653 0.0 0.435 0.48 1
76 8.95276483325 4.94932692646 0.0 0.435 0.48 1
77 9.3846392382 6.65097129841 0.0 0.435 0.48 1
78 9.63719736975 6.02878520056 0.0 0.435 0.48 1
79 11.0839345333 5.05290527953 0.0 0.435 0.48 1
80 2.99681269596 4.39134031473 0.0 0.435 0.48 1
81 2.77940223771 3.82285267181 0.0 0.435 0.48 1
82 8.41860438502 1.57515467811 0.0 0.435 0.48 1
83 9.22384389445 0.628152592846 0.0 0.435 0.48 1
84 8.22413462373 0.709058264949 0.0 0.435 0.48 1
