69 6.03129864654 5.16865528239 0.0 0.435 0.48 1
70 6.45475444711 5.01185579398 0.0 0.435 0.48 1
111 6.84916606254 4.22427845493 0.0 0.435 0.48 1
112 6.01593469354 4.34360835478 0.0 0.435 0.48 1
164 0.324116268823 6.86433315936 0.0 0.435 0.48 1
166 9.98467526574 3.52237998397 0.0 0.435 0.48 1
167 10.8389531457 3.2457732761 0.0 0.435 0.48 1
168 4.47006846334 8.08531669469 0.0 0.435 0.48 1
169 2.73604642513 8.8304125894 0.0 0.435 0.48 1
170 13.2439379534 5.76983931787 0.0 0.435 0.48 1
171 3.87739871463 7.44236719426 0.0 0.435 0.48 1
172 4.67085217792 6.83426202459 0.0 0.435 0.48 1
173 4.56709287887 5.75170117309 0.0 0.435 0.48 1
