69 6.08412538905 5.15863157081 0.0 0.435 0.48 1
70 6.51115909648 5.01185579398 0.0 0.435 0.48 1
111 6.878841643 4.22427845493 0.0 0.435 0.48 1
112 6.06791957561 4.330243406 0.0 0.435 0.48 1
130 9.25372994002 6.9996532658 0.0 0.435 0.48 1
131 9.55848341875 6.37150067295 0.0 0.435 0.48 1
139 0.973401132018 8.05691617853 0.0 0.435 0.48 1
140 0.810290672058 8.51848423117 0.0 0.435 0.48 1
142 15.3136518415 5.61852900485 0.0 0.435 0.48 1
143 7.17686023823 8.10011360227 0.0 0.435 0.48 1
144 5.16923355751 5.92186561029 0.0 0.435 0.48 1
145 5.05116263101 6.59536356508 0.0 0.435 0.48 1
146 11.6077821912 7.23282389012 0.0 0.435 0.48 1
147 4.93435449517 5.23094549012 0.0 0.435 0.48 1
148 11.8195100915 6.71755738253 0.0 0.435 0.48 1
149 0.0210465109626 8.37695896994 0.0 0.435 0.48 1
