69 6.05929050612 5.1634047668 0.0 0.435 0.48 1
70 6.48464049267 5.01185579398 0.0 0.435 0.48 1
111 6.86495094577 4.22427845493 0.0 0.435 0.48 1
112 6.03782306494 4.34360835478 0.0 0.435 0.48 1
152 0.600877887981 6.64786872102 0.0 0.435 0.48 1
153 1.80305459416 7.58747235249 0.0 0.435 0.48 1
156 11.7005973045 6.70276047495 0.0 0.435 0.48 1
157 11.7018600952 5.76578210128 0.0 0.435 0.48 1
158 11.5568496346 6.01088571558 0.0 0.435 0.48 1
159 7.13013698389 6.15408159541 0.0 0.435 0.48 1
160 10.612913618 5.36483363776 0.0 0.435 0.48 1
