44 0.746309278732 7.13306409384 0.0 0.435 0.48 1
69 5.713496331 6.2426243811 0.0 0.435 0.48 1
70 6.375830031 6.10563365607 0.0 0.435 0.48 1
71 5.72023121451 5.5765248801 0.0 0.435 0.48 1
76 0.547209285026 3.37274028955 0.0 0.435 0.48 1
77 0.0526162774064 3.71712638054 0.0 0.435 0.48 1
88 4.74598822206 5.35457126637 0.0 0.435 0.48 1
96 0.0841860438502 9.09293836908 0.0 0.435 0.48 1
97 0.610348817914 6.09537128468 0.0 0.435 0.48 1
98 12.8126949438 8.36645793875 0.0 0.435 0.48 1
99 13.2031077221 7.70083575735 0.0 0.435 0.48 1
