69 5.98604864797 5.17724703518 0.0 0.435 0.48 1
70 6.40676840211 5.01185579398 0.0 0.435 0.48 1
111 6.82369978428 4.22427845493 0.0 0.435 0.48 1
112 5.98057655512 4.34360835478 0.0 0.435 0.48 1
169 0.974242992457 8.58507031529 0.0 0.435 0.48 1
177 4.31095684046 5.50516559999 0.0 0.435 0.48 1
178 4.49953357868 6.09584860428 0.0 0.435 0.48 1
179 2.96755804572 6.61087645206 0.0 0.435 0.48 1
180 10.8762054701 5.88344138254 0.0 0.435 0.48 1
181 8.98286134393 5.60922127267 0.0 0.435 0.48 1
182 8.4794288017 5.68702436737 0.0 0.435 0.48 1
183 10.0391857291 6.51541253218 0.0 0.435 0.48 1
184 9.88954503619 7.25191667409 0.0 0.435 0.48 1
