44 2.90273479196 8.78435124805 0.0 0.435 0.48 1
69 5.76948005016 6.2476362369 0.0 0.435 0.48 1
70 6.3299486371 6.13689808983 0.0 0.435 0.48 1
71 5.8008393515 5.55838673533 0.0 0.435 0.48 1
76 1.12451508073 3.86461813676 0.0 0.435 0.48 1
77 0.32622091992 4.80899496423 0.0 0.435 0.48 1
78 0.520901146323 5.88797591873 0.0 0.435 0.48 1
86 7.04910791669 4.63000011444 0.0 0.435 0.48 1
87 7.20443116759 5.23858260371 0.0 0.435 0.48 1
88 3.81720569328 7.40251100771 0.0 0.435 0.48 1
89 3.54486384142 5.24192384091 0.0 0.435 0.48 1
90 3.09068013485 4.20661762975 0.0 0.435 0.48 1
91 13.7987239824 4.12976917424 0.0 0.435 0.48 1
92 14.3446704767 4.59014392789 0.0 0.435 0.48 1
93 2.18041853572 5.13595888983 0.0 0.435 0.48 1
94 1.82304877958 4.54933310214 0.0 0.435 0.48 1
