44 2.42161155135 8.70726413275 0.0 0.435 0.48 1
69 5.80399632814 6.25073881429 0.0 0.435 0.48 1
70 6.3015358473 6.15622953361 0.0 0.435 0.48 1
71 5.85577074511 5.59299240628 0.0 0.435 0.48 1
76 4.09565103331 4.20041247496 0.0 0.435 0.48 1
77 3.43205454266 6.18033417338 0.0 0.435 0.48 1
78 4.2419242845 7.09058264949 0.0 0.435 0.48 1
79 4.51258241548 5.02235682517 0.0 0.435 0.48 1
80 9.56879620912 4.27893154906 0.0 0.435 0.48 1
81 9.63025202114 3.7503000927 0.0 0.435 0.48 1
82 13.7553681698 4.67558413619 0.0 0.435 0.48 1
83 14.1937669931 4.21950525893 0.0 0.435 0.48 1
84 13.4518774817 5.11710476566 0.0 0.435 0.48 1
85 15.3849995136 5.84143725779 0.0 0.435 0.48 1
