69 6.03445562318 5.16817796279 0.0 0.435 0.48 1
70 6.45833235397 5.01185579398 0.0 0.435 0.48 1
111 6.85106024853 4.22427845493 0.0 0.435 0.48 1
112 6.01846027485 4.34360835478 0.0 0.435 0.48 1
164 2.943144093 7.62446462145 0.0 0.435 0.48 1
165 1.42169181552 8.45356876565 0.0 0.435 0.48 1
166 10.860631052 4.79539135564 0.0 0.435 0.48 1
167 12.0034565973 3.4956500864 0.0 0.435 0.48 1
168 6.75824513519 8.0755316429 0.0 0.435 0.48 1
169 4.71820682759 8.33853474219 0.0 0.435 0.48 1
170 10.0002496839 5.62688209784 0.0 0.435 0.48 1
171 6.34194514835 7.16766976479 0.0 0.435 0.48 1
172 1.99941854144 6.84834295278 0.0 0.435 0.48 1
173 1.81841854716 5.828072309 0.0 0.435 0.48 1
