69 6.07107655226 5.1612568286 0.0 0.435 0.48 1
70 6.49726839925 5.01185579398 0.0 0.435 0.48 1
111 6.87168582927 4.22427845493 0.0 0.435 0.48 1
112 6.05150329706 4.33811917939 0.0 0.435 0.48 1
144 11.1872729021 5.69561612016 0.0 0.435 0.48 1
145 10.5022089703 6.45741820085 0.0 0.435 0.48 1
146 3.98263126944 7.93496102087 0.0 0.435 0.48 1
148 3.17802315535 7.11206203146 0.0 0.435 0.48 1
150 9.31981598444 7.09177594849 0.0 0.435 0.48 1
151 9.25351947491 6.35718108497 0.0 0.435 0.48 1
152 8.70631018988 4.81448413962 0.0 0.435 0.48 1
153 8.84521716223 5.36554961716 0.0 0.435 0.48 1
154 7.76910905672 6.12448778025 0.0 0.435 0.48 1
155 8.79217995461 3.46653359084 0.0 0.435 0.48 1
156 2.76803712179 6.13904602803 0.0 0.435 0.48 1
157 2.6697499156 5.22402435593 0.0 0.435 0.48 1
158 2.90968014057 5.3321372452 0.0 0.435 0.48 1
