19 14.3434076861 4.79586867524 0.0 0.435 0.48 1
20 13.0016926122 11.1685626472 0.0 0.435 0.48 1
21 13.6221437554 11.2494683193 0.0 0.435 0.48 1
22 4.38293590795 4.24026866151 0.0 0.435 0.48 1
23 1.90428831189 5.56602384892 0.0 0.435 0.48 1
24 0.800398811906 8.37170845435 0.0 0.435 0.48 1
25 0.393569755 8.04188061114 0.0 0.435 0.48 1
26 14.5938611665 3.90590628211 0.0 0.435 0.48 1
27 0.63518370085 4.12881453504 0.0 0.435 0.48 1
28 0.383256964628 4.92331300829 0.0 0.435 0.48 1
29 15.153487893 4.34360835478 0.0 0.435 0.48 1
