69 6.08623004015 5.15839291101 0.0 0.435 0.48 1
70 6.51326374758 5.01185579398 0.0 0.435 0.48 1
111 6.88010443366 4.22427845493 0.0 0.435 0.48 1
112 6.07065562204 4.3288114472 0.0 0.435 0.48 1
130 8.48658461543 7.23139193132 0.0 0.435 0.48 1
131 9.16701831485 6.53569861515 0.0 0.435 0.48 1
139 1.55933599722 7.66957132359 0.0 0.435 0.48 1
140 1.75296389807 8.1621651502 0.0 0.435 0.48 1
141 13.3056042305 4.72379341573 0.0 0.435 0.48 1
142 12.8804647091 5.78344292646 0.0 0.435 0.48 1
143 9.13713226928 7.75644349069 0.0 0.435 0.48 1
144 3.55180919004 5.32139755421 0.0 0.435 0.48 1
145 3.38427896278 6.12878365664 0.0 0.435 0.48 1
146 12.4328054209 7.35716564577 0.0 0.435 0.48 1
147 3.08036734448 4.52522846237 0.0 0.435 0.48 1
148 13.3961042277 7.07029656651 0.0 0.435 0.48 1
149 0.214884876928 9.36501054076 0.0 0.435 0.48 1
