44 2.47675341007 8.72993681372 0.0 0.435 0.48 1
69 5.79915563062 6.2502614947 0.0 0.435 0.48 1
70 6.30553468438 6.15360427581 0.0 0.435 0.48 1
71 5.84777307095 5.58798055049 0.0 0.435 0.48 1
76 3.14287548204 4.16867072159 0.0 0.435 0.48 1
77 2.49295922351 6.00110066379 0.0 0.435 0.48 1
78 3.21695920063 6.96337697624 0.0 0.435 0.48 1
79 2.68763944992 5.14264136423 0.0 0.435 0.48 1
80 11.3080798751 4.332630004 0.0 0.435 0.48 1
81 11.4343589408 3.78442844406 0.0 0.435 0.48 1
82 15.3464843986 5.01185579398 0.0 0.435 0.48 1
84 14.8119030201 5.4108949791 0.0 0.435 0.48 1
