69 6.06455213386 5.1624501276 0.0 0.435 0.48 1
70 6.49032305063 5.01185579398 0.0 0.435 0.48 1
111 6.8678974573 4.22427845493 0.0 0.435 0.48 1
112 6.04308469268 4.34217639599 0.0 0.435 0.48 1
150 14.276058851 6.4994223256 0.0 0.435 0.48 1
151 14.2082890857 5.78201096766 0.0 0.435 0.48 1
152 5.00654402777 5.70038931616 0.0 0.435 0.48 1
153 5.46178005989 6.39799191072 0.0 0.435 0.48 1
155 2.13874644401 3.9111567977 0.0 0.435 0.48 1
156 7.72406952326 7.48341667981 0.0 0.435 0.48 1
157 7.81919975281 6.45980479884 0.0 0.435 0.48 1
158 7.77879045176 6.7445259399 0.0 0.435 0.48 1
159 11.810881022 5.18941868497 0.0 0.435 0.48 1
