20 3.06353013571 8.07290638511 0.0 0.435 0.48 1
21 3.41795338032 7.32208265521 0.0 0.435 0.48 1
23 13.5411146882 5.0793965173 0.0 0.435 0.48 1
24 10.8427415177 6.10611097567 0.0 0.435 0.48 1
25 10.6893124528 5.51495065178 0.0 0.435 0.48 1
30 9.51996830369 5.00994651558 0.0 0.435 0.48 1
31 9.64224853238 4.40828516051 0.0 0.435 0.48 1
32 4.7272568273 5.96649499284 0.0 0.435 0.48 1
33 13.6088844535 5.43380631988 0.0 0.435 0.48 1
34 14.6790995359 5.28440528526 0.0 0.435 0.48 1
35 15.218732077 6.1621960286 0.0 0.435 0.48 1
