69 5.69708005245 6.24119242231 0.0 0.435 0.48 1
70 6.38951026312 6.09656458368 0.0 0.435 0.48 1
71 5.698132378 5.59537900428 0.0 0.435 0.48 1
76 0.547209285026 3.29947173104 0.0 0.435 0.48 1
77 0.0315697664438 3.60972947067 0.0 0.435 0.48 1
88 1.48377902286 5.63642848983 0.0 0.435 0.48 1
98 8.15910090485 7.6609795708 0.0 0.435 0.48 1
99 8.24686485557 6.69082748497 0.0 0.435 0.48 1
100 2.46791387547 4.5810748555 0.0 0.435 0.48 1
101 3.74754174199 6.98079914162 0.0 0.435 0.48 1
102 2.08360458529 4.30900268383 0.0 0.435 0.48 1
