44 2.91746734963 8.71394660714 0.0 0.435 0.48 1
69 5.75958819001 6.2466815977 0.0 0.435 0.48 1
70 6.33794631126 6.13140891444 0.0 0.435 0.48 1
71 5.78505446828 5.54836302374 0.0 0.435 0.48 1
76 0.61245346901 3.6672464824 0.0 0.435 0.48 1
77 0.15721743689 3.94170525207 0.0 0.435 0.48 1
86 3.96558359556 5.34335425578 0.0 0.435 0.48 1
87 4.50184869489 5.7481212761 0.0 0.435 0.48 1
88 4.61760450518 6.19560840056 0.0 0.435 0.48 1
89 5.28688355379 4.44384547066 0.0 0.435 0.48 1
90 5.30561494855 3.92476040629 0.0 0.435 0.48 1
91 10.1187415406 5.6614877688 0.0 0.435 0.48 1
92 10.6550066399 5.98415581802 0.0 0.435 0.48 1
93 3.85382662235 4.6672310432 0.0 0.435 0.48 1
94 3.7871091826 4.05435267753 0.0 0.435 0.48 1
95 15.1684309158 8.63662083203 0.0 0.435 0.48 1
