69 6.02119632128 4.91973311129 0.0 0.435 0.48 1
70 6.54146607227 5.01185579398 0.0 0.435 0.48 1
111 6.89504745644 4.22427845493 0.0 0.435 0.48 1
112 6.10454050469 4.31234392102 0.0 0.435 0.48 1
130 7.98672998007 7.28604502545 0.0 0.435 0.48 1
131 8.18709276443 6.7421393419 0.0 0.435 0.48 1
132 5.99636143834 5.74024550271 0.0 0.435 0.48 1
133 6.62228467437 6.12663571844 0.0 0.435 0.48 1
134 6.52946956102 6.50300222259 0.0 0.435 0.48 1
135 3.47267430882 6.07389190271 0.0 0.435 0.48 1
136 13.4969170152 7.32327595421 0.0 0.435 0.48 1
