20 9.79862410884 7.51444245378 0.0 0.435 0.48 1
21 9.83124620083 6.66720016479 0.0 0.435 0.48 1
22 15.2473553319 4.05077278054 0.0 0.435 0.48 1
23 8.52383693983 5.85671148497 0.0 0.435 0.48 1
24 6.41118816941 7.12996151644 0.0 0.435 0.48 1
25 6.25249747676 6.72376253733 0.0 0.435 0.48 1
26 5.04400681729 3.65388153361 0.0 0.435 0.48 1
27 10.1654647949 4.89252589413 0.0 0.435 0.48 1
28 9.86029038596 5.65623725321 0.0 0.435 0.48 1
29 5.92248818486 4.34575629298 0.0 0.435 0.48 1
30 2.62660456813 5.47175322803 0.0 0.435 0.48 1
31 2.42960922552 4.77176403547 0.0 0.435 0.48 1
