69 6.08559864482 5.15839291101 0.0 0.435 0.48 1
70 6.51284281736 5.01185579398 0.0 0.435 0.48 1
111 6.87989396855 4.22427845493 0.0 0.435 0.48 1
112 6.07002422671 4.3292887668 0.0 0.435 0.48 1
130 8.60802298368 7.11206203146 0.0 0.435 0.48 1
131 9.28382645069 6.5003769648 0.0 0.435 0.48 1
139 1.32971856261 7.70226771615 0.0 0.435 0.48 1
140 1.42211274574 8.1621651502 0.0 0.435 0.48 1
141 13.9580460704 4.71591764234 0.0 0.435 0.48 1
142 13.5009158523 5.75719034849 0.0 0.435 0.48 1
143 8.64864274984 7.87577339054 0.0 0.435 0.48 1
144 3.98410452521 5.50850683719 0.0 0.435 0.48 1
145 3.82288825124 6.22997541172 0.0 0.435 0.48 1
146 12.2069763583 7.28246512846 0.0 0.435 0.48 1
147 3.55138825982 4.69396094076 0.0 0.435 0.48 1
148 12.9497077301 6.94500017166 0.0 0.435 0.48 1
149 0.239298829644 9.23159971272 0.0 0.435 0.48 1
