69 5.56048819631 6.22949809212 0.0 0.435 0.48 1
70 6.65048699906 4.71233774534 0.0 0.435 0.48 1
71 5.42242308439 5.69824137796 0.0 0.435 0.48 1
111 6.8131765288 4.17320525779 0.0 0.435 0.48 1
112 6.1659963167 4.28251144606 0.0 0.435 0.48 1
115 15.0646716168 5.40015528812 0.0 0.435 0.48 1
117 3.94832545657 7.61802080685 0.0 0.435 0.48 1
118 5.20501262615 8.46192185864 0.0 0.435 0.48 1
119 4.90825682158 8.02207184777 0.0 0.435 0.48 1
120 13.308340277 4.51067021458 0.0 0.435 0.48 1
121 14.3488797789 4.89801506952 0.0 0.435 0.48 1
