69 5.69876377333 6.24143108211 0.0 0.435 0.48 1
70 6.38803700735 6.09751922288 0.0 0.435 0.48 1
71 5.7002370291 5.59346972588 0.0 0.435 0.48 1
76 0.547209285026 3.30687018483 0.0 0.435 0.48 1
77 0.0336744175401 3.62046916165 0.0 0.435 0.48 1
88 1.98952668129 5.57055838511 0.0 0.435 0.48 1
98 8.66021833087 7.52470482517 0.0 0.435 0.48 1
99 8.79681018702 6.56004191472 0.0 0.435 0.48 1
100 2.05266621418 4.55577691673 0.0 0.435 0.48 1
101 3.12182897108 6.80180429183 0.0 0.435 0.48 1
102 1.66267436604 4.31616247782 0.0 0.435 0.48 1
