69 4.46943706801 5.05314393933 0.0 0.435 0.48 1
70 4.39240683788 4.22642639313 0.0 0.435 0.48 1
111 9.58479155746 4.63668258883 0.0 0.435 0.48 1
112 8.56592996176 5.5832073545 0.0 0.435 0.48 1
169 0.987712759473 8.6650213482 0.0 0.435 0.48 1
177 3.84225104132 5.44764858826 0.0 0.435 0.48 1
178 4.13079870662 5.9934635502 0.0 0.435 0.48 1
183 1.65151971523 7.13306409384 0.0 0.435 0.48 1
184 1.94048831075 7.62040740485 0.0 0.435 0.48 1
185 7.4494125552 7.09129862889 0.0 0.435 0.48 1
186 12.5704496026 7.95047390785 0.0 0.435 0.48 1
187 14.5263018664 4.98488723661 0.0 0.435 0.48 1
188 15.0272088273 4.9163918741 0.0 0.435 0.48 1
