69 5.98878469439 5.17676971558 0.0 0.435 0.48 1
70 6.40950444854 5.01185579398 0.0 0.435 0.48 1
111 6.82517304005 4.22427845493 0.0 0.435 0.48 1
112 5.98268120622 4.34360835478 0.0 0.435 0.48 1
169 0.954459272152 8.55499918053 0.0 0.435 0.48 1
177 4.24971149356 5.57151302431 0.0 0.435 0.48 1
178 4.48795799765 6.12186252245 0.0 0.435 0.48 1
179 3.42510919405 7.2490527565 0.0 0.435 0.48 1
180 8.51184042859 5.68344447038 0.0 0.435 0.48 1
181 6.80496838952 5.76912333847 0.0 0.435 0.48 1
182 6.218402129 5.76649808068 0.0 0.435 0.48 1
183 12.2191833346 6.52782284176 0.0 0.435 0.48 1
184 12.1375228721 7.23139193132 0.0 0.435 0.48 1
