69 6.04476841355 5.1662686844 0.0 0.435 0.48 1
70 6.46927653967 5.01185579398 0.0 0.435 0.48 1
111 6.85674280649 4.22427845493 0.0 0.435 0.48 1
112 6.02645794902 4.34360835478 0.0 0.435 0.48 1
160 0.400515103617 8.70559351415 0.0 0.435 0.48 1
161 3.30367082579 7.70560895335 0.0 0.435 0.48 1
162 8.73430204946 5.07319136251 0.0 0.435 0.48 1
163 8.45017415146 5.95122076565 0.0 0.435 0.48 1
164 10.9290322126 7.05382904033 0.0 0.435 0.48 1
165 11.7889926506 5.43643157767 0.0 0.435 0.48 1
166 13.2382553954 12.3387116452 0.0 0.435 0.48 1
167 14.1272600185 11.4260765711 0.0 0.435 0.48 1
168 14.3019460595 7.72732699512 0.0 0.435 0.48 1
169 13.5103867822 4.79061815965 0.0 0.435 0.48 1
170 0.881006948892 5.77890839026 0.0 0.435 0.48 1
