69 6.06349980831 5.1626887874 0.0 0.435 0.48 1
70 6.48927072508 5.01185579398 0.0 0.435 0.48 1
111 6.86747652708 4.22427845493 0.0 0.435 0.48 1
112 6.04182190202 4.34289237539 0.0 0.435 0.48 1
150 15.0354169665 6.34047489899 0.0 0.435 0.48 1
151 15.0693018492 5.48917539341 0.0 0.435 0.48 1
152 4.11627661406 5.62688209784 0.0 0.435 0.48 1
153 4.64159752768 6.54476768754 0.0 0.435 0.48 1
155 0.90499997139 4.04623824434 0.0 0.435 0.48 1
156 8.4705892671 7.4153986369 0.0 0.435 0.48 1
157 8.58171484498 6.28868572245 0.0 0.435 0.48 1
158 8.4619601976 6.65574449441 0.0 0.435 0.48 1
159 10.8046473328 5.39800734992 0.0 0.435 0.48 1
