69 6.10138352804 5.15552899341 0.0 0.435 0.48 1
70 6.52946956102 5.01185579398 0.0 0.435 0.48 1
111 6.88873350315 4.22427845493 0.0 0.435 0.48 1
112 6.09001841212 4.31950371501 0.0 0.435 0.48 1
130 8.24370787892 7.47745018482 0.0 0.435 0.48 1
131 8.65579856357 6.88366460314 0.0 0.435 0.48 1
135 14.4941007046 5.40373518511 0.0 0.435 0.48 1
136 3.79594871721 7.06218213332 0.0 0.435 0.48 1
137 6.95797652422 5.86530323776 0.0 0.435 0.48 1
138 6.62438932546 6.27961665006 0.0 0.435 0.48 1
139 12.463743792 8.02374246637 0.0 0.435 0.48 1
140 12.9503391255 9.1583311542 0.0 0.435 0.48 1
