69 5.982260276 5.17796301458 0.0 0.435 0.48 1
70 6.40276956503 5.01185579398 0.0 0.435 0.48 1
111 6.82138466807 4.22427845493 0.0 0.435 0.48 1
112 5.97763004358 4.34360835478 0.0 0.435 0.48 1
169 1.00202438693 8.62683578024 0.0 0.435 0.48 1
177 4.20361963455 5.47032126923 0.0 0.435 0.48 1
178 4.2878056784 6.0827223153 0.0 0.435 0.48 1
179 -0.155112785794 5.15171043661 0.0 0.435 0.48 1
180 13.8549181666 6.36076098196 0.0 0.435 0.48 1
181 12.15267636 5.79776251444 0.0 0.435 0.48 1
182 11.576633355 5.86983777395 0.0 0.435 0.48 1
183 7.15307768084 7.02471254477 0.0 0.435 0.48 1
184 7.12550675148 7.53067132016 0.0 0.435 0.48 1
185 14.91734604 6.78820068325 0.0 0.435 0.48 1
