44 2.95387781359 8.53805433475 0.0 0.435 0.48 1
69 5.73496377219 6.2445336595 0.0 0.435 0.48 1
70 6.3583614269 6.11780530585 0.0 0.435 0.48 1
71 5.74906493453 5.55194292073 0.0 0.435 0.48 1
76 0.547209285026 3.46820420944 0.0 0.435 0.48 1
77 0.0959720899892 3.8302511256 0.0 0.435 0.48 1
88 4.99307426076 5.21495528354 0.0 0.435 0.48 1
89 12.1648833364 5.30111147124 0.0 0.435 0.48 1
90 12.012506597 4.5008851628 0.0 0.435 0.48 1
91 1.95101156623 7.50895327838 0.0 0.435 0.48 1
92 2.38919992447 7.94975792846 0.0 0.435 0.48 1
93 10.3856112996 5.61256250986 0.0 0.435 0.48 1
94 10.4519078091 4.92426764749 0.0 0.435 0.48 1
