69 5.60973703196 6.23379396852 0.0 0.435 0.48 1
70 6.61323467465 4.57582433991 0.0 0.435 0.48 1
71 5.56133005674 5.68392178998 0.0 0.435 0.48 1
106 3.56864639881 7.9118110203 0.0 0.435 0.48 1
107 14.69656814 4.37582742775 0.0 0.435 0.48 1
108 13.621301895 5.51256405378 0.0 0.435 0.48 1
109 1.87313947567 5.13118569384 0.0 0.435 0.48 1
110 1.6005871587 4.84861249098 0.0 0.435 0.48 1
111 6.72162420611 4.15268051501 0.0 0.435 0.48 1
112 6.18683236255 4.27248773447 0.0 0.435 0.48 1
113 3.47961965744 7.43282080228 0.0 0.435 0.48 1
114 3.78837197326 4.01354185178 0.0 0.435 0.48 1
115 0.936569737834 8.84234557938 0.0 0.435 0.48 1
