69 6.08307306351 5.9168537545 0.0 0.435 0.48 1
70 6.6776369982 4.81257486122 0.0 0.435 0.48 1
71 7.13918698361 5.99203159141 0.0 0.435 0.48 1
111 6.84516722546 4.19134340257 0.0 0.435 0.48 1
112 6.15084282881 4.28990989985 0.0 0.435 0.48 1
118 14.4785262865 5.78463622545 0.0 0.435 0.48 1
119 14.4536914035 5.26125528468 0.0 0.435 0.48 1
120 4.13164056706 7.12996151644 0.0 0.435 0.48 1
121 4.2724417254 7.54164967095 0.0 0.435 0.48 1
122 3.45731035582 6.60586459627 0.0 0.435 0.48 1
123 4.14805684561 6.20085891615 0.0 0.435 0.48 1
124 14.8377902286 9.80891776822 0.0 0.435 0.48 1
