69 5.61478819459 6.23403262832 0.0 0.435 0.48 1
70 6.60965676779 4.56198207152 0.0 0.435 0.48 1
71 5.57522075398 5.68248983118 0.0 0.435 0.48 1
104 0.274236037842 7.30466048983 0.0 0.435 0.48 1
105 0.4832278917 8.05524555993 0.0 0.435 0.48 1
106 3.57769639852 7.9924780326 0.0 0.435 0.48 1
107 13.0829321445 4.61758980486 0.0 0.435 0.48 1
108 12.1078472916 5.93236664148 0.0 0.435 0.48 1
109 3.30956384886 5.00588929899 0.0 0.435 0.48 1
110 3.0239626951 4.827133109 0.0 0.435 0.48 1
111 6.68837071879 4.15268051501 0.0 0.435 0.48 1
112 6.1354788758 4.26365732188 0.0 0.435 0.48 1
113 5.11093472215 7.78985586265 0.0 0.435 0.48 1
114 1.55112785794 4.38203258254 0.0 0.435 0.48 1
115 0.372733709147 9.60438631987 0.0 0.435 0.48 1
