69 5.99236260126 5.17605373619 0.0 0.435 0.48 1
70 6.41350328562 5.01185579398 0.0 0.435 0.48 1
111 6.82727769114 4.22427845493 0.0 0.435 0.48 1
112 5.98562771775 4.34360835478 0.0 0.435 0.48 1
169 0.926677877681 8.51323371558 0.0 0.435 0.48 1
177 4.07292080147 5.69179756337 0.0 0.435 0.48 1
178 4.47196264932 6.15837747181 0.0 0.435 0.48 1
179 3.52760570243 7.36528007896 0.0 0.435 0.48 1
180 5.6105788924 5.61208519026 0.0 0.435 0.48 1
181 4.15373940357 4.43740165607 0.0 0.435 0.48 1
182 3.6296812806 4.35029082918 0.0 0.435 0.48 1
183 15.1046599876 6.54763160514 0.0 0.435 0.48 1
184 15.2239937048 7.19344502316 0.0 0.435 0.48 1
