69 5.98436492709 5.17748569498 0.0 0.435 0.48 1
70 6.40487421612 5.01185579398 0.0 0.435 0.48 1
111 6.82264745873 4.22427845493 0.0 0.435 0.48 1
112 5.97931376446 4.34360835478 0.0 0.435 0.48 1
169 0.986029038596 8.60296980027 0.0 0.435 0.48 1
177 4.26507544656 5.49013003261 0.0 0.435 0.48 1
178 4.45365218479 6.08582489269 0.0 0.435 0.48 1
179 1.88239994049 5.85002901058 0.0 0.435 0.48 1
180 12.2042403119 6.161718709 0.0 0.435 0.48 1
181 10.3224717667 5.62855271644 0.0 0.435 0.48 1
182 9.85671247909 5.70396921315 0.0 0.435 0.48 1
183 8.81049041914 6.84428573618 0.0 0.435 0.48 1
184 8.66989972591 7.30298987123 0.0 0.435 0.48 1
