44 2.88821269939 8.85475588897 0.0 0.435 0.48 1
69 5.77937191032 6.2485908761 0.0 0.435 0.48 1
70 6.32174049782 6.14262592502 0.0 0.435 0.48 1
71 5.81641376961 5.56817178711 0.0 0.435 0.48 1
76 1.66730459845 3.83836555879 0.0 0.435 0.48 1
77 1.19965112487 5.58463931329 0.0 0.435 0.48 1
78 1.26531623907 6.58701047209 0.0 0.435 0.48 1
86 10.7633961714 4.9958655874 0.0 0.435 0.48 1
87 10.7253019865 5.92830942488 0.0 0.435 0.48 1
88 2.20293830245 7.88197854534 0.0 0.435 0.48 1
89 1.09778601181 4.93739393647 0.0 0.435 0.48 1
90 0.598352306665 4.25220165149 0.0 0.435 0.48 1
