69 5.99088934549 5.17629239599 0.0 0.435 0.48 1
70 6.41181956474 5.01185579398 0.0 0.435 0.48 1
111 6.8264358307 4.22427845493 0.0 0.435 0.48 1
112 5.98436492709 4.34360835478 0.0 0.435 0.48 1
169 0.93867438893 8.53113320056 0.0 0.435 0.48 1
177 4.14868824094 5.64024704663 0.0 0.435 0.48 1
178 4.47890799794 6.14286458482 0.0 0.435 0.48 1
179 3.48361849452 7.31540018082 0.0 0.435 0.48 1
180 6.80938815682 5.88391870214 0.0 0.435 0.48 1
181 5.3285556455 5.10302383747 0.0 0.435 0.48 1
182 4.80786496429 4.9118573379 0.0 0.435 0.48 1
183 13.9437344429 6.77865429126 0.0 0.435 0.48 1
184 13.9056402581 7.29869399484 0.0 0.435 0.48 1
