69 6.07970562175 5.10588775507 0.0 0.435 0.48 1
70 6.53220560745 5.01185579398 0.0 0.435 0.48 1
111 6.89020675892 4.22427845493 0.0 0.435 0.48 1
112 6.09359631899 4.31783309642 0.0 0.435 0.48 1
130 8.2344474141 7.48795121601 0.0 0.435 0.48 1
131 8.56151019446 6.9103945007 0.0 0.435 0.48 1
134 15.4321436982 5.72306199713 0.0 0.435 0.48 1
135 11.906853112 5.60444807667 0.0 0.435 0.48 1
136 6.14915910793 7.70083575735 0.0 0.435 0.48 1
137 4.26065567926 5.55910271473 0.0 0.435 0.48 1
138 4.03251150043 6.00468056079 0.0 0.435 0.48 1
139 13.511860038 9.71345384834 0.0 0.435 0.48 1
140 13.6236170112 11.0131951176 0.0 0.435 0.48 1
