69 6.09485910965 5.15672229241 0.0 0.435 0.48 1
70 6.5225242124 5.01185579398 0.0 0.435 0.48 1
111 6.88494513118 4.22427845493 0.0 0.435 0.48 1
112 6.08181027285 4.32356093161 0.0 0.435 0.48 1
130 8.26580671543 7.45239090585 0.0 0.435 0.48 1
131 8.83742995318 7.10299295907 0.0 0.435 0.48 1
137 13.842079795 4.22618773333 0.0 0.435 0.48 1
138 13.3855809722 4.9163918741 0.0 0.435 0.48 1
139 7.89896602936 6.36815943575 0.0 0.435 0.48 1
140 9.11313924679 7.85190741057 0.0 0.435 0.48 1
141 3.36239059138 5.32282951301 0.0 0.435 0.48 1
142 2.51126968805 5.90492076451 0.0 0.435 0.48 1
