69 6.08665097037 5.15815425121 0.0 0.435 0.48 1
70 6.51389514291 5.01185579398 0.0 0.435 0.48 1
111 6.88052536388 4.22427845493 0.0 0.435 0.48 1
112 6.07149748248 4.3285727874 0.0 0.435 0.48 1
130 8.36514624718 7.35072183117 0.0 0.435 0.48 1
131 9.11587529321 6.56600840972 0.0 0.435 0.48 1
139 1.78895343182 7.63711359083 0.0 0.435 0.48 1
140 2.08360458529 8.1621651502 0.0 0.435 0.48 1
141 12.6550565767 4.75911506609 0.0 0.435 0.48 1
142 12.2490693802 5.79680787524 0.0 0.435 0.48 1
143 9.62583225383 7.63711359083 0.0 0.435 0.48 1
144 3.11951385487 5.13452693104 0.0 0.435 0.48 1
145 2.91283711722 6.07150530471 0.0 0.435 0.48 1
146 12.7962786652 7.42231977109 0.0 0.435 0.48 1
147 2.52410805974 4.43143516108 0.0 0.435 0.48 1
148 13.8319774697 7.21516306494 0.0 0.435 0.48 1
149 0.190470924211 9.498182709 0.0 0.435 0.48 1
