69 5.98646957819 5.17724703518 0.0 0.435 0.48 1
70 6.40718933233 5.01185579398 0.0 0.435 0.48 1
111 6.82391024939 4.22427845493 0.0 0.435 0.48 1
112 5.98099748534 4.34360835478 0.0 0.435 0.48 1
169 0.970244155374 8.5791038203 0.0 0.435 0.48 1
177 4.32632079346 5.50993879598 0.0 0.435 0.48 1
178 4.49721846248 6.10109911987 0.0 0.435 0.48 1
179 3.13593013342 6.84953625178 0.0 0.435 0.48 1
180 10.4119194383 5.79800117424 0.0 0.435 0.48 1
181 8.5732962406 5.64144034563 0.0 0.435 0.48 1
182 8.00419858417 5.72091405893 0.0 0.435 0.48 1
183 10.467061297 6.48367077882 0.0 0.435 0.48 1
184 10.3481485101 7.14953162002 0.0 0.435 0.48 1
