19 14.7698099982 4.77128671587 0.0 0.435 0.48 1
20 12.9162437777 10.8396894432 0.0 0.435 0.48 1
21 13.5510065483 10.8215512984 0.0 0.435 0.48 1
22 5.06694751423 4.39921608812 0.0 0.435 0.48 1
23 2.38751620359 5.67222745979 0.0 0.435 0.48 1
24 1.09631275604 8.17027958339 0.0 0.435 0.48 1
25 0.682117420296 7.87410277195 0.0 0.435 0.48 1
26 14.0424425793 3.79063359885 0.0 0.435 0.48 1
27 1.17734182325 4.12881453504 0.0 0.435 0.48 1
28 0.939516249368 4.88918465693 0.0 0.435 0.48 1
29 14.5151472155 4.37535010815 0.0 0.435 0.48 1
