69 5.60321261356 6.23307798912 0.0 0.435 0.48 1
70 6.61828583728 4.59396248468 0.0 0.435 0.48 1
71 5.5428091271 5.68583106837 0.0 0.435 0.48 1
106 3.55686035267 7.80417545063 0.0 0.435 0.48 1
109 0.226039527738 5.08965888869 0.0 0.435 0.48 1
110 -0.198047668158 4.87033053275 0.0 0.435 0.48 1
111 6.76582187913 4.15268051501 0.0 0.435 0.48 1
112 6.18409631613 4.27368103347 0.0 0.435 0.48 1
113 1.14114182439 7.10275429927 0.0 0.435 0.48 1
114 6.80496838952 3.35722740257 0.0 0.435 0.48 1
115 2.08423598062 7.93734761887 0.0 0.435 0.48 1
116 1.68603599321 4.32570886981 0.0 0.435 0.48 1
