69 6.04308469268 5.1665073442 0.0 0.435 0.48 1
70 6.46738235368 5.01185579398 0.0 0.435 0.48 1
111 6.85590094605 4.22427845493 0.0 0.435 0.48 1
112 6.02519515836 4.34360835478 0.0 0.435 0.48 1
160 0.0947092993315 8.6595321728 0.0 0.435 0.48 1
161 1.61784529769 8.19438422316 0.0 0.435 0.48 1
162 10.4300194377 4.69825681716 0.0 0.435 0.48 1
163 10.1892473523 5.42044137109 0.0 0.435 0.48 1
164 9.73506364573 7.50966925778 0.0 0.435 0.48 1
165 10.0972740994 6.18797128697 0.0 0.435 0.48 1
166 13.3340170203 11.1888487302 0.0 0.435 0.48 1
167 13.9833018835 10.0571239599 0.0 0.435 0.48 1
168 13.1214472596 7.4122960595 0.0 0.435 0.48 1
169 11.9173763674 5.75551972989 0.0 0.435 0.48 1
170 2.31722085698 6.20587077195 0.0 0.435 0.48 1
171 14.1314693207 7.10633419627 0.0 0.435 0.48 1
