69 5.70528819173 6.24190840171 0.0 0.435 0.48 1
70 6.3825649145 6.10109911987 0.0 0.435 0.48 1
71 5.7090765637 5.58583261229 0.0 0.435 0.48 1
76 0.547209285026 3.33622534019 0.0 0.435 0.48 1
77 0.0420930219251 3.6634279256 0.0 0.435 0.48 1
88 3.69366267393 5.03333517596 0.0 0.435 0.48 1
98 10.7600287296 7.42231977109 0.0 0.435 0.48 1
99 11.0479449996 6.46935119083 0.0 0.435 0.48 1
100 0.362841848994 4.56508464892 0.0 0.435 0.48 1
101 0.472494171109 5.99036097281 0.0 0.435 0.48 1
102 -0.0210465109626 4.29372845664 0.0 0.435 0.48 1
