69 5.75516842271 6.18677798797 0.0 0.435 0.48 1
70 6.66269397542 4.75792176709 0.0 0.435 0.48 1
71 5.37612076027 5.70301457395 0.0 0.435 0.48 1
111 6.82769862136 4.18155835078 0.0 0.435 0.48 1
112 6.15905096808 4.28585268325 0.0 0.435 0.48 1
118 9.27288226499 7.48699657681 0.0 0.435 0.48 1
119 9.11608575832 7.18437595077 0.0 0.435 0.48 1
120 8.70546832944 5.52783828096 0.0 0.435 0.48 1
121 9.39579388901 5.85909808297 0.0 0.435 0.48 1
122 0.639182537933 8.06574659112 0.0 0.435 0.48 1
123 0.486384868345 7.48651925721 0.0 0.435 0.48 1
