69 5.99573004301 4.90398156451 0.0 0.435 0.48 1
70 6.53746723519 5.01185579398 0.0 0.435 0.48 1
111 6.89294280535 4.22427845493 0.0 0.435 0.48 1
112 6.09969980717 4.31473051902 0.0 0.435 0.48 1
130 8.21782067044 7.50680534019 0.0 0.435 0.48 1
131 8.64169740122 6.9927321316 0.0 0.435 0.48 1
132 1.55744181123 5.38869961773 0.0 0.435 0.48 1
133 10.7360357071 5.54215786895 0.0 0.435 0.48 1
134 10.3908729273 6.10276973847 0.0 0.435 0.48 1
135 6.95839745444 5.90897798111 0.0 0.435 0.48 1
136 10.1865113059 7.26719090127 0.0 0.435 0.48 1
137 0.255504643085 4.38680577853 0.0 0.435 0.48 1
