7 10.1820915386 1.44436910787 0.0 0.435 0.48 1
8 12.1463624067 5.19991971616 0.0 0.435 0.48 1
9 12.1343658955 4.48465629642 0.0 0.435 0.48 1
10 9.04621134192 6.35479448697 0.0 0.435 0.48 1
11 10.0812787511 5.93069602288 0.0 0.435 0.48 1
12 9.03126831914 4.44694804806 0.0 0.435 0.48 1
13 9.56458690693 4.99013775221 0.0 0.435 0.48 1
14 8.29295671457 7.23711976651 0.0 0.435 0.48 1
15 10.9008298879 6.7457192389 0.0 0.435 0.48 1
16 10.9294531429 6.37317129155 0.0 0.435 0.48 1
17 0.650547653853 9.03208012016 0.0 0.435 0.48 1
18 0.25866161973 8.71108268954 0.0 0.435 0.48 1
