44 2.50390340921 8.72755021572 0.0 0.435 0.48 1
69 5.8183079556 6.26195582488 0.0 0.435 0.48 1
70 6.27712189458 6.17293571959 0.0 0.435 0.48 1
71 5.90270446456 5.62258622145 0.0 0.435 0.48 1
73 14.16851118 4.67176557939 0.0 0.435 0.48 1
74 14.3429867559 4.09420886408 0.0 0.435 0.48 1
75 6.78286955301 4.75601248869 0.0 0.435 0.48 1
76 11.2809298759 5.32211353361 0.0 0.435 0.48 1
77 11.8479228813 6.36457953876 0.0 0.435 0.48 1
78 12.1964531028 5.80181973103 0.0 0.435 0.48 1
79 14.1230507163 5.42282796909 0.0 0.435 0.48 1
80 0.402198824494 4.62832949584 0.0 0.435 0.48 1
81 0.288968595516 3.9109181379 0.0 0.435 0.48 1
