69 6.04034864625 5.1669846638 0.0 0.435 0.48 1
70 6.46464630726 5.01185579398 0.0 0.435 0.48 1
111 6.85421722517 4.22427845493 0.0 0.435 0.48 1
112 6.02309050726 4.34360835478 0.0 0.435 0.48 1
161 0.315697664438 9.71345384834 0.0 0.435 0.48 1
162 13.3944205068 4.65887795021 0.0 0.435 0.48 1
163 13.1498600494 5.3316599256 0.0 0.435 0.48 1
164 7.5173927856 7.67171926179 0.0 0.435 0.48 1
165 7.12234977484 6.98294707982 0.0 0.435 0.48 1
166 13.1582786538 9.31727858081 0.0 0.435 0.48 1
167 13.6078321279 7.67148060199 0.0 0.435 0.48 1
168 11.0891961611 7.07220584491 0.0 0.435 0.48 1
169 9.44251714335 6.80872542603 0.0 0.435 0.48 1
170 4.7621940355 6.35121458997 0.0 0.435 0.48 1
171 11.5334880075 6.30061871244 0.0 0.435 0.48 1
