69 6.07065562204 5.1612568286 0.0 0.435 0.48 1
70 6.49663700392 5.01185579398 0.0 0.435 0.48 1
111 6.87126489905 4.22427845493 0.0 0.435 0.48 1
112 6.05066143662 4.33859649899 0.0 0.435 0.48 1
144 11.2872438292 5.67771663518 0.0 0.435 0.48 1
145 10.9231391896 6.34310015678 0.0 0.435 0.48 1
146 3.5903243051 7.90775380371 0.0 0.435 0.48 1
148 2.81223479482 7.08366151529 0.0 0.435 0.48 1
150 9.70117876308 7.14571306322 0.0 0.435 0.48 1
151 9.60415434754 6.50634345979 0.0 0.435 0.48 1
152 8.41060671086 4.96770373104 0.0 0.435 0.48 1
153 8.59644740265 5.47390116623 0.0 0.435 0.48 1
154 8.29884973764 6.0834382947 0.0 0.435 0.48 1
155 8.19929974079 3.329304206 0.0 0.435 0.48 1
156 3.23127082808 6.2462042781 0.0 0.435 0.48 1
157 3.08289292579 5.27700683146 0.0 0.435 0.48 1
158 3.34807896392 5.44478467066 0.0 0.435 0.48 1
