44 2.86927083952 8.01109349698 0.0 0.435 0.48 1
69 5.72338819116 6.2435790203 0.0 0.435 0.48 1
70 6.36783235683 6.11136149126 0.0 0.435 0.48 1
71 5.73349051642 5.56506920972 0.0 0.435 0.48 1
76 0.547209285026 3.4168923525 0.0 0.435 0.48 1
77 0.0671383699705 3.77822328926 0.0 0.435 0.48 1
88 4.92698821633 5.26483518168 0.0 0.435 0.48 1
89 14.9851158053 5.60850529327 0.0 0.435 0.48 1
90 15.076668128 5.12402589985 0.0 0.435 0.48 1
92 -0.0717686023823 9.31298270442 0.0 0.435 0.48 1
93 13.707803055 5.76721406008 0.0 0.435 0.48 1
94 13.7280077055 5.001116103 0.0 0.435 0.48 1
96 0.975505783114 5.54406714734 0.0 0.435 0.48 1
97 2.08718249216 4.12475731845 0.0 0.435 0.48 1
98 14.6447937231 10.0635677745 0.0 0.435 0.48 1
