69 6.06728818028 5.161972808 0.0 0.435 0.48 1
70 6.49326956217 5.01185579398 0.0 0.435 0.48 1
111 6.86958117818 4.22427845493 0.0 0.435 0.48 1
112 6.04666259954 4.34050577739 0.0 0.435 0.48 1
144 13.7652600299 5.52330374477 0.0 0.435 0.48 1
145 13.769258867 6.19799499856 0.0 0.435 0.48 1
146 1.19060112515 7.72183781973 0.0 0.435 0.48 1
148 0.757674394652 6.90275738711 0.0 0.435 0.48 1
150 12.3014751925 6.90514398511 0.0 0.435 0.48 1
151 12.0806972925 6.52662954276 0.0 0.435 0.48 1
152 6.77697652994 5.83523210299 0.0 0.435 0.48 1
153 7.19306605167 6.14978571902 0.0 0.435 0.48 1
154 12.1202647331 4.72832795192 0.0 0.435 0.48 1
155 4.85122077687 3.38300266094 0.0 0.435 0.48 1
156 5.72465098181 7.23139193132 0.0 0.435 0.48 1
157 5.80631144435 6.27961665006 0.0 0.435 0.48 1
158 5.93806260297 6.42615376708 0.0 0.435 0.48 1
159 14.4366437297 4.95433878225 0.0 0.435 0.48 1
