69 5.68550447142 6.24023778311 0.0 0.435 0.48 1
70 6.39877072794 6.09012076909 0.0 0.435 0.48 1
71 5.68255795989 5.60850529327 0.0 0.435 0.48 1
76 0.547209285026 3.2483985339 0.0 0.435 0.48 1
77 0.0098918601524 3.4994686432 0.0 0.435 0.48 1
98 4.68495334026 7.92350535049 0.0 0.435 0.48 1
99 5.03727193378 7.37530379054 0.0 0.435 0.48 1
100 5.3592835515 4.46293825464 0.0 0.435 0.48 1
101 8.17214974165 6.6655295462 0.0 0.435 0.48 1
102 5.0465323986 4.21616402174 0.0 0.435 0.48 1
103 13.5539530599 8.07266772531 0.0 0.435 0.48 1
104 14.402758847 7.54332028954 0.0 0.435 0.48 1
105 14.7677053471 8.23376309011 0.0 0.435 0.48 1
