69 6.03613934406 5.1677006432 0.0 0.435 0.48 1
70 6.46001607485 5.01185579398 0.0 0.435 0.48 1
111 6.85190210897 4.22427845493 0.0 0.435 0.48 1
112 6.01972306551 4.34360835478 0.0 0.435 0.48 1
164 4.27644056248 7.68938008697 0.0 0.435 0.48 1
165 2.82865107337 8.03328885835 0.0 0.435 0.48 1
166 11.5427484723 6.164105307 0.0 0.435 0.48 1
167 12.2656961239 3.85865164177 0.0 0.435 0.48 1
168 7.88991602964 7.87076153475 0.0 0.435 0.48 1
169 5.99004748505 8.04140329154 0.0 0.435 0.48 1
170 8.44491252372 5.68606972817 0.0 0.435 0.48 1
171 7.63441138656 6.81445326122 0.0 0.435 0.48 1
172 0.803134858331 7.11086873246 0.0 0.435 0.48 1
173 0.634131375302 6.27365015507 0.0 0.435 0.48 1
