44 2.36457550664 8.68029557538 0.0 0.435 0.48 1
69 5.81893935093 6.25193211329 0.0 0.435 0.48 1
70 6.28932887094 6.1645826266 0.0 0.435 0.48 1
71 5.87934283739 5.60778931387 0.0 0.435 0.48 1
75 1.50987669645 5.61614240686 0.0 0.435 0.48 1
76 7.52412766911 5.01591301058 0.0 0.435 0.48 1
77 7.49255790267 6.77793831186 0.0 0.435 0.48 1
78 7.94884626034 6.23761252531 0.0 0.435 0.48 1
79 8.81512065156 4.93262074048 0.0 0.435 0.48 1
80 4.97413240089 4.40017072732 0.0 0.435 0.48 1
81 4.75756380309 3.85125318798 0.0 0.435 0.48 1
82 9.94552875535 3.34696503118 0.0 0.435 0.48 1
83 10.6004961765 2.73766656251 0.0 0.435 0.48 1
84 9.30024272924 3.65412019341 0.0 0.435 0.48 1
85 11.8988554378 3.07322224091 0.0 0.435 0.48 1
