69 5.61794517123 6.23450994791 0.0 0.435 0.48 1
70 6.62123234882 4.60852073247 0.0 0.435 0.48 1
71 5.5844812188 5.68153519198 0.0 0.435 0.48 1
103 0.264975573019 7.31635482002 0.0 0.435 0.48 1
104 0.702953466149 7.15502079541 0.0 0.435 0.48 1
105 0.984976713047 7.89558215392 0.0 0.435 0.48 1
106 3.75175104418 7.69940379856 0.0 0.435 0.48 1
107 12.0958507804 4.9140052761 0.0 0.435 0.48 1
108 11.0630984875 6.11398674906 0.0 0.435 0.48 1
109 4.21540568069 4.93691661687 0.0 0.435 0.48 1
110 3.97779057192 4.75720578769 0.0 0.435 0.48 1
111 6.66627188228 4.15268051501 0.0 0.435 0.48 1
112 6.07402306379 4.25363361029 0.0 0.435 0.48 1
113 6.13190096894 7.93591566007 0.0 0.435 0.48 1
114 0.160163948425 4.67248155879 0.0 0.435 0.48 1
115 0.0721895326016 10.1158342707 0.0 0.435 0.48 1
