69 5.65919633272 6.23808984491 0.0 0.435 0.48 1
70 6.42044863424 6.07532386151 0.0 0.435 0.48 1
71 5.64719982147 5.63857642803 0.0 0.435 0.48 1
100 11.6709217241 5.28774652245 0.0 0.435 0.48 1
102 11.4815031254 4.97915940142 0.0 0.435 0.48 1
103 8.77639507138 7.30084193303 0.0 0.435 0.48 1
104 9.4414648178 6.73474088811 0.0 0.435 0.48 1
105 9.62814737004 7.43783265807 0.0 0.435 0.48 1
106 10.3271019991 4.0796506163 0.0 0.435 0.48 1
107 1.02286043278 5.69036560457 0.0 0.435 0.48 1
108 0.0481965101042 4.87701300714 0.0 0.435 0.48 1
109 14.8628355766 4.55458361773 0.0 0.435 0.48 1
110 14.8142181363 4.22905165092 0.0 0.435 0.48 1
