69 6.04245329735 5.1665073442 0.0 0.435 0.48 1
70 6.46696142346 5.01185579398 0.0 0.435 0.48 1
111 6.85548001583 4.22427845493 0.0 0.435 0.48 1
112 6.02477422814 4.34360835478 0.0 0.435 0.48 1
160 -0.0105232554813 8.63733681143 0.0 0.435 0.48 1
161 1.23353600752 8.40177958911 0.0 0.435 0.48 1
162 11.0073252334 4.5822681545 0.0 0.435 0.48 1
163 10.7745508222 5.36841353475 0.0 0.435 0.48 1
164 9.33328575145 7.61825946665 0.0 0.435 0.48 1
165 9.49955318806 6.30252799083 0.0 0.435 0.48 1
166 13.3350693459 10.806515731 0.0 0.435 0.48 1
167 13.9254239784 9.59412394848 0.0 0.435 0.48 1
168 12.7072519239 7.31993471701 0.0 0.435 0.48 1
169 11.4168903367 6.01351097338 0.0 0.435 0.48 1
170 2.79245107451 6.30610788783 0.0 0.435 0.48 1
171 13.6396123595 6.89321099512 0.0 0.435 0.48 1
