44 2.95871851112 8.51466567438 0.0 0.435 0.48 1
69 5.73159633043 6.2442949997 0.0 0.435 0.48 1
70 6.36109747332 6.11589602746 0.0 0.435 0.48 1
71 5.74464516723 5.55576147753 0.0 0.435 0.48 1
76 0.547209285026 3.45340730185 0.0 0.435 0.48 1
77 0.0877639507138 3.81545421802 0.0 0.435 0.48 1
88 4.97413240089 5.22903621172 0.0 0.435 0.48 1
89 13.0673577264 5.39442745292 0.0 0.435 0.48 1
90 12.8337414547 4.65219547581 0.0 0.435 0.48 1
91 1.0780022915 7.70346101515 0.0 0.435 0.48 1
92 1.48335809264 8.30369041143 0.0 0.435 0.48 1
93 11.4204682436 5.69203622317 0.0 0.435 0.48 1
94 11.4107868486 5.0834537339 0.0 0.435 0.48 1
96 0.590565097609 1.90235726352 0.0 0.435 0.48 1
97 1.14661391724 0.248922171101 0.0 0.435 0.48 1
