69 5.57690447486 6.23093005092 0.0 0.435 0.48 1
70 6.63806955759 4.6667537236 0.0 0.435 0.48 1
71 5.46872540851 5.69346818196 0.0 0.435 0.48 1
106 2.77014177289 7.42804760628 0.0 0.435 0.48 1
111 6.79865443623 4.1650908246 0.0 0.435 0.48 1
112 6.17294166532 4.27917020886 0.0 0.435 0.48 1
115 9.51828458281 6.28868572245 0.0 0.435 0.48 1
116 11.9443159015 5.85862076337 0.0 0.435 0.48 1
117 10.7899147752 7.43019554448 0.0 0.435 0.48 1
118 1.34213600408 8.61370949126 0.0 0.435 0.48 1
119 0.743994162526 8.25213989469 0.0 0.435 0.48 1
