69 3.12056618042 4.94884960686 0.0 0.435 0.48 1
70 3.09636269281 4.09659546208 0.0 0.435 0.48 1
111 11.223472901 4.97056764863 0.0 0.435 0.48 1
112 10.4893705986 5.63332591244 0.0 0.435 0.48 1
169 0.982030201513 8.67146516279 0.0 0.435 0.48 1
177 3.42952896135 5.46530941344 0.0 0.435 0.48 1
178 3.65346383799 5.96983623003 0.0 0.435 0.48 1
183 0.632658119534 7.54236565034 0.0 0.435 0.48 1
184 1.02496508388 7.85310070957 0.0 0.435 0.48 1
185 5.80168121194 6.9932094512 0.0 0.435 0.48 1
186 11.6452449807 7.48484863861 0.0 0.435 0.48 1
187 13.2214181867 5.09610270328 0.0 0.435 0.48 1
188 13.7433716585 5.0834537339 0.0 0.435 0.48 1
