69 6.09759515607 5.15624497281 0.0 0.435 0.48 1
70 6.52547072394 5.01185579398 0.0 0.435 0.48 1
111 6.88662885206 4.22427845493 0.0 0.435 0.48 1
112 6.0851777146 4.32189031301 0.0 0.435 0.48 1
130 8.25654625061 7.46289193704 0.0 0.435 0.48 1
131 8.78291948978 6.87674346894 0.0 0.435 0.48 1
136 0.514376727925 6.54333572874 0.0 0.435 0.48 1
137 10.8301136111 4.55076506094 0.0 0.435 0.48 1
138 10.5392508296 5.46316147524 0.0 0.435 0.48 1
139 10.0326613107 6.40491304491 0.0 0.435 0.48 1
140 11.1546508102 7.20943522974 0.0 0.435 0.48 1
141 0.310646501807 4.90231094591 0.0 0.435 0.48 1
