69 6.07549631956 5.1603021894 0.0 0.435 0.48 1
70 6.50189863166 5.01185579398 0.0 0.435 0.48 1
111 6.87400094548 4.22427845493 0.0 0.435 0.48 1
112 6.05697538991 4.33549392159 0.0 0.435 0.48 1
130 14.2026065277 6.51636717138 0.0 0.435 0.48 1
131 14.410335591 5.64502024262 0.0 0.435 0.48 1
143 0.180368598949 9.69985023975 0.0 0.435 0.48 1
144 10.3670903699 5.76315684348 0.0 0.435 0.48 1
145 9.71443806499 6.30061871244 0.0 0.435 0.48 1
146 7.19011954014 7.97815844462 0.0 0.435 0.48 1
147 13.2161565589 5.58965116909 0.0 0.435 0.48 1
148 6.19272538562 7.29726203604 0.0 0.435 0.48 1
150 5.72465098181 6.38009242574 0.0 0.435 0.48 1
151 5.93827306808 5.88200942374 0.0 0.435 0.48 1
152 11.3779542915 4.47630320343 0.0 0.435 0.48 1
153 11.5829473082 5.06579290872 0.0 0.435 0.48 1
154 2.7419394482 5.33619446179 0.0 0.435 0.48 1
155 13.1909007458 4.36747433476 0.0 0.435 0.48 1
