44 2.92483362847 8.67886361658 0.0 0.435 0.48 1
69 5.75474749249 6.2464429379 0.0 0.435 0.48 1
70 6.34215561346 6.12878365664 0.0 0.435 0.48 1
71 5.77726725922 5.54358982774 0.0 0.435 0.48 1
76 0.547209285026 3.55603101573 0.0 0.435 0.48 1
77 0.145010460532 3.91950989069 0.0 0.435 0.48 1
86 2.44392085297 5.44908054706 0.0 0.435 0.48 1
87 2.79918595802 6.05002592274 0.0 0.435 0.48 1
88 4.8453277538 5.65313467581 0.0 0.435 0.48 1
89 6.65553816169 4.62451093905 0.0 0.435 0.48 1
90 6.4612788655 4.04647690414 0.0 0.435 0.48 1
91 8.45375205833 6.45169036565 0.0 0.435 0.48 1
92 8.90898809045 6.6648135668 0.0 0.435 0.48 1
93 4.93182891385 4.72546403433 0.0 0.435 0.48 1
94 4.72809868774 4.02762277996 0.0 0.435 0.48 1
95 14.5385088427 8.60010588267 0.0 0.435 0.48 1
