69 5.5735370331 6.23045273132 0.0 0.435 0.48 1
70 6.6405951389 4.67606145579 0.0 0.435 0.48 1
71 5.45946494369 5.69442282116 0.0 0.435 0.48 1
106 1.8453580812 7.24046100371 0.0 0.435 0.48 1
111 6.80160094777 4.1667614432 0.0 0.435 0.48 1
112 6.17167887466 4.27988618826 0.0 0.435 0.48 1
115 10.5838694328 6.13952334763 0.0 0.435 0.48 1
116 13.2172088845 5.73117643032 0.0 0.435 0.48 1
117 9.36464505279 7.54642286694 0.0 0.435 0.48 1
118 2.06045342323 8.61633474905 0.0 0.435 0.48 1
119 1.49135576681 8.1621651502 0.0 0.435 0.48 1
