69 5.9801556249 5.17844033418 0.0 0.435 0.48 1
70 6.40045444882 5.01185579398 0.0 0.435 0.48 1
111 6.82033234252 4.22427845493 0.0 0.435 0.48 1
112 6.10348817914 4.34360835478 0.0 0.435 0.48 1
169 1.00665461934 8.64354196622 0.0 0.435 0.48 1
177 4.14216382254 5.45027384606 0.0 0.435 0.48 1
178 4.24297661005 6.05718571673 0.0 0.435 0.48 1
181 13.855549562 5.94931148726 0.0 0.435 0.48 1
182 13.1843763274 5.91876303289 0.0 0.435 0.48 1
183 5.41947657286 7.10012904148 0.0 0.435 0.48 1
184 5.60342307867 7.55215070213 0.0 0.435 0.48 1
185 12.7120926214 7.18175069298 0.0 0.435 0.48 1
