69 6.03171957676 5.16865528239 0.0 0.435 0.48 1
70 6.45538584243 5.01185579398 0.0 0.435 0.48 1
111 6.84937652765 4.22427845493 0.0 0.435 0.48 1
112 6.01635562376 4.34360835478 0.0 0.435 0.48 1
164 0.756832534213 7.02208728697 0.0 0.435 0.48 1
166 9.99288340502 3.59254596509 0.0 0.435 0.48 1
167 11.0677287199 3.33908925779 0.0 0.435 0.48 1
168 4.8716358925 8.07099710671 0.0 0.435 0.48 1
169 3.05826850797 8.7483136183 0.0 0.435 0.48 1
170 12.68073332 5.79561457624 0.0 0.435 0.48 1
171 4.24992195867 7.43735533847 0.0 0.435 0.48 1
172 4.19393823951 6.77579037366 0.0 0.435 0.48 1
173 4.09228359156 5.70898106895 0.0 0.435 0.48 1
