8 14.2905809436 5.16889394219 0.0 0.435 0.48 1
9 14.4730541936 4.4973052658 0.0 0.435 0.48 1
10 11.1407601129 6.0777104595 0.0 0.435 0.48 1
11 12.7120926214 5.63237127324 0.0 0.435 0.48 1
12 11.7330089314 3.88538153933 0.0 0.435 0.48 1
13 12.386924027 4.6600712492 0.0 0.435 0.48 1
14 5.69539633158 8.00894555878 0.0 0.435 0.48 1
15 8.62906949465 7.42947956508 0.0 0.435 0.48 1
16 8.63959275013 7.05239708153 0.0 0.435 0.48 1
17 2.12569760722 8.13448061343 0.0 0.435 0.48 1
18 1.97837203048 7.68484555077 0.0 0.435 0.48 1
