69 6.03024632099 5.16889394219 0.0 0.435 0.48 1
70 6.45370212156 5.01185579398 0.0 0.435 0.48 1
111 6.84853466721 4.22427845493 0.0 0.435 0.48 1
112 6.0150928331 4.34360835478 0.0 0.435 0.48 1
166 9.96825898719 3.38204802174 0.0 0.435 0.48 1
167 10.6829984995 3.26343410128 0.0 0.435 0.48 1
168 3.651569652 8.13829917023 0.0 0.435 0.48 1
169 2.19241504697 8.71108268954 0.0 0.435 0.48 1
170 14.3709786155 5.68511508897 0.0 0.435 0.48 1
171 3.16939408585 7.43162750328 0.0 0.435 0.48 1
172 5.63162540336 6.94380687266 0.0 0.435 0.48 1
173 5.57269517266 5.9108872595 0.0 0.435 0.48 1
