44 2.34815922809 8.67695433818 0.0 0.435 0.48 1
69 5.81052074654 6.25121613389 0.0 0.435 0.48 1
70 6.29606375445 6.1600480904 0.0 0.435 0.48 1
71 5.86608353548 5.59943622088 0.0 0.435 0.48 1
76 5.48261610575 4.68250527038 0.0 0.435 0.48 1
77 5.12629867515 6.60061408067 0.0 0.435 0.48 1
78 6.08349399373 6.95359192445 0.0 0.435 0.48 1
79 6.50337188743 4.84479393418 0.0 0.435 0.48 1
80 7.40837185882 4.23000629012 0.0 0.435 0.48 1
81 7.23052884119 3.79111091845 0.0 0.435 0.48 1
82 11.96073218 4.41878619169 0.0 0.435 0.48 1
83 12.4584821643 4.12547329785 0.0 0.435 0.48 1
84 11.5444321932 4.75267125149 0.0 0.435 0.48 1
85 13.6716030562 5.23357074792 0.0 0.435 0.48 1
