44 2.89789409443 8.80773990842 0.0 0.435 0.48 1
69 5.77284749192 6.2478748967 0.0 0.435 0.48 1
70 6.32721259067 6.13880736823 0.0 0.435 0.48 1
71 5.80589051413 5.56172797252 0.0 0.435 0.48 1
76 1.3076197261 3.8335923628 0.0 0.435 0.48 1
77 0.564046493796 5.30898724463 0.0 0.435 0.48 1
78 0.873430204946 6.28868572245 0.0 0.435 0.48 1
86 8.20729741496 4.63930784663 0.0 0.435 0.48 1
87 8.3699869447 5.47724240342 0.0 0.435 0.48 1
88 3.47688361101 7.69821049956 0.0 0.435 0.48 1
89 2.79308246984 5.15672229241 0.0 0.435 0.48 1
90 2.1865220239 4.330243406 0.0 0.435 0.48 1
91 15.0297344086 3.39589029012 0.0 0.435 0.48 1
93 1.39369995594 5.21304600514 0.0 0.435 0.48 1
94 0.98918601524 4.52212588497 0.0 0.435 0.48 1
