69 6.04624166932 5.1657913648 0.0 0.435 0.48 1
70 6.47096026055 5.01185579398 0.0 0.435 0.48 1
111 6.85758466693 4.22427845493 0.0 0.435 0.48 1
112 6.02772073968 4.34360835478 0.0 0.435 0.48 1
160 0.775984859189 8.5776718615 0.0 0.435 0.48 1
161 5.19491030089 7.77124039827 0.0 0.435 0.48 1
162 7.21895326016 5.58463931329 0.0 0.435 0.48 1
163 6.75593001898 6.20515479255 0.0 0.435 0.48 1
164 12.3221007732 6.47794294362 0.0 0.435 0.48 1
165 13.5434298044 4.39134031473 0.0 0.435 0.48 1
166 13.0212658674 13.4797441476 0.0 0.435 0.48 1
169 15.113078592 3.80017999084 0.0 0.435 0.48 1
