69 6.09422771432 5.15672229241 0.0 0.435 0.48 1
70 6.52189281708 5.01185579398 0.0 0.435 0.48 1
111 6.88473466607 4.22427845493 0.0 0.435 0.48 1
112 6.08117887752 4.32379959141 0.0 0.435 0.48 1
130 8.26770090142 7.45024296765 0.0 0.435 0.48 1
131 8.81743576776 7.09153728869 0.0 0.435 0.48 1
137 14.4465355898 4.21377742374 0.0 0.435 0.48 1
138 13.9679379305 4.85266970757 0.0 0.435 0.48 1
139 7.49255790267 6.49154655221 0.0 0.435 0.48 1
140 8.69220902753 8.03543679655 0.0 0.435 0.48 1
141 3.95969057249 5.40659910271 0.0 0.435 0.48 1
142 3.15634524905 6.02043210757 0.0 0.435 0.48 1
