69 6.10012073739 5.15576765321 0.0 0.435 0.48 1
70 6.52820677036 5.01185579398 0.0 0.435 0.48 1
111 6.88810210782 4.22427845493 0.0 0.435 0.48 1
112 6.08875562147 4.32021969441 0.0 0.435 0.48 1
130 8.24728578579 7.47339296823 0.0 0.435 0.48 1
131 8.69347181819 6.87316357195 0.0 0.435 0.48 1
136 2.83328130578 6.84953625178 0.0 0.435 0.48 1
137 7.9917811427 5.63237127324 0.0 0.435 0.48 1
138 7.77710673088 6.09584860428 0.0 0.435 0.48 1
139 11.8788612524 7.45692544205 0.0 0.435 0.48 1
140 12.7508182016 8.39199453732 0.0 0.435 0.48 1
