43 2.5516789891 3.57082792331 0.0 0.435 0.48 1
44 1.86977203391 3.55555369613 0.0 0.435 0.48 1
45 0.689273234024 5.54740838454 0.0 0.435 0.48 1
46 0.65770346758 6.4149367565 0.0 0.435 0.48 1
47 4.71210333941 6.42305118969 0.0 0.435 0.48 1
48 7.40900325415 6.19775633876 0.0 0.435 0.48 1
49 6.99291373242 5.38368776194 0.0 0.435 0.48 1
50 11.9255845067 6.00515788039 0.0 0.435 0.48 1
51 11.9167449721 5.54072591015 0.0 0.435 0.48 1
52 12.822797269 4.04480628554 0.0 0.435 0.48 1
53 14.9798541776 5.03786971215 0.0 0.435 0.48 1
