69 1.48988251104 4.87247847095 0.0 0.435 0.48 1
70 1.45978600036 3.94003463347 0.0 0.435 0.48 1
111 13.1709065604 5.64907745922 0.0 0.435 0.48 1
112 12.8204821528 6.28033262946 0.0 0.435 0.48 1
169 0.974453457566 8.68005691558 0.0 0.435 0.48 1
177 2.19199411675 5.42545322689 0.0 0.435 0.48 1
178 2.1734731871 5.86172334076 0.0 0.435 0.48 1
184 0.211517435174 8.61442547066 0.0 0.435 0.48 1
185 3.82351964657 6.77626769326 0.0 0.435 0.48 1
186 10.3506740914 7.4920084326 0.0 0.435 0.48 1
187 11.7614217212 4.60613413447 0.0 0.435 0.48 1
188 12.4911042563 4.89849238912 0.0 0.435 0.48 1
