24 15.1850576595 5.59323106608 0.0 0.435 0.48 1
25 15.2275716116 4.94145115307 0.0 0.435 0.48 1
32 9.53406946604 5.30230477023 0.0 0.435 0.48 1
33 8.23150090256 6.68390635077 0.0 0.435 0.48 1
34 8.73682763077 7.14451976422 0.0 0.435 0.48 1
35 7.41784278875 7.85119143117 0.0 0.435 0.48 1
36 10.768447334 6.5800893379 0.0 0.435 0.48 1
37 15.1621169625 8.29390535964 0.0 0.435 0.48 1
38 0.520901146323 8.53017856136 0.0 0.435 0.48 1
39 0.379468592655 7.56336771272 0.0 0.435 0.48 1
40 0.0715581372727 8.19486154276 0.0 0.435 0.48 1
