69 5.60489633444 6.23331664892 0.0 0.435 0.48 1
70 6.61702304663 4.58942794849 0.0 0.435 0.48 1
71 5.54743935951 5.68535374877 0.0 0.435 0.48 1
106 3.55980686421 7.831144008 0.0 0.435 0.48 1
108 15.0225785949 4.86627331616 0.0 0.435 0.48 1
109 0.637709282165 5.10015991988 0.0 0.435 0.48 1
110 0.251505806003 4.86484135736 0.0 0.435 0.48 1
111 6.75487769343 4.15268051501 0.0 0.435 0.48 1
112 6.18472771146 4.27344237367 0.0 0.435 0.48 1
113 1.72434064316 7.17673883718 0.0 0.435 0.48 1
114 6.03340329764 3.51617482918 0.0 0.435 0.48 1
115 1.73549529397 8.15476669641 0.0 0.435 0.48 1
116 1.05232554813 4.39134031473 0.0 0.435 0.48 1
