69 6.02708934435 4.996342907 0.0 0.435 0.48 1
70 6.53346839811 5.01185579398 0.0 0.435 0.48 1
111 6.89083815425 4.22427845493 0.0 0.435 0.48 1
112 6.09485910965 4.31711711702 0.0 0.435 0.48 1
130 8.23086950724 7.4920084326 0.0 0.435 0.48 1
131 8.52383693983 6.92113419169 0.0 0.435 0.48 1
133 14.7125634884 5.30683930643 0.0 0.435 0.48 1
134 14.3541414067 5.7464506575 0.0 0.435 0.48 1
135 10.8233787276 5.58463931329 0.0 0.435 0.48 1
136 7.02595675463 7.85978318396 0.0 0.435 0.48 1
137 3.19486036412 5.35433260657 0.0 0.435 0.48 1
138 2.9736615339 5.90515942431 0.0 0.435 0.48 1
139 13.7286391009 10.5380234563 0.0 0.435 0.48 1
140 13.9130065369 11.7726106003 0.0 0.435 0.48 1
