69 6.04413701823 5.1662686844 0.0 0.435 0.48 1
70 6.46864514434 5.01185579398 0.0 0.435 0.48 1
111 6.85653234138 4.22427845493 0.0 0.435 0.48 1
112 6.0260370188 4.34360835478 0.0 0.435 0.48 1
160 0.305174408957 8.70440021515 0.0 0.435 0.48 1
161 2.70616037957 7.85954452416 0.0 0.435 0.48 1
162 9.27540784631 4.92999548268 0.0 0.435 0.48 1
163 9.02895320294 5.75504241029 0.0 0.435 0.48 1
164 10.4897915288 7.21325378654 0.0 0.435 0.48 1
165 11.2447298771 5.76578210128 0.0 0.435 0.48 1
166 13.2702460921 11.9554240068 0.0 0.435 0.48 1
167 14.095479787 10.9800214054 0.0 0.435 0.48 1
168 13.9264763039 7.61133833246 0.0 0.435 0.48 1
169 12.9772786595 5.11686610586 0.0 0.435 0.48 1
170 1.36191972439 5.94955014706 0.0 0.435 0.48 1
171 15.0743530118 7.56456101172 0.0 0.435 0.48 1
