69 5.69539633158 6.24119242231 0.0 0.435 0.48 1
70 6.39077305378 6.09560994448 0.0 0.435 0.48 1
71 5.6958172618 5.59728828268 0.0 0.435 0.48 1
76 0.547209285026 3.29231193705 0.0 0.435 0.48 1
77 0.0294651153476 3.59898977968 0.0 0.435 0.48 1
88 0.957616248796 5.67604601658 0.0 0.435 0.48 1
98 7.66282417636 7.80322081143 0.0 0.435 0.48 1
99 7.76489975452 6.85669604577 0.0 0.435 0.48 1
100 2.88337200187 4.60613413447 0.0 0.435 0.48 1
101 4.33558125829 7.03258831816 0.0 0.435 0.48 1
102 2.50453480454 4.30160423004 0.0 0.435 0.48 1
