69 6.06034283167 5.163166107 0.0 0.435 0.48 1
70 6.48590328333 5.01185579398 0.0 0.435 0.48 1
111 6.86558234109 4.22427845493 0.0 0.435 0.48 1
112 6.03866492538 4.34360835478 0.0 0.435 0.48 1
152 1.3469767016 6.30061871244 0.0 0.435 0.48 1
153 2.45781155021 7.25597389069 0.0 0.435 0.48 1
156 10.8458984943 6.90514398511 0.0 0.435 0.48 1
157 10.8599996567 5.87795220714 0.0 0.435 0.48 1
158 10.7583450087 6.17985685378 0.0 0.435 0.48 1
159 8.04018811791 5.97198416823 0.0 0.435 0.48 1
160 11.7972007898 5.22044445893 0.0 0.435 0.48 1
