69 5.65414517009 6.23761252531 0.0 0.435 0.48 1
70 6.42444747132 6.07269860371 0.0 0.435 0.48 1
71 5.64046493796 5.64430426322 0.0 0.435 0.48 1
100 12.8916193599 5.44669394906 0.0 0.435 0.48 1
102 12.6445333212 5.12999239484 0.0 0.435 0.48 1
103 7.72596370924 7.48317802002 0.0 0.435 0.48 1
104 8.34978229417 6.86886769555 0.0 0.435 0.48 1
105 8.70273228302 7.5793579193 0.0 0.435 0.48 1
106 8.97275901867 4.06437638912 0.0 0.435 0.48 1
107 2.47233364277 5.831652206 0.0 0.435 0.48 1
108 1.53513250961 5.10803569327 0.0 0.435 0.48 1
109 13.3203367882 4.37463412875 0.0 0.435 0.48 1
110 13.3668495774 4.14408876222 0.0 0.435 0.48 1
111 -0.0966034853181 4.46508619284 0.0 0.435 0.48 1
