69 6.07486492423 5.1605408492 0.0 0.435 0.48 1
70 6.50126723633 5.01185579398 0.0 0.435 0.48 1
111 6.87379048037 4.22427845493 0.0 0.435 0.48 1
112 6.05613352947 4.33597124119 0.0 0.435 0.48 1
130 14.6159600031 6.42257387009 0.0 0.435 0.48 1
131 14.8485239492 5.54764704434 0.0 0.435 0.48 1
143 -0.0149430227834 10.0406564337 0.0 0.435 0.48 1
144 10.7560298925 5.77055529727 0.0 0.435 0.48 1
145 9.80620085278 6.31827953761 0.0 0.435 0.48 1
146 6.7912881574 8.00966153818 0.0 0.435 0.48 1
147 13.836397237 5.40134858711 0.0 0.435 0.48 1
148 5.78673818915 7.26241770528 0.0 0.435 0.48 1
150 6.17567771174 6.44262129326 0.0 0.435 0.48 1
151 6.37014747304 5.91876303289 0.0 0.435 0.48 1
152 10.9511310491 4.50279444119 0.0 0.435 0.48 1
153 11.1824322046 5.10421713647 0.0 0.435 0.48 1
154 3.41669058966 5.5006310638 0.0 0.435 0.48 1
155 12.6472693676 4.26150938368 0.0 0.435 0.48 1
