69 6.18914747876 5.02927795936 0.0 0.435 0.48 1
70 6.68437188171 4.87677434734 0.0 0.435 0.48 1
111 6.86705559686 4.20375371215 0.0 0.435 0.48 1
112 6.14053003843 4.29492175564 0.0 0.435 0.48 1
122 8.73872181676 6.69058882517 0.0 0.435 0.48 1
123 8.93277064784 5.88344138254 0.0 0.435 0.48 1
124 12.7752321543 13.6752065236 0.0 0.435 0.48 1
125 13.398629809 13.5508647679 0.0 0.435 0.48 1
126 13.0888251676 12.3768972131 0.0 0.435 0.48 1
127 1.36107786395 5.32211353361 0.0 0.435 0.48 1
128 1.28994065689 4.48608825521 0.0 0.435 0.48 1
