69 6.02645794902 5.16960992159 0.0 0.435 0.48 1
70 6.44970328447 5.01185579398 0.0 0.435 0.48 1
111 6.84643001612 4.22427845493 0.0 0.435 0.48 1
112 6.01214632156 4.34360835478 0.0 0.435 0.48 1
166 9.50818225755 0.858697959369 0.0 0.435 0.48 1
167 10.3795078114 0.619560840056 0.0 0.435 0.48 1
168 0.881638344221 8.54402082974 0.0 0.435 0.48 1
169 1.72370924783 8.86096104376 0.0 0.435 0.48 1
171 0.385782545944 8.12326360285 0.0 0.435 0.48 1
172 9.42883691122 6.73808212531 0.0 0.435 0.48 1
173 9.14534040856 5.86124602116 0.0 0.435 0.48 1
