21 -0.239298829644 6.75454965149 0.0 0.435 0.48 1
24 13.1669077233 5.3278413688 0.0 0.435 0.48 1
25 13.1025053997 4.89037795593 0.0 0.435 0.48 1
30 13.6069902675 4.22666505293 0.0 0.435 0.48 1
31 13.5787879428 3.84671865178 0.0 0.435 0.48 1
32 7.28040907217 5.65814653161 0.0 0.435 0.48 1
33 10.8898857022 6.26291046408 0.0 0.435 0.48 1
34 11.3947915002 6.63617439083 0.0 0.435 0.48 1
35 11.4002635931 7.15191821801 0.0 0.435 0.48 1
36 13.8237693304 6.76457336308 0.0 0.435 0.48 1
38 0.344110454238 9.51059301858 0.0 0.435 0.48 1
