69 6.09043934234 5.15743827181 0.0 0.435 0.48 1
70 6.51789397999 5.01185579398 0.0 0.435 0.48 1
111 6.88263001497 4.22427845493 0.0 0.435 0.48 1
112 6.07633818 4.32618618941 0.0 0.435 0.48 1
130 8.28053927311 7.43568471987 0.0 0.435 0.48 1
131 8.62464972734 6.9125424389 0.0 0.435 0.48 1
139 4.58603473874 7.40513626551 0.0 0.435 0.48 1
140 5.34455099383 7.77052441887 0.0 0.435 0.48 1
141 8.25128462287 5.39681405092 0.0 0.435 0.48 1
142 7.68197650133 6.12520375965 0.0 0.435 0.48 1
143 13.0016926122 7.08652543289 0.0 0.435 0.48 1
144 -0.0542999982834 4.56150475192 0.0 0.435 0.48 1
