69 5.57522075398 6.23069139112 0.0 0.435 0.48 1
70 6.63933234825 4.67128825979 0.0 0.435 0.48 1
71 5.4640951761 5.69394550156 0.0 0.435 0.48 1
106 2.3090127177 7.33711822259 0.0 0.435 0.48 1
111 6.800127692 4.165806804 0.0 0.435 0.48 1
112 6.17231026999 4.27940886866 0.0 0.435 0.48 1
115 10.0509717753 6.21398520514 0.0 0.435 0.48 1
116 12.5858135556 5.8278336492 0.0 0.435 0.48 1
117 10.111796192 7.498690907 0.0 0.435 0.48 1
118 1.68035343525 8.60106052187 0.0 0.435 0.48 1
119 1.11062438349 8.18292855278 0.0 0.435 0.48 1
