169 0.925204621914 8.73590330871 0.0 0.435 0.48 1
186 6.22534747761 8.95356104605 0.0 0.435 0.48 1
187 0.317591850425 4.27129443547 0.0 0.435 0.48 1
188 1.54965460217 4.68035733218 0.0 0.435 0.48 1
189 5.74864400431 5.81041148382 0.0 0.435 0.48 1
190 5.63920214731 6.22758881372 0.0 0.435 0.48 1
191 11.8123542777 5.36578827696 0.0 0.435 0.48 1
192 11.8325589283 5.84048261859 0.0 0.435 0.48 1
193 2.37004759949 7.45931204004 0.0 0.435 0.48 1
194 13.4108367853 4.39134031473 0.0 0.435 0.48 1
195 14.2343867593 5.4097016801 0.0 0.435 0.48 1
