169 0.883532530208 8.78315794905 0.0 0.435 0.48 1
186 3.31377315105 7.13903058883 0.0 0.435 0.48 1
191 0.580883702566 5.94978880686 0.0 0.435 0.48 1
192 0.72505230266 6.39393469412 0.0 0.435 0.48 1
193 14.6487925602 3.60877483147 0.0 0.435 0.48 1
194 0.76461974327 4.0810825751 0.0 0.435 0.48 1
195 1.67424994707 4.75887640629 0.0 0.435 0.48 1
196 8.46280205804 5.82019653561 0.0 0.435 0.48 1
197 1.89166040531 8.02326514677 0.0 0.435 0.48 1
198 1.31393367939 8.18937236737 0.0 0.435 0.48 1
199 1.5153487893 5.20278363375 0.0 0.435 0.48 1
200 0.515008123254 8.14140174762 0.0 0.435 0.48 1
