169 0.891109274154 8.77456619626 0.0 0.435 0.48 1
186 4.68642659603 8.20583989355 0.0 0.435 0.48 1
189 14.2695344326 4.5822681545 0.0 0.435 0.48 1
190 14.2042902486 5.31710167782 0.0 0.435 0.48 1
191 2.60913596403 6.14525118282 0.0 0.435 0.48 1
192 2.83833246841 6.60610325607 0.0 0.435 0.48 1
193 12.5820251836 3.66963308039 0.0 0.435 0.48 1
194 2.8402266544 4.3300047462 0.0 0.435 0.48 1
195 3.98768243207 4.81233620142 0.0 0.435 0.48 1
196 10.3891892064 6.01637489098 0.0 0.435 0.48 1
197 0.5116406815 8.15476669641 0.0 0.435 0.48 1
