69 5.99573004301 5.17533775679 0.0 0.435 0.48 1
70 6.41708119248 5.01185579398 0.0 0.435 0.48 1
111 6.82917187713 4.22427845493 0.0 0.435 0.48 1
112 5.98815329907 4.34360835478 0.0 0.435 0.48 1
169 0.902895320294 8.47719608582 0.0 0.435 0.48 1
177 4.14069056677 5.71423158454 0.0 0.435 0.48 1
178 4.45807195209 6.18988056537 0.0 0.435 0.48 1
179 2.70742317022 8.08627133389 0.0 0.435 0.48 1
180 3.14666385401 4.4168769133 0.0 0.435 0.48 1
181 1.44336972181 4.11879082345 0.0 0.435 0.48 1
182 1.01823020037 4.23334752732 0.0 0.435 0.48 1
