69 6.03066725121 5.16889394219 0.0 0.435 0.48 1
70 6.45433351689 5.01185579398 0.0 0.435 0.48 1
111 6.84874513232 4.22427845493 0.0 0.435 0.48 1
112 6.01551376332 4.34360835478 0.0 0.435 0.48 1
164 -0.108810461676 6.70681769155 0.0 0.435 0.48 1
166 9.97646712647 3.45221400286 0.0 0.435 0.48 1
167 10.7610810552 3.25460368869 0.0 0.435 0.48 1
168 4.06071382511 8.11180793246 0.0 0.435 0.48 1
169 2.4641255035 8.77074763947 0.0 0.435 0.48 1
170 13.8073530519 5.73642694591 0.0 0.435 0.48 1
171 3.52339640024 7.43687801887 0.0 0.435 0.48 1
172 5.14797658144 6.89249501572 0.0 0.435 0.48 1
173 5.06989402577 5.8311748864 0.0 0.435 0.48 1
