69 5.67729633215 6.23952180371 0.0 0.435 0.48 1
70 6.40571607656 6.08558623289 0.0 0.435 0.48 1
71 5.67140330908 5.61781302545 0.0 0.435 0.48 1
76 0.364736034981 2.68086553018 0.0 0.435 0.48 1
77 -0.0176790692085 3.35818204177 0.0 0.435 0.48 1
98 2.37131039015 7.3268558512 0.0 0.435 0.48 1
99 2.57546154649 6.69464604176 0.0 0.435 0.48 1
100 7.36038581382 4.59372382488 0.0 0.435 0.48 1
101 11.6100973074 6.38534294133 0.0 0.435 0.48 1
102 7.10698582183 4.3347779422 0.0 0.435 0.48 1
103 12.1051112452 7.39224863632 0.0 0.435 0.48 1
104 13.014741449 7.17960275478 0.0 0.435 0.48 1
105 13.2283635353 7.84808885378 0.0 0.435 0.48 1
