69 5.57858819573 6.23093005092 0.0 0.435 0.48 1
70 6.63680676693 4.6622191874 0.0 0.435 0.48 1
71 5.47335564092 5.69299086236 0.0 0.435 0.48 1
106 3.00670455611 7.4134893585 0.0 0.435 0.48 1
111 6.79739164558 4.1641361854 0.0 0.435 0.48 1
112 6.17357306065 4.27893154906 0.0 0.435 0.48 1
115 8.99738343649 6.37221665235 0.0 0.435 0.48 1
116 11.3000822009 5.87317901115 0.0 0.435 0.48 1
117 11.4602461493 7.35955224376 0.0 0.435 0.48 1
118 1.06684764069 8.66883990499 0.0 0.435 0.48 1
119 0.377574406668 8.32158989641 0.0 0.435 0.48 1
