69 6.10243585359 5.15529033361 0.0 0.435 0.48 1
70 6.53052188657 5.01185579398 0.0 0.435 0.48 1
111 6.88936489848 4.22427845493 0.0 0.435 0.48 1
112 6.09149166789 4.31878773561 0.0 0.435 0.48 1
130 8.23991950695 7.48174606122 0.0 0.435 0.48 1
131 8.61812530895 6.89440429412 0.0 0.435 0.48 1
135 13.511860038 5.60253879827 0.0 0.435 0.48 1
136 4.7621940355 7.35501770757 0.0 0.435 0.48 1
137 5.89849516237 5.84095993819 0.0 0.435 0.48 1
138 5.57921959106 6.20515479255 0.0 0.435 0.48 1
139 12.9619147065 8.60487907867 0.0 0.435 0.48 1
140 13.1864809785 9.9117801419 0.0 0.435 0.48 1
