44 2.88589758319 8.86645021915 0.0 0.435 0.48 1
69 5.78105563119 6.2485908761 0.0 0.435 0.48 1
70 6.32047770716 6.14334190442 0.0 0.435 0.48 1
71 5.81914981604 5.56984240571 0.0 0.435 0.48 1
76 1.75464761895 3.86748205436 0.0 0.435 0.48 1
77 1.38591274688 5.58463931329 0.0 0.435 0.48 1
78 1.32087902801 6.61350170986 0.0 0.435 0.48 1
86 11.4337275455 5.07557796051 0.0 0.435 0.48 1
87 11.3903717329 6.03331973676 0.0 0.435 0.48 1
88 1.8520929647 7.89963937052 0.0 0.435 0.48 1
89 0.617925561861 4.92784754448 0.0 0.435 0.48 1
90 0.250663945564 4.19015010357 0.0 0.435 0.48 1
