20 8.71809623602 7.82064297681 0.0 0.435 0.48 1
21 8.80417646586 6.99177749241 0.0 0.435 0.48 1
23 9.30950319407 5.81136612302 0.0 0.435 0.48 1
24 7.13729279762 6.9151676967 0.0 0.435 0.48 1
25 6.95608233823 6.48605737681 0.0 0.435 0.48 1
26 3.86224522674 3.68299802918 0.0 0.435 0.48 1
27 11.4040519651 4.828326408 0.0 0.435 0.48 1
28 11.0540484878 5.61781302545 0.0 0.435 0.48 1
29 4.74956612892 4.30375216823 0.0 0.435 0.48 1
30 3.75680220682 5.57031972531 0.0 0.435 0.48 1
31 3.5989533746 4.90445888411 0.0 0.435 0.48 1
