69 5.67561261127 6.20372283375 0.0 0.435 0.48 1
70 6.65911606855 4.7443181585 0.0 0.435 0.48 1
71 5.39001145751 5.70158261515 0.0 0.435 0.48 1
111 6.82348931917 4.17893309298 0.0 0.435 0.48 1
112 6.16115561918 4.28489804406 0.0 0.435 0.48 1
117 0.604455794845 9.4098785831 0.0 0.435 0.48 1
118 8.0397671877 7.8301893688 0.0 0.435 0.48 1
119 7.8781299835 7.53783111415 0.0 0.435 0.48 1
120 10.0665461934 5.07414600171 0.0 0.435 0.48 1
121 10.7701310549 5.57151302431 0.0 0.435 0.48 1
122 0.160795343754 8.69795640056 0.0 0.435 0.48 1
