69 6.03235097209 5.16841662259 0.0 0.435 0.48 1
70 6.45601723776 5.01185579398 0.0 0.435 0.48 1
111 6.84979745787 4.22427845493 0.0 0.435 0.48 1
112 6.01677655397 4.34360835478 0.0 0.435 0.48 1
164 1.18975926471 7.17960275478 0.0 0.435 0.48 1
165 -0.0420930219251 9.26000022888 0.0 0.435 0.48 1
166 10.0703345654 3.68466864778 0.0 0.435 0.48 1
167 11.296504294 3.43264389928 0.0 0.435 0.48 1
168 5.25552425246 8.08483937509 0.0 0.435 0.48 1
169 3.38049059081 8.66645330699 0.0 0.435 0.48 1
170 12.1177391518 5.82138983461 0.0 0.435 0.48 1
171 4.66559055018 7.40752286351 0.0 0.435 0.48 1
172 3.71681383599 6.71755738253 0.0 0.435 0.48 1
173 3.61726383913 5.666022305 0.0 0.435 0.48 1
