69 6.10075213272 5.15552899341 0.0 0.435 0.48 1
70 6.52883816569 5.01185579398 0.0 0.435 0.48 1
111 6.88831257293 4.22427845493 0.0 0.435 0.48 1
112 6.0893870168 4.31974237481 0.0 0.435 0.48 1
130 8.24560206491 7.47530224662 0.0 0.435 0.48 1
131 8.67452995833 6.87841408754 0.0 0.435 0.48 1
135 14.9851158053 5.30421404863 0.0 0.435 0.48 1
136 3.31356268594 6.92900996508 0.0 0.435 0.48 1
137 7.46309278732 5.77938570986 0.0 0.435 0.48 1
138 7.20316837693 6.19011922517 0.0 0.435 0.48 1
139 12.2111856605 7.73735070671 0.0 0.435 0.48 1
140 12.8505786635 8.77504351586 0.0 0.435 0.48 1
