44 2.53484178033 8.73805124691 0.0 0.435 0.48 1
69 5.80841609545 6.26983159827 0.0 0.435 0.48 1
70 6.27459631327 6.17460633819 0.0 0.435 0.48 1
71 5.9079660923 5.62592745865 0.0 0.435 0.48 1
73 13.0871414467 4.69038104377 0.0 0.435 0.48 1
74 13.2340460933 4.11163102946 0.0 0.435 0.48 1
75 8.00819742125 4.92832486408 0.0 0.435 0.48 1
76 12.3481984468 5.33905837939 0.0 0.435 0.48 1
77 12.914770522 6.21303056594 0.0 0.435 0.48 1
78 13.389158879 5.65862385121 0.0 0.435 0.48 1
79 15.2212576583 5.44359137166 0.0 0.435 0.48 1
