169 0.923310435927 8.73805124691 0.0 0.435 0.48 1
186 6.22408468696 8.94735589126 0.0 0.435 0.48 1
187 -0.136170925928 4.23835938311 0.0 0.435 0.48 1
188 1.1786046139 4.63000011444 0.0 0.435 0.48 1
189 6.19798701336 5.68129653218 0.0 0.435 0.48 1
190 6.10959166732 6.1643439668 0.0 0.435 0.48 1
191 11.2335752263 5.43213570128 0.0 0.435 0.48 1
192 11.2874542943 5.94453829126 0.0 0.435 0.48 1
193 2.93914525592 7.23234657052 0.0 0.435 0.48 1
194 12.8238495946 4.31902639541 0.0 0.435 0.48 1
195 13.6381391037 5.36984549355 0.0 0.435 0.48 1
