69 5.80820563034 6.17556097739 0.0 0.435 0.48 1
70 6.66521955673 4.76699083948 0.0 0.435 0.48 1
71 5.36686029545 5.70396921315 0.0 0.435 0.48 1
111 6.8306451329 4.18322896938 0.0 0.435 0.48 1
112 6.15778817742 4.28656866265 0.0 0.435 0.48 1
118 10.0751752629 7.27458935507 0.0 0.435 0.48 1
119 9.96931131274 6.90060944891 0.0 0.435 0.48 1
120 7.91622416834 5.96935891043 0.0 0.435 0.48 1
121 8.57645321724 6.12759035764 0.0 0.435 0.48 1
122 1.13798484775 7.81825637881 0.0 0.435 0.48 1
123 1.0516941528 7.03640687495 0.0 0.435 0.48 1
