69 6.09633236541 5.15648363261 0.0 0.435 0.48 1
70 6.52420793328 5.01185579398 0.0 0.435 0.48 1
111 6.88599745673 4.22427845493 0.0 0.435 0.48 1
112 6.08391492395 4.32236763261 0.0 0.435 0.48 1
130 8.26033462258 7.45859606064 0.0 0.435 0.48 1
131 8.80459739607 6.96719553303 0.0 0.435 0.48 1
137 12.0301856662 4.35315474677 0.0 0.435 0.48 1
138 11.6961775372 5.2452650781 0.0 0.435 0.48 1
139 9.15817878025 6.22400891673 0.0 0.435 0.48 1
140 10.3361519988 7.31277492302 0.0 0.435 0.48 1
141 1.54881274173 5.07080476451 0.0 0.435 0.48 1
142 0.525531378735 5.59704962288 0.0 0.435 0.48 1
