69 5.64762075169 6.23689654591 0.0 0.435 0.48 1
70 6.42991956417 6.06888004691 0.0 0.435 0.48 1
71 5.63162540336 5.65194137681 0.0 0.435 0.48 1
100 14.33162164 5.30874858483 0.0 0.435 0.48 1
102 14.038022812 4.94025785407 0.0 0.435 0.48 1
103 6.26723003443 7.67553781858 0.0 0.435 0.48 1
104 6.78897304119 7.20585533275 0.0 0.435 0.48 1
105 7.33470907045 7.71873524233 0.0 0.435 0.48 1
106 7.55969627264 4.35673464377 0.0 0.435 0.48 1
107 4.16447312416 6.34238417738 0.0 0.435 0.48 1
108 3.27631036154 5.62712075764 0.0 0.435 0.48 1
109 11.4869752183 4.62737485664 0.0 0.435 0.48 1
110 11.4484601032 4.4171155731 0.0 0.435 0.48 1
111 2.01562435488 4.39682949012 0.0 0.435 0.48 1
112 1.35939414307 5.10803569327 0.0 0.435 0.48 1
113 14.7085646513 9.33398476679 0.0 0.435 0.48 1
