69 5.64425330994 6.23665788611 0.0 0.435 0.48 1
70 6.43265561059 6.06720942832 0.0 0.435 0.48 1
71 5.62720563606 5.65552127381 0.0 0.435 0.48 1
100 15.0280506877 5.19586249956 0.0 0.435 0.48 1
102 14.7441332548 4.80159651043 0.0 0.435 0.48 1
103 5.52618238344 7.73782802631 0.0 0.435 0.48 1
104 6.07254980803 7.24093832331 0.0 0.435 0.48 1
105 6.6338602554 7.78030947066 0.0 0.435 0.48 1
106 6.84011606283 4.51067021458 0.0 0.435 0.48 1
107 5.00001960937 6.61612696766 0.0 0.435 0.48 1
108 3.97779057192 5.9982367462 0.0 0.435 0.48 1
109 10.7187775681 4.86531867696 0.0 0.435 0.48 1
110 10.5638752474 4.59014392789 0.0 0.435 0.48 1
111 3.00691502122 4.22738103232 0.0 0.435 0.48 1
112 2.26376271913 4.84479393418 0.0 0.435 0.48 1
113 13.8389228183 8.75690537109 0.0 0.435 0.48 1
