69 6.09528003986 5.15648363261 0.0 0.435 0.48 1
70 6.52315560773 5.01185579398 0.0 0.435 0.48 1
111 6.8853660614 4.22427845493 0.0 0.435 0.48 1
112 6.08244166818 4.32308361201 0.0 0.435 0.48 1
130 8.26391252945 7.45453884405 0.0 0.435 0.48 1
131 8.82648576748 7.05764759713 0.0 0.435 0.48 1
137 13.2376240001 4.23835938311 0.0 0.435 0.48 1
138 12.8223763388 5.02593672217 0.0 0.435 0.48 1
139 8.30537415604 6.2447723193 0.0 0.435 0.48 1
140 9.53406946604 7.66837802459 0.0 0.435 0.48 1
141 2.76509061026 5.23882126351 0.0 0.435 0.48 1
142 1.85609180179 5.79704653504 0.0 0.435 0.48 1
