69 5.60152889268 6.23307798912 0.0 0.435 0.48 1
70 6.61954862794 4.59849702088 0.0 0.435 0.48 1
71 5.53817889469 5.68630838797 0.0 0.435 0.48 1
106 3.55391384114 7.77720689326 0.0 0.435 0.48 1
109 -0.185840691799 5.0793965173 0.0 0.435 0.48 1
111 6.77697652994 4.15268051501 0.0 0.435 0.48 1
112 6.18325445569 4.27415835307 0.0 0.435 0.48 1
113 0.573727888839 7.01970068897 0.0 0.435 0.48 1
114 7.58621487645 3.330497505 0.0 0.435 0.48 1
115 2.47128131722 7.72183781973 0.0 0.435 0.48 1
116 2.33995108882 4.38537381973 0.0 0.435 0.48 1
