44 2.40330108681 7.54403626894 0.0 0.435 0.48 1
69 5.7200207494 6.2433403605 0.0 0.435 0.48 1
70 6.37056840326 6.10945221286 0.0 0.435 0.48 1
71 5.72907074912 5.56888776651 0.0 0.435 0.48 1
76 0.547209285026 3.40209544492 0.0 0.435 0.48 1
77 0.0610348817914 3.76008514449 0.0 0.435 0.48 1
88 4.90825682158 5.27891610986 0.0 0.435 0.48 1
93 14.5839693064 5.78678416365 0.0 0.435 0.48 1
94 14.6643669783 5.04001765035 0.0 0.435 0.48 1
96 0.599194167104 6.73903676451 0.0 0.435 0.48 1
97 1.89292319597 5.14813053962 0.0 0.435 0.48 1
98 13.8597588642 9.6599940532 0.0 0.435 0.48 1
99 14.5907041899 8.82110485721 0.0 0.435 0.48 1
