69 5.99467771746 5.17557641659 0.0 0.435 0.48 1
70 6.41581840182 5.01185579398 0.0 0.435 0.48 1
111 6.8285404818 4.22427845493 0.0 0.435 0.48 1
112 5.98731143863 4.34360835478 0.0 0.435 0.48 1
169 0.910892994459 8.48936773561 0.0 0.435 0.48 1
177 4.07860335943 5.72115271873 0.0 0.435 0.48 1
178 4.4627021845 6.17937953418 0.0 0.435 0.48 1
179 3.20601501493 7.69677854076 0.0 0.435 0.48 1
180 4.04745452321 4.69419960056 0.0 0.435 0.48 1
181 2.34352899568 4.17869443318 0.0 0.435 0.48 1
182 1.88766156823 4.21520938254 0.0 0.435 0.48 1
