69 5.63772889154 6.23618056651 0.0 0.435 0.48 1
70 6.43812770344 6.06339087152 0.0 0.435 0.48 1
71 5.61836610145 5.6631583874 0.0 0.435 0.48 1
103 4.04008824437 7.75644349069 0.0 0.435 0.48 1
104 4.7009486886 7.2430862615 0.0 0.435 0.48 1
105 5.10672541995 7.84331565778 0.0 0.435 0.48 1
106 5.38790680641 4.55840217453 0.0 0.435 0.48 1
107 6.78581606455 6.79106460085 0.0 0.435 0.48 1
108 5.27446611233 6.61779758625 0.0 0.435 0.48 1
109 9.02642762162 4.9156758947 0.0 0.435 0.48 1
110 8.78502414088 4.57319908211 0.0 0.435 0.48 1
111 4.37977893131 3.96652587124 0.0 0.435 0.48 1
112 3.77784871778 4.3343006226 0.0 0.435 0.48 1
113 12.204450777 7.71181410814 0.0 0.435 0.48 1
