69 5.98815329907 5.17676971558 0.0 0.435 0.48 1
70 6.40887305321 5.01185579398 0.0 0.435 0.48 1
111 6.82475210983 4.22427845493 0.0 0.435 0.48 1
112 5.982260276 4.34360835478 0.0 0.435 0.48 1
169 0.958458109235 8.56096567552 0.0 0.435 0.48 1
177 4.27496730671 5.55432951873 0.0 0.435 0.48 1
178 4.49027311386 6.11661200686 0.0 0.435 0.48 1
179 3.41037663637 7.23234657052 0.0 0.435 0.48 1
180 8.94476715908 5.60850529327 0.0 0.435 0.48 1
181 7.26104628208 5.73738158511 0.0 0.435 0.48 1
182 6.64543583643 5.78750014305 0.0 0.435 0.48 1
183 11.7711031162 6.47388572703 0.0 0.435 0.48 1
184 11.6955461419 7.15191821801 0.0 0.435 0.48 1
