69 6.01025213558 4.9130506369 0.0 0.435 0.48 1
70 6.53978235139 5.01185579398 0.0 0.435 0.48 1
111 6.894205596 4.22427845493 0.0 0.435 0.48 1
112 6.10243585359 4.31329856022 0.0 0.435 0.48 1
130 8.2104543916 7.51515843318 0.0 0.435 0.48 1
131 8.44133461686 6.86504913876 0.0 0.435 0.48 1
132 4.07249987125 5.6641130266 0.0 0.435 0.48 1
133 8.36956601448 5.95050478626 0.0 0.435 0.48 1
134 8.11342997606 6.4139821173 0.0 0.435 0.48 1
135 4.95603240146 6.34835067238 0.0 0.435 0.48 1
136 12.0857484551 7.04953316394 0.0 0.435 0.48 1
