69 5.97741957847 5.17891765378 0.0 0.435 0.48 1
70 6.16662771203 4.86317073876 0.0 0.435 0.48 1
111 7.19517070277 4.22427845493 0.0 0.435 0.48 1
112 6.43602305235 4.40088670672 0.0 0.435 0.48 1
169 0.997183689406 8.65428165721 0.0 0.435 0.48 1
177 4.06555452264 5.42545322689 0.0 0.435 0.48 1
178 4.18678242578 6.02544396337 0.0 0.435 0.48 1
182 15.1722192878 5.91876303289 0.0 0.435 0.48 1
183 3.49287895935 7.11206203146 0.0 0.435 0.48 1
184 3.76185336945 7.61157699226 0.0 0.435 0.48 1
185 10.1246345636 7.15693007381 0.0 0.435 0.48 1
186 14.1594611803 8.64855382202 0.0 0.435 0.48 1
