69 6.10180445826 5.15529033361 0.0 0.435 0.48 1
70 6.52989049124 5.01185579398 0.0 0.435 0.48 1
111 6.88894396826 4.22427845493 0.0 0.435 0.48 1
112 6.09086027256 4.31902639541 0.0 0.435 0.48 1
130 8.24181369294 7.47959812302 0.0 0.435 0.48 1
131 8.6368567037 6.88915377853 0.0 0.435 0.48 1
135 14.0028751387 5.50301766179 0.0 0.435 0.48 1
136 4.27917660891 7.20871925034 0.0 0.435 0.48 1
137 6.44844049382 5.93332128068 0.0 0.435 0.48 1
138 6.08307306351 6.28462850585 0.0 0.435 0.48 1
139 12.7163019236 8.31013422602 0.0 0.435 0.48 1
140 13.0498891223 9.54138013274 0.0 0.435 0.48 1
