69 0.0631395328877 4.72546403433 0.0 0.435 0.48 1
70 -0.18563022669 3.8316830844 0.0 0.435 0.48 1
111 15.558422764 5.60134549927 0.0 0.435 0.48 1
112 15.2079983564 6.12090788325 0.0 0.435 0.48 1
169 0.96687671362 8.68864866837 0.0 0.435 0.48 1
177 0.734523232593 5.22593363433 0.0 0.435 0.48 1
178 0.788823230876 5.56268261172 0.0 0.435 0.48 1
185 1.89881621904 6.55837129613 0.0 0.435 0.48 1
186 9.09272413115 8.1583465934 0.0 0.435 0.48 1
187 9.91774736088 4.34814289098 0.0 0.435 0.48 1
188 10.6943636154 4.75219393189 0.0 0.435 0.48 1
