69 5.4291579679 5.25266353189 0.0 0.435 0.48 1
70 5.7221254005 4.59229186609 0.0 0.435 0.48 1
111 8.0113543979 4.45768773905 0.0 0.435 0.48 1
112 6.87757885234 4.97748878282 0.0 0.435 0.48 1
169 0.993395317432 8.6585775336 0.0 0.435 0.48 1
177 4.01756847764 5.42115735049 0.0 0.435 0.48 1
178 4.16447312416 6.01255633418 0.0 0.435 0.48 1
183 2.75330456412 7.11898316565 0.0 0.435 0.48 1
184 3.02312083466 7.60322389927 0.0 0.435 0.48 1
185 9.08451599188 7.10967543346 0.0 0.435 0.48 1
186 13.5297495723 8.38674402173 0.0 0.435 0.48 1
