69 5.99867655455 6.10754293447 0.0 0.435 0.48 1
70 6.67132304491 4.78990218025 0.0 0.435 0.48 1
71 6.20872073395 5.667215604 0.0 0.435 0.48 1
111 6.83801141173 4.18728618597 0.0 0.435 0.48 1
112 6.15421027056 4.28823928125 0.0 0.435 0.48 1
118 12.244860078 6.69512336136 0.0 0.435 0.48 1
119 12.0632286884 6.11899860485 0.0 0.435 0.48 1
120 6.03782306494 6.82280635421 0.0 0.435 0.48 1
121 6.50863351517 6.94810274906 0.0 0.435 0.48 1
122 2.35321039072 7.29415945864 0.0 0.435 0.48 1
123 2.59777084811 6.46171407724 0.0 0.435 0.48 1
