69 6.02856260011 5.16913260199 0.0 0.435 0.48 1
70 6.45201840068 5.01185579398 0.0 0.435 0.48 1
111 6.84769280678 4.22427845493 0.0 0.435 0.48 1
112 6.01383004244 4.34360835478 0.0 0.435 0.48 1
166 9.80136015526 2.67394439599 0.0 0.435 0.48 1
167 10.4982101332 2.72072171673 0.0 0.435 0.48 1
168 2.38730573848 8.1621651502 0.0 0.435 0.48 1
169 1.85714412734 8.81561568182 0.0 0.435 0.48 1
171 1.99836621589 7.51444245378 0.0 0.435 0.48 1
172 7.2614672123 6.9106331605 0.0 0.435 0.48 1
173 7.08088814824 6.03809293275 0.0 0.435 0.48 1
