69 6.08791376103 5.15791559141 0.0 0.435 0.48 1
70 6.51515793357 5.01185579398 0.0 0.435 0.48 1
111 6.88115675921 4.22427845493 0.0 0.435 0.48 1
112 6.07276027313 4.327856808 0.0 0.435 0.48 1
130 8.28979973793 7.42518368868 0.0 0.435 0.48 1
131 9.0281113425 6.62567335964 0.0 0.435 0.48 1
139 2.4466568994 7.5774486409 0.0 0.435 0.48 1
140 2.99912781216 8.01896927037 0.0 0.435 0.48 1
141 11.3552240596 4.84336197538 0.0 0.435 0.48 1
142 10.9862787225 5.82329911301 0.0 0.435 0.48 1
143 10.5417764109 7.13210945464 0.0 0.435 0.48 1
144 2.23093016203 4.92832486408 0.0 0.435 0.48 1
145 1.98005575136 5.89489705292 0.0 0.435 0.48 1
146 13.490813527 7.58938163089 0.0 0.435 0.48 1
147 1.40359181609 4.26103206408 0.0 0.435 0.48 1
148 14.6525809321 7.56790224891 0.0 0.435 0.48 1
