69 5.97847190402 5.17867899398 0.0 0.435 0.48 1
70 6.39856026284 5.01185579398 0.0 0.435 0.48 1
111 6.81928001698 4.22427845493 0.0 0.435 0.48 1
112 6.26281026713 4.34360835478 0.0 0.435 0.48 1
169 1.00097206138 8.64998578081 0.0 0.435 0.48 1
177 4.09607196353 5.43547693847 0.0 0.435 0.48 1
178 4.20930219251 6.03809293275 0.0 0.435 0.48 1
181 15.1320204519 6.05837901573 0.0 0.435 0.48 1
182 14.3770821036 5.91876303289 0.0 0.435 0.48 1
183 4.24697544713 7.11206203146 0.0 0.435 0.48 1
184 4.49343009051 7.5774486409 0.0 0.435 0.48 1
185 11.1529670893 7.20943522974 0.0 0.435 0.48 1
186 14.6883600008 8.86907547695 0.0 0.435 0.48 1
