69 6.10811841155 5.96530169384 0.0 0.435 0.48 1
70 6.67637420754 4.80804032503 0.0 0.435 0.48 1
71 7.00406838323 5.94095839427 0.0 0.435 0.48 1
111 6.84369396969 4.19062742317 0.0 0.435 0.48 1
112 6.15147422413 4.28967124005 0.0 0.435 0.48 1
118 14.0285518821 5.96577901344 0.0 0.435 0.48 1
119 13.9637286283 5.43499961887 0.0 0.435 0.48 1
120 4.52331613607 7.07029656651 0.0 0.435 0.48 1
121 4.70052775838 7.45931204004 0.0 0.435 0.48 1
122 3.22011617727 6.65073263861 0.0 0.435 0.48 1
123 3.85024871549 6.22305427753 0.0 0.435 0.48 1
124 15.2587204479 9.80891776822 0.0 0.435 0.48 1
