44 2.94903711607 8.56144299512 0.0 0.435 0.48 1
69 5.73812074883 6.2447723193 0.0 0.435 0.48 1
70 6.35562538047 6.11947592445 0.0 0.435 0.48 1
71 5.75348470183 5.54812436394 0.0 0.435 0.48 1
76 0.547209285026 3.48276245722 0.0 0.435 0.48 1
77 0.104180229265 3.84504803318 0.0 0.435 0.48 1
88 5.01664635303 5.19729445836 0.0 0.435 0.48 1
89 11.1125577882 5.25886868669 0.0 0.435 0.48 1
90 11.0704647663 4.43310577968 0.0 0.435 0.48 1
91 2.95219409272 7.42375172989 0.0 0.435 0.48 1
92 3.40743012484 7.71873524233 0.0 0.435 0.48 1
93 9.37937761046 5.50612023919 0.0 0.435 0.48 1
94 9.49050318834 4.77773053046 0.0 0.435 0.48 1
