44 2.48853945621 8.72229970013 0.0 0.435 0.48 1
69 5.82335911823 6.25813726809 0.0 0.435 0.48 1
70 6.27859515035 6.17198108039 0.0 0.435 0.48 1
71 5.90017888324 5.62091560285 0.0 0.435 0.48 1
73 14.7089855815 4.6622191874 0.0 0.435 0.48 1
74 14.8973518546 4.08537845149 0.0 0.435 0.48 1
75 6.18051840926 4.78894754105 0.0 0.435 0.48 1
76 10.7810752406 5.26244858368 0.0 0.435 0.48 1
77 11.3522775481 6.41851665349 0.0 0.435 0.48 1
78 11.6469287016 5.85026767038 0.0 0.435 0.48 1
79 13.5375367813 5.36578827696 0.0 0.435 0.48 1
80 0.916786017529 4.55744753533 0.0 0.435 0.48 1
81 0.801240672344 3.90280370471 0.0 0.435 0.48 1
