41 13.8138774703 11.4590116234 0.0 0.435 0.48 1
43 2.59903363877 3.57703307811 0.0 0.435 0.48 1
44 1.89208133553 3.54600730414 0.0 0.435 0.48 1
45 2.109912724 5.61638106666 0.0 0.435 0.48 1
46 1.97710923982 6.40419706551 0.0 0.435 0.48 1
47 5.82188586246 6.498945006 0.0 0.435 0.48 1
48 8.88246948664 6.22066767953 0.0 0.435 0.48 1
49 8.33336601562 5.28154136766 0.0 0.435 0.48 1
50 13.3996821345 5.84000529899 0.0 0.435 0.48 1
51 13.4461949238 5.40779240171 0.0 0.435 0.48 1
52 14.4012855912 4.05721659513 0.0 0.435 0.48 1
