69 4.86174403235 5.10731971387 0.0 0.435 0.48 1
70 4.83185798678 4.31687845722 0.0 0.435 0.48 1
111 9.0260066914 4.61186196966 0.0 0.435 0.48 1
112 7.93453463288 5.4989604452 0.0 0.435 0.48 1
169 0.989606945459 8.66287341 0.0 0.435 0.48 1
177 3.90054987669 5.43881817567 0.0 0.435 0.48 1
178 4.14195335743 5.9999073648 0.0 0.435 0.48 1
183 2.01878133153 7.12852955764 0.0 0.435 0.48 1
184 2.28417783477 7.59248420828 0.0 0.435 0.48 1
185 7.99451718913 7.09726512388 0.0 0.435 0.48 1
186 12.88214843 8.11753576765 0.0 0.435 0.48 1
187 14.9613332479 4.94765630786 0.0 0.435 0.48 1
