69 6.08454631927 5.15863157081 0.0 0.435 0.48 1
70 6.5115800267 5.01185579398 0.0 0.435 0.48 1
111 6.87926257322 4.22427845493 0.0 0.435 0.48 1
112 6.06876143605 4.3297660864 0.0 0.435 0.48 1
130 9.06010203916 7.04141873075 0.0 0.435 0.48 1
131 9.49597528119 6.42328984949 0.0 0.435 0.48 1
139 1.08747322144 7.93138112388 0.0 0.435 0.48 1
140 0.968139504277 8.35643422717 0.0 0.435 0.48 1
141 15.26292975 4.69992743576 0.0 0.435 0.48 1
142 14.7094065117 5.6645903462 0.0 0.435 0.48 1
143 7.66787533899 8.03639143575 0.0 0.435 0.48 1
144 4.80260333654 5.82186715421 0.0 0.435 0.48 1
145 4.63465217906 6.51970840857 0.0 0.435 0.48 1
146 11.786046139 7.20585533275 0.0 0.435 0.48 1
147 4.47469869575 5.04813208354 0.0 0.435 0.48 1
148 12.0545996189 6.78772336365 0.0 0.435 0.48 1
149 0.178895343182 8.79461361944 0.0 0.435 0.48 1
