69 5.98499632242 5.17748569498 0.0 0.435 0.48 1
70 6.40550561145 5.01185579398 0.0 0.435 0.48 1
111 6.82306838895 4.22427845493 0.0 0.435 0.48 1
112 5.97973469468 4.34360835478 0.0 0.435 0.48 1
169 0.982030201513 8.59700330528 0.0 0.435 0.48 1
177 4.28022893445 5.4951418884 0.0 0.435 0.48 1
178 4.49932311357 6.08582489269 0.0 0.435 0.48 1
179 2.24397899883 6.10372437767 0.0 0.435 0.48 1
180 11.7723659069 6.0834382947 0.0 0.435 0.48 1
181 9.83903340988 5.5834460143 0.0 0.435 0.48 1
182 9.41578807443 5.65289601601 0.0 0.435 0.48 1
183 9.22005552248 6.73474088811 0.0 0.435 0.48 1
184 9.06599506223 7.30298987123 0.0 0.435 0.48 1
