7 10.5964973394 0.9162149711 0.0 0.435 0.48 1
8 12.5837089045 5.18130425178 0.0 0.435 0.48 1
9 12.605807741 4.48680423461 0.0 0.435 0.48 1
10 9.43515086451 6.25813726809 0.0 0.435 0.48 1
11 10.6074415251 5.90086354792 0.0 0.435 0.48 1
12 9.53806830312 4.34098309699 0.0 0.435 0.48 1
13 10.1067450293 4.87438774935 0.0 0.435 0.48 1
14 7.77058231248 7.38532750213 0.0 0.435 0.48 1
15 10.4550647858 6.92471408869 0.0 0.435 0.48 1
16 10.4702182737 6.55503005893 0.0 0.435 0.48 1
17 0.841860438502 8.78268062945 0.0 0.435 0.48 1
18 0.529109285599 8.47242288983 0.0 0.435 0.48 1
