44 2.92714874467 8.66716928639 0.0 0.435 0.48 1
69 5.75306377161 6.2462042781 0.0 0.435 0.48 1
70 6.34341840411 6.12782901744 0.0 0.435 0.48 1
71 5.7745312128 5.54191920915 0.0 0.435 0.48 1
76 0.547209285026 3.54863256194 0.0 0.435 0.48 1
77 0.141011623449 3.9118727771 0.0 0.435 0.48 1
86 1.93038598549 5.48726611501 0.0 0.435 0.48 1
87 2.20988365107 6.08582489269 0.0 0.435 0.48 1
88 4.95498007591 5.43523827867 0.0 0.435 0.48 1
89 7.08299279934 4.71448568354 0.0 0.435 0.48 1
90 6.88220908475 4.13311041144 0.0 0.435 0.48 1
91 7.92485323784 6.69989655736 0.0 0.435 0.48 1
92 8.40997531553 6.88581254133 0.0 0.435 0.48 1
93 5.38411843444 4.78632228325 0.0 0.435 0.48 1
94 5.21069518411 3.95578618025 0.0 0.435 0.48 1
95 14.4288565206 8.70392289555 0.0 0.435 0.48 1
