69 5.5670126147 6.22997541172 0.0 0.435 0.48 1
70 6.64543583643 4.69419960056 0.0 0.435 0.48 1
71 5.44094401404 5.69633209956 0.0 0.435 0.48 1
106 -0.111546508102 6.64691408182 0.0 0.435 0.48 1
111 6.80749397084 4.16986402059 0.0 0.435 0.48 1
112 6.16873236312 4.28107948726 0.0 0.435 0.48 1
115 12.8651007561 5.99370221 0.0 0.435 0.48 1
117 6.59303002413 7.49129245321 0.0 0.435 0.48 1
118 3.60000570014 8.65523629641 0.0 0.435 0.48 1
119 3.10899059939 8.14569762402 0.0 0.435 0.48 1
120 15.1833739386 4.36031454076 0.0 0.435 0.48 1
