69 5.58511261413 6.23164603032 0.0 0.435 0.48 1
70 6.6317556043 4.64408104262 0.0 0.435 0.48 1
71 5.49187657057 5.69108158397 0.0 0.435 0.48 1
106 3.60526732789 7.31444554162 0.0 0.435 0.48 1
111 6.79149862251 4.1607949482 0.0 0.435 0.48 1
112 6.17651957218 4.27749959026 0.0 0.435 0.48 1
114 15.4525588138 3.96008205665 0.0 0.435 0.48 1
115 7.10424977541 6.83426202459 0.0 0.435 0.48 1
116 8.70441600389 5.77938570986 0.0 0.435 0.48 1
117 14.1179995537 7.72780431472 0.0 0.435 0.48 1
118 0.422403475018 9.26954662087 0.0 0.435 0.48 1
