69 6.02477422814 4.92188104949 0.0 0.435 0.48 1
70 6.5420974676 5.01185579398 0.0 0.435 0.48 1
111 6.89525792155 4.22427845493 0.0 0.435 0.48 1
112 6.10517190002 4.31210526122 0.0 0.435 0.48 1
130 7.8168846366 7.25597389069 0.0 0.435 0.48 1
131 8.01493230476 6.75287903289 0.0 0.435 0.48 1
132 6.58208583843 5.81303674162 0.0 0.435 0.48 1
133 6.10685562089 6.05814035593 0.0 0.435 0.48 1
134 5.99909748477 6.4934558306 0.0 0.435 0.48 1
135 2.98586851026 5.90229550671 0.0 0.435 0.48 1
136 13.90942863 7.45191358625 0.0 0.435 0.48 1
