69 5.63120447314 6.23546458711 0.0 0.435 0.48 1
70 6.47474863252 5.57127436451 0.0 0.435 0.48 1
71 5.60952656685 5.67079550099 0.0 0.435 0.48 1
103 2.59440340635 7.58556307409 0.0 0.435 0.48 1
104 3.400063846 7.20848059055 0.0 0.435 0.48 1
105 3.46888593685 7.78770792445 0.0 0.435 0.48 1
106 4.4473382315 5.62879137624 0.0 0.435 0.48 1
107 8.37419624689 6.30849448583 0.0 0.435 0.48 1
108 6.99607070906 6.65359655621 0.0 0.435 0.48 1
109 7.29261604852 4.68966506437 0.0 0.435 0.48 1
110 7.14171256492 4.39492021172 0.0 0.435 0.48 1
111 5.62362772919 3.90256504491 0.0 0.435 0.48 1
112 5.00906960909 4.39134031473 0.0 0.435 0.48 1
113 10.2477566528 7.53950173275 0.0 0.435 0.48 1
