69 6.02919399544 5.16913260199 0.0 0.435 0.48 1
70 6.45264979601 5.01185579398 0.0 0.435 0.48 1
111 6.84790327189 4.22427845493 0.0 0.435 0.48 1
112 6.01425097266 4.34360835478 0.0 0.435 0.48 1
166 9.91101247738 3.09947481888 0.0 0.435 0.48 1
167 10.5548252477 2.95938151645 0.0 0.435 0.48 1
168 2.81391851569 8.1621651502 0.0 0.435 0.48 1
169 1.94427668272 8.76621310327 0.0 0.435 0.48 1
170 15.4984402077 5.5829686947 0.0 0.435 0.48 1
171 2.43634410903 7.44356049326 0.0 0.435 0.48 1
172 6.71825676436 6.92161151129 0.0 0.435 0.48 1
173 6.57829746646 6.03809293275 0.0 0.435 0.48 1
