69 5.69034516895 6.24071510271 0.0 0.435 0.48 1
70 6.39477189086 6.09274602688 0.0 0.435 0.48 1
71 5.6892928434 5.60277745807 0.0 0.435 0.48 1
76 0.547209285026 3.27035523547 0.0 0.435 0.48 1
77 0.0231511620588 3.56677070672 0.0 0.435 0.48 1
98 6.18514864168 8.0793501997 0.0 0.435 0.48 1
99 6.41055677408 7.34332337738 0.0 0.435 0.48 1
100 4.13206149728 4.51067021458 0.0 0.435 0.48 1
101 6.14558120107 6.94643213046 0.0 0.435 0.48 1
102 3.77805918289 4.2469511359 0.0 0.435 0.48 1
103 14.5187251224 8.33805742259 0.0 0.435 0.48 1
104 15.1393867307 7.92517596908 0.0 0.435 0.48 1
