69 6.07381259868 5.160779509 0.0 0.435 0.48 1
70 6.50021491078 5.01185579398 0.0 0.435 0.48 1
111 6.87315908504 4.22427845493 0.0 0.435 0.48 1
112 6.05487073882 4.33644856079 0.0 0.435 0.48 1
144 11.1731717398 5.72091405893 0.0 0.435 0.48 1
145 9.90406712876 6.40729964291 0.0 0.435 0.48 1
146 5.97594632271 8.01896927037 0.0 0.435 0.48 1
147 14.8657820882 4.85266970757 0.0 0.435 0.48 1
148 5.00170333025 7.14619038282 0.0 0.435 0.48 1
150 7.09688349657 6.54405170814 0.0 0.435 0.48 1
151 7.23347535272 5.99227025121 0.0 0.435 0.48 1
152 10.1865113059 4.58537073189 0.0 0.435 0.48 1
153 10.4186543218 5.23452538712 0.0 0.435 0.48 1
154 4.78176729069 5.80420632903 0.0 0.435 0.48 1
155 11.5551659138 4.05864855393 0.0 0.435 0.48 1
156 0.539211610861 5.78606818425 0.0 0.435 0.48 1
157 0.397358126973 4.71806558054 0.0 0.435 0.48 1
158 0.682538350516 4.96078259684 0.0 0.435 0.48 1
