69 6.07212887781 5.1610181688 0.0 0.435 0.48 1
70 6.49853118991 5.01185579398 0.0 0.435 0.48 1
111 6.8723172246 4.22427845493 0.0 0.435 0.48 1
112 6.05276608772 4.33764185979 0.0 0.435 0.48 1
144 11.0222682562 5.72616457452 0.0 0.435 0.48 1
145 10.1458915397 6.49154655221 0.0 0.435 0.48 1
146 4.76703473302 7.98913679541 0.0 0.435 0.48 1
148 3.89360452807 7.10012904148 0.0 0.435 0.48 1
150 8.45333112811 6.79679243604 0.0 0.435 0.48 1
151 8.47542996462 6.16911716279 0.0 0.435 0.48 1
152 9.26741017214 4.7510006329 0.0 0.435 0.48 1
153 9.40926365603 5.34836611158 0.0 0.435 0.48 1
154 6.68226723061 6.10969087266 0.0 0.435 0.48 1
155 9.87965317604 3.82452329041 0.0 0.435 0.48 1
156 1.85819645288 6.01565891158 0.0 0.435 0.48 1
157 1.79358366423 5.01901558797 0.0 0.435 0.48 1
158 2.0509824933 5.23285476852 0.0 0.435 0.48 1
