69 6.11611608572 6.05193520113 0.0 0.435 0.48 1
70 6.67384862623 4.79897125264 0.0 0.435 0.48 1
71 6.64185792956 5.80396766923 0.0 0.435 0.48 1
111 6.84074745816 4.18895680457 0.0 0.435 0.48 1
112 6.1529474799 4.28895526065 0.0 0.435 0.48 1
118 13.1366007475 6.3325991256 0.0 0.435 0.48 1
119 12.9842240081 5.78201096766 0.0 0.435 0.48 1
120 5.3066672741 6.95096666665 0.0 0.435 0.48 1
121 5.56154052185 7.28604502545 0.0 0.435 0.48 1
122 2.79918595802 6.9158836761 0.0 0.435 0.48 1
123 3.24516152532 6.34238417738 0.0 0.435 0.48 1
