69 5.99615097323 5.17533775679 0.0 0.435 0.48 1
70 6.4175021227 5.01185579398 0.0 0.435 0.48 1
111 6.82938234224 4.22427845493 0.0 0.435 0.48 1
112 5.98857422928 4.34360835478 0.0 0.435 0.48 1
169 0.898896483211 8.47122959083 0.0 0.435 0.48 1
177 4.17162893789 5.71065168754 0.0 0.435 0.48 1
178 4.45575683588 6.19513108096 0.0 0.435 0.48 1
179 2.44202666699 8.26574350328 0.0 0.435 0.48 1
180 2.67690572933 4.32260629241 0.0 0.435 0.48 1
181 1.01128485175 4.10614185407 0.0 0.435 0.48 1
182 0.582777888553 4.21688000114 0.0 0.435 0.48 1
