44 2.40330108681 8.69962701915 0.0 0.435 0.48 1
69 5.80568004902 6.25073881429 0.0 0.435 0.48 1
70 6.30027305664 6.15718417281 0.0 0.435 0.48 1
71 5.85829632643 5.59466302488 0.0 0.435 0.48 1
76 4.43323706915 4.21568670214 0.0 0.435 0.48 1
77 3.86077197097 6.29536819684 0.0 0.435 0.48 1
78 4.67737659632 7.12351770185 0.0 0.435 0.48 1
79 5.10504169908 4.9958655874 0.0 0.435 0.48 1
80 8.98686018101 4.27201041487 0.0 0.435 0.48 1
81 9.03000552848 3.75531194849 0.0 0.435 0.48 1
82 13.2885565566 4.6653217648 0.0 0.435 0.48 1
83 13.7608402626 4.20041247496 0.0 0.435 0.48 1
84 12.9932740078 5.00970785579 0.0 0.435 0.48 1
85 14.9640692944 5.70969704834 0.0 0.435 0.48 1
