69 5.61142075284 6.23379396852 0.0 0.435 0.48 1
70 6.611971884 4.57105114391 0.0 0.435 0.48 1
71 5.56596028916 5.68344447038 0.0 0.435 0.48 1
104 -0.0484069752139 7.52733008296 0.0 0.435 0.48 1
105 0.0454604636791 8.30345175163 0.0 0.435 0.48 1
106 3.57159291035 7.93854091787 0.0 0.435 0.48 1
107 14.1518844363 4.44599340886 0.0 0.435 0.48 1
108 13.1540693516 5.72783519312 0.0 0.435 0.48 1
109 2.35194760007 5.08942022889 0.0 0.435 0.48 1
110 2.05982202791 4.84240733619 0.0 0.435 0.48 1
111 6.7104695553 4.15268051501 0.0 0.435 0.48 1
112 6.18746375788 4.27201041487 0.0 0.435 0.48 1
113 4.04093010481 7.56551565092 0.0 0.435 0.48 1
114 3.04416734562 4.14981659742 0.0 0.435 0.48 1
115 0.739153465005 9.09604094648 0.0 0.435 0.48 1
