69 5.95910911394 5.42664652588 0.0 0.435 0.48 1
70 6.68500327704 4.84002073819 0.0 0.435 0.48 1
71 9.33496947233 5.66984086179 0.0 0.435 0.48 1
111 6.85400676006 4.19635525836 0.0 0.435 0.48 1
112 6.14663352661 4.29181917825 0.0 0.435 0.48 1
120 1.4147464669 6.61183109126 0.0 0.435 0.48 1
121 1.40506507186 7.02614450356 0.0 0.435 0.48 1
122 5.23195216018 6.79894037424 0.0 0.435 0.48 1
123 5.92564516151 6.53474397595 0.0 0.435 0.48 1
124 13.1262879571 10.5888579937 0.0 0.435 0.48 1
125 13.6854937534 9.9113028223 0.0 0.435 0.48 1
126 14.606278608 9.03327341915 0.0 0.435 0.48 1
