69 6.05823818057 5.86816715535 0.0 0.435 0.48 1
70 6.67889978886 4.81710939742 0.0 0.435 0.48 1
71 7.2898800021 6.02926252016 0.0 0.435 0.48 1
111 6.84664048123 4.19229804177 0.0 0.435 0.48 1
112 6.15021143348 4.29014855965 0.0 0.435 0.48 1
118 14.9285006908 5.60349343747 0.0 0.435 0.48 1
119 14.9434437136 5.08774961029 0.0 0.435 0.48 1
120 3.70060802255 7.11993780485 0.0 0.435 0.48 1
121 3.78458360129 7.51993162917 0.0 0.435 0.48 1
122 3.7060801154 6.59846614248 0.0 0.435 0.48 1
123 4.43513125514 6.26601304148 0.0 0.435 0.48 1
124 14.4168600093 9.80891776822 0.0 0.435 0.48 1
125 15.2294657976 8.38531206293 0.0 0.435 0.48 1
