69 6.06413120364 5.1624501276 0.0 0.435 0.48 1
70 6.48990212041 5.01185579398 0.0 0.435 0.48 1
111 6.86768699219 4.22427845493 0.0 0.435 0.48 1
112 6.04245329735 4.34265371559 0.0 0.435 0.48 1
150 14.6557379088 6.41994861229 0.0 0.435 0.48 1
151 14.6389007 5.63571251043 0.0 0.435 0.48 1
152 4.56141032091 5.663635707 0.0 0.435 0.48 1
153 5.05179402634 6.47126046923 0.0 0.435 0.48 1
155 1.53639530027 3.99110783061 0.0 0.435 0.48 1
156 8.11784974337 7.47148368983 0.0 0.435 0.48 1
157 8.20035206634 6.37818314734 0.0 0.435 0.48 1
158 8.11553462716 6.71731872273 0.0 0.435 0.48 1
159 11.3011345265 5.29562229584 0.0 0.435 0.48 1
