8 14.7115111628 5.17414445779 0.0 0.435 0.48 1
9 14.9407076672 4.50613567839 0.0 0.435 0.48 1
10 11.5774752154 6.03164911816 0.0 0.435 0.48 1
11 13.2382553954 5.55289755993 0.0 0.435 0.48 1
12 12.2970554252 3.83764957939 0.0 0.435 0.48 1
13 12.9732798224 4.64670630042 0.0 0.435 0.48 1
14 5.17807309212 8.15070947981 0.0 0.435 0.48 1
15 8.13805439389 7.51706771157 0.0 0.435 0.48 1
16 8.18098927625 7.1631352286 0.0 0.435 0.48 1
17 2.54662782647 8.01133215678 0.0 0.435 0.48 1
18 2.42098015602 7.58604039369 0.0 0.435 0.48 1
