69 6.0414009718 5.166746004 0.0 0.435 0.48 1
70 6.46569863281 5.01185579398 0.0 0.435 0.48 1
111 6.8548486205 4.22427845493 0.0 0.435 0.48 1
112 6.0239323677 4.34360835478 0.0 0.435 0.48 1
161 0.69706044308 8.9974744492 0.0 0.435 0.48 1
162 12.2000310097 4.64599032102 0.0 0.435 0.48 1
163 11.9483147386 5.27963208926 0.0 0.435 0.48 1
164 8.41628926882 7.65238781801 0.0 0.435 0.48 1
165 8.30284857473 6.63474243203 0.0 0.435 0.48 1
166 13.3110763234 10.0428043719 0.0 0.435 0.48 1
167 13.7774670063 8.63948474963 0.0 0.435 0.48 1
168 11.8975926471 7.17244296079 0.0 0.435 0.48 1
169 10.4157078103 6.52949346036 0.0 0.435 0.48 1
170 3.7673254623 6.38009242574 0.0 0.435 0.48 1
171 12.5944426251 6.51469655278 0.0 0.435 0.48 1
