44 2.06255807433 7.37792904834 0.0 0.435 0.48 1
69 5.71833702853 6.2431017007 0.0 0.435 0.48 1
70 6.37183119391 6.10849757367 0.0 0.435 0.48 1
71 5.72696609802 5.57079704491 0.0 0.435 0.48 1
76 0.547209285026 3.39493565092 0.0 0.435 0.48 1
77 0.0589302306951 3.7493454535 0.0 0.435 0.48 1
88 4.89878589164 5.28607590385 0.0 0.435 0.48 1
93 15.0221576646 5.79656921544 0.0 0.435 0.48 1
94 15.1324413821 5.05958775393 0.0 0.435 0.48 1
96 0.399883708289 7.27912389126 0.0 0.435 0.48 1
97 1.60816390265 5.44287539226 0.0 0.435 0.48 1
98 13.5084925962 9.38935384033 0.0 0.435 0.48 1
99 14.2360704802 8.58745691329 0.0 0.435 0.48 1
