69 5.67077191375 6.23904448411 0.0 0.435 0.48 1
70 6.4109777043 6.0817676761 0.0 0.435 0.48 1
71 5.66256377447 5.62545013905 0.0 0.435 0.48 1
76 0.115124414965 1.02886239656 0.0 0.435 0.48 1
98 0.593722074254 6.94118161487 0.0 0.435 0.48 1
99 0.850279042887 6.29751613504 0.0 0.435 0.48 1
100 8.92877181075 4.84360063518 0.0 0.435 0.48 1
101 14.2150239692 7.09869708268 0.0 0.435 0.48 1
102 8.71367646872 4.49062279141 0.0 0.435 0.48 1
103 10.9812275598 7.12375636165 0.0 0.435 0.48 1
104 11.7018600952 6.83760326179 0.0 0.435 0.48 1
105 11.9390542737 7.5779259605 0.0 0.435 0.48 1
106 14.2701658279 4.31974237481 0.0 0.435 0.48 1
