44 2.93198944219 8.64354196622 0.0 0.435 0.48 1
69 5.74969632986 6.2459656183 0.0 0.435 0.48 1
70 6.34615445054 6.12591973904 0.0 0.435 0.48 1
71 5.76926958505 5.53857797195 0.0 0.435 0.48 1
76 0.547209285026 3.53407431416 0.0 0.435 0.48 1
77 0.132803484174 3.89707586952 0.0 0.435 0.48 1
86 0.84880578712 5.46530941344 0.0 0.435 0.48 1
87 1.00244531715 5.9979980864 0.0 0.435 0.48 1
88 5.12208937296 5.1669846638 0.0 0.435 0.48 1
89 7.89244161096 4.9163918741 0.0 0.435 0.48 1
90 7.7141776631 4.27726093046 0.0 0.435 0.48 1
91 6.88873350315 7.04881718454 0.0 0.435 0.48 1
92 7.32755325672 7.20179811615 0.0 0.435 0.48 1
93 6.39813933262 4.9163918741 0.0 0.435 0.48 1
94 6.17546724663 4.13478103004 0.0 0.435 0.48 1
95 14.8089565086 8.92205795249 0.0 0.435 0.48 1
