69 4.07734056878 4.998729505 0.0 0.435 0.48 1
70 3.95863824695 4.18299030958 0.0 0.435 0.48 1
111 10.138735726 4.69515423976 0.0 0.435 0.48 1
112 9.20911133677 5.60850529327 0.0 0.435 0.48 1
169 0.985818573486 8.66716928639 0.0 0.435 0.48 1
177 3.78374174085 5.45647900085 0.0 0.435 0.48 1
178 4.03082777955 5.98630375621 0.0 0.435 0.48 1
183 1.29814879617 7.20370739455 0.0 0.435 0.48 1
184 1.63531390179 7.69797183976 0.0 0.435 0.48 1
185 6.90178233995 7.06910326751 0.0 0.435 0.48 1
186 12.2616972868 7.77553627466 0.0 0.435 0.48 1
187 14.0912704848 5.02187950557 0.0 0.435 0.48 1
188 14.5993332594 4.97199960743 0.0 0.435 0.48 1
