69 6.07654864511 5.1600635296 0.0 0.435 0.48 1
70 6.50295095721 5.01185579398 0.0 0.435 0.48 1
111 6.87463234081 4.22427845493 0.0 0.435 0.48 1
112 6.05823818057 4.3347779422 0.0 0.435 0.48 1
130 13.2593019064 6.55121150213 0.0 0.435 0.48 1
131 13.5341693396 5.83976663919 0.0 0.435 0.48 1
143 0.571202307524 9.01799919197 0.0 0.435 0.48 1
144 9.59363109206 5.76816869927 0.0 0.435 0.48 1
145 9.32949737948 6.29393623804 0.0 0.435 0.48 1
146 7.98778230562 7.9153909173 0.0 0.435 0.48 1
147 12.1082682219 5.73785890471 0.0 0.435 0.48 1
148 7.06868117188 7.25859914848 0.0 0.435 0.48 1
150 4.82259752196 6.25527335049 0.0 0.435 0.48 1
151 5.04842658459 5.82019653561 0.0 0.435 0.48 1
152 12.2471751942 4.39563619112 0.0 0.435 0.48 1
153 12.4450123973 5.00636661859 0.0 0.435 0.48 1
154 1.34781856204 5.06913414591 0.0 0.435 0.48 1
155 14.2548018749 4.53095629756 0.0 0.435 0.48 1
