44 2.88337200187 8.87814454934 0.0 0.435 0.48 1
69 5.78273935207 6.2488295359 0.0 0.435 0.48 1
70 6.31921491651 6.14429654362 0.0 0.435 0.48 1
71 5.82167539735 5.57151302431 0.0 0.435 0.48 1
76 1.84178017433 3.89659854992 0.0 0.435 0.48 1
77 1.57196390379 5.58463931329 0.0 0.435 0.48 1
78 1.37644181695 6.63999294763 0.0 0.435 0.48 1
86 12.0806972925 5.1598248698 0.0 0.435 0.48 1
87 12.0463914796 6.11685066666 0.0 0.435 0.48 1
88 1.51387553354 8.02756102316 0.0 0.435 0.48 1
89 0.138065111914 4.91830115249 0.0 0.435 0.48 1
90 -0.0970244155374 4.12785989584 0.0 0.435 0.48 1
