69 6.0807579473 5.15934755021 0.0 0.435 0.48 1
70 6.50758118962 5.01185579398 0.0 0.435 0.48 1
111 6.87715792212 4.22427845493 0.0 0.435 0.48 1
112 6.06392073853 4.3321526844 0.0 0.435 0.48 1
130 9.99498805612 6.27913933046 0.0 0.435 0.48 1
131 10.7501368695 5.57413828211 0.0 0.435 0.48 1
139 0.0568255795989 9.11919094705 0.0 0.435 0.48 1
143 4.07397312702 8.18722442917 0.0 0.435 0.48 1
144 7.26104628208 6.09775788268 0.0 0.435 0.48 1
145 6.82159513318 6.66910944319 0.0 0.435 0.48 1
146 10.7429810557 7.29248884004 0.0 0.435 0.48 1
147 7.54159627321 5.42545322689 0.0 0.435 0.48 1
148 10.3224717667 7.05693161773 0.0 0.435 0.48 1
150 1.43116274545 5.71805014133 0.0 0.435 0.48 1
151 1.65572901742 5.21877384033 0.0 0.435 0.48 1
