69 5.99509864768 5.17557641659 0.0 0.435 0.48 1
70 6.41644979715 5.01185579398 0.0 0.435 0.48 1
111 6.82875094691 4.22427845493 0.0 0.435 0.48 1
112 5.98773236885 4.34360835478 0.0 0.435 0.48 1
169 0.906894157376 8.48316258081 0.0 0.435 0.48 1
177 4.10954173055 5.71757282174 0.0 0.435 0.48 1
178 4.46038706829 6.18463004977 0.0 0.435 0.48 1
179 2.97513478967 7.88006926694 0.0 0.435 0.48 1
180 3.61663244381 4.51114753418 0.0 0.435 0.48 1
181 1.88134761494 4.13716762803 0.0 0.435 0.48 1
182 1.45347204707 4.2450418575 0.0 0.435 0.48 1
