44 2.51947782733 8.73280073131 0.0 0.435 0.48 1
69 5.81346725808 6.26601304148 0.0 0.435 0.48 1
70 6.27585910392 6.17389035879 0.0 0.435 0.48 1
71 5.90544051098 5.62425684005 0.0 0.435 0.48 1
73 13.6278263134 4.68107331158 0.0 0.435 0.48 1
74 13.7886216571 4.10280061687 0.0 0.435 0.48 1
75 7.39427069647 4.8288037276 0.0 0.435 0.48 1
76 11.8146693939 5.3307052864 0.0 0.435 0.48 1
77 12.3747170507 6.29274293904 0.0 0.435 0.48 1
78 12.7927007584 5.73022179112 0.0 0.435 0.48 1
79 14.6721541873 5.43309034048 0.0 0.435 0.48 1
80 -0.11217790343 4.69897279656 0.0 0.435 0.48 1
