44 2.95640339491 8.52636000456 0.0 0.435 0.48 1
69 5.73328005131 6.2445336595 0.0 0.435 0.48 1
70 6.35962421755 6.11685066666 0.0 0.435 0.48 1
71 5.74674981833 5.55385219913 0.0 0.435 0.48 1
76 0.547209285026 3.46080575564 0.0 0.435 0.48 1
77 0.0917627877967 3.82285267181 0.0 0.435 0.48 1
88 4.98360333082 5.22211507753 0.0 0.435 0.48 1
89 12.6910461104 5.32211353361 0.0 0.435 0.48 1
90 12.4231240259 4.57654031931 0.0 0.435 0.48 1
91 1.51450692887 7.60608781687 0.0 0.435 0.48 1
92 1.91207552095 8.10035226207 0.0 0.435 0.48 1
93 10.902934539 5.65218003661 0.0 0.435 0.48 1
94 10.9313473288 5.00398002059 0.0 0.435 0.48 1
96 0.28097092135 1.03196497396 0.0 0.435 0.48 1
