69 6.09149166789 5.15719961201 0.0 0.435 0.48 1
70 6.51915677065 5.01185579398 0.0 0.435 0.48 1
111 6.8832614103 4.22427845493 0.0 0.435 0.48 1
112 6.07760097066 4.32547021001 0.0 0.435 0.48 1
130 8.27675090113 7.43998059627 0.0 0.435 0.48 1
131 8.67958112096 6.96385429584 0.0 0.435 0.48 1
139 5.40621727095 7.23377852931 0.0 0.435 0.48 1
140 6.31163817256 7.85190741057 0.0 0.435 0.48 1
141 7.07478466006 5.64144034563 0.0 0.435 0.48 1
142 6.41918584358 6.21541716394 0.0 0.435 0.48 1
143 13.8782797938 7.31874141801 0.0 0.435 0.48 1
