69 6.08244166818 5.15910889041 0.0 0.435 0.48 1
70 6.5092649105 5.01185579398 0.0 0.435 0.48 1
111 6.87799978256 4.22427845493 0.0 0.435 0.48 1
112 6.06581492452 4.3311980452 0.0 0.435 0.48 1
130 9.60646946375 6.831398107 0.0 0.435 0.48 1
131 9.86744619968 6.09250736708 0.0 0.435 0.48 1
139 0.499854635361 8.48220794162 0.0 0.435 0.48 1
140 0.339690686936 9.30820950842 0.0 0.435 0.48 1
143 5.61268354349 8.09176050928 0.0 0.435 0.48 1
144 6.28238352232 6.06195891272 0.0 0.435 0.48 1
145 6.11674748105 6.68247439198 0.0 0.435 0.48 1
146 11.4591938238 7.25382595249 0.0 0.435 0.48 1
147 6.23397654711 5.69919601716 0.0 0.435 0.48 1
148 11.123712439 6.83998985979 0.0 0.435 0.48 1
150 0.0420930219251 5.44144343347 0.0 0.435 0.48 1
151 0.324326733933 4.80851764463 0.0 0.435 0.48 1
