69 5.97763004358 4.89276455393 0.0 0.435 0.48 1
70 6.53452072365 5.01185579398 0.0 0.435 0.48 1
111 6.89146954958 4.22427845493 0.0 0.435 0.48 1
112 6.09633236541 4.31640113762 0.0 0.435 0.48 1
130 8.22708113526 7.496304309 0.0 0.435 0.48 1
131 8.57813693812 6.94428419226 0.0 0.435 0.48 1
133 13.6332984062 5.331182606 0.0 0.435 0.48 1
134 13.2761391152 5.76983931787 0.0 0.435 0.48 1
135 9.6687671362 5.58463931329 0.0 0.435 0.48 1
136 7.96926137597 7.88961565893 0.0 0.435 0.48 1
137 2.23282434802 5.06603156852 0.0 0.435 0.48 1
138 1.98131854201 5.76864601887 0.0 0.435 0.48 1
139 13.9102704905 11.3561492498 0.0 0.435 0.48 1
