69 6.09801608629 5.15600631301 0.0 0.435 0.48 1
70 6.52589165416 5.01185579398 0.0 0.435 0.48 1
111 6.88683931717 4.22427845493 0.0 0.435 0.48 1
112 6.08601957504 4.32141299341 0.0 0.435 0.48 1
130 8.25465206462 7.46503987524 0.0 0.435 0.48 1
131 8.76881832744 6.85168418997 0.0 0.435 0.48 1
136 0.958879039454 6.5829532555 0.0 0.435 0.48 1
137 10.259753164 4.7507619731 0.0 0.435 0.48 1
138 9.95247410397 5.57151302431 0.0 0.435 0.48 1
139 10.4207589729 6.56911098711 0.0 0.435 0.48 1
140 11.5755810294 7.28270378826 0.0 0.435 0.48 1
