69 5.74569749278 5.22664961372 0.0 0.435 0.48 1
70 5.9561626024 4.72785063232 0.0 0.435 0.48 1
111 7.58137417893 4.30208154963 0.0 0.435 0.48 1
112 6.62544165101 4.68727846637 0.0 0.435 0.48 1
169 0.995289503419 8.65642959541 0.0 0.435 0.48 1
177 4.05019056963 5.42044137109 0.0 0.435 0.48 1
178 4.17562777497 6.01900014877 0.0 0.435 0.48 1
183 3.12056618042 7.11444862946 0.0 0.435 0.48 1
184 3.39269756716 7.60847441486 0.0 0.435 0.48 1
185 9.61088923105 7.12900687724 0.0 0.435 0.48 1
186 13.8534449109 8.52134814877 0.0 0.435 0.48 1
