44 2.94167083724 8.59676464548 0.0 0.435 0.48 1
69 5.74317191146 6.2452496389 0.0 0.435 0.48 1
70 6.35162654339 6.12233984205 0.0 0.435 0.48 1
71 5.76000912023 5.54263518855 0.0 0.435 0.48 1
76 0.547209285026 3.50471915879 0.0 0.435 0.48 1
77 0.116387205623 3.86748205436 0.0 0.435 0.48 1
88 5.09325565294 5.14311868382 0.0 0.435 0.48 1
89 9.67087178729 5.17295115879 0.0 0.435 0.48 1
90 9.58331830169 4.39134031473 0.0 0.435 0.48 1
91 4.54604636791 7.37458781115 0.0 0.435 0.48 1
92 5.00675449288 7.52828472216 0.0 0.435 0.48 1
93 8.03092765309 5.3304666266 0.0 0.435 0.48 1
94 8.05618346625 4.59205320629 0.0 0.435 0.48 1
