69 6.09969980717 5.15576765321 0.0 0.435 0.48 1
70 6.52778584015 5.01185579398 0.0 0.435 0.48 1
111 6.88768117761 4.22427845493 0.0 0.435 0.48 1
112 6.08791376103 4.32045835421 0.0 0.435 0.48 1
130 8.24917997177 7.47124503003 0.0 0.435 0.48 1
131 8.71241367806 6.86767439655 0.0 0.435 0.48 1
136 2.3527894605 6.77006253847 0.0 0.435 0.48 1
137 8.5558276365 5.39371147352 0.0 0.435 0.48 1
138 8.3066369467 5.95718726065 0.0 0.435 0.48 1
139 11.5379077748 7.17697749698 0.0 0.435 0.48 1
140 12.5677135562 8.04283525034 0.0 0.435 0.48 1
