69 6.01383004244 4.9151985751 0.0 0.435 0.48 1
70 6.54020328161 5.01185579398 0.0 0.435 0.48 1
111 6.89441606111 4.22427845493 0.0 0.435 0.48 1
112 6.10327771403 4.31305990042 0.0 0.435 0.48 1
130 8.20877067072 7.51706771157 0.0 0.435 0.48 1
131 8.4072392691 6.79416717824 0.0 0.435 0.48 1
132 4.72494171109 5.68010323318 0.0 0.435 0.48 1
133 7.75374510371 6.03904757195 0.0 0.435 0.48 1
134 7.587267202 6.47364706723 0.0 0.435 0.48 1
135 4.45281032435 6.34835067238 0.0 0.435 0.48 1
136 12.5561379751 7.14093986723 0.0 0.435 0.48 1
