44 2.49527433972 8.73757392731 0.0 0.435 0.48 1
69 5.79747190974 6.2500228349 0.0 0.435 0.48 1
70 6.30700794015 6.15264963661 0.0 0.435 0.48 1
71 5.84524748963 5.58630993189 0.0 0.435 0.48 1
76 2.87011269996 4.13334907124 0.0 0.435 0.48 1
77 2.35910341379 5.84931303118 0.0 0.435 0.48 1
78 2.92904293066 6.92017955249 0.0 0.435 0.48 1
79 2.07413365536 5.19968105636 0.0 0.435 0.48 1
80 11.8792821826 4.39396557252 0.0 0.435 0.48 1
81 12.031658922 3.79922535164 0.0 0.435 0.48 1
84 15.2652448662 5.50874549699 0.0 0.435 0.48 1
