69 6.06834050583 5.1617341482 0.0 0.435 0.48 1
70 6.49432188771 5.01185579398 0.0 0.435 0.48 1
111 6.87021257351 4.22427845493 0.0 0.435 0.48 1
112 6.0479253902 4.34002845779 0.0 0.435 0.48 1
144 12.7221949466 5.62712075764 0.0 0.435 0.48 1
145 12.7379798299 6.30968778482 0.0 0.435 0.48 1
146 1.91523249759 7.81944967781 0.0 0.435 0.48 1
148 1.38906972353 6.96695687324 0.0 0.435 0.48 1
150 11.469296149 7.07148986551 0.0 0.435 0.48 1
151 11.2493601095 6.67054140199 0.0 0.435 0.48 1
152 7.33113116359 5.64836147982 0.0 0.435 0.48 1
153 7.76153231277 5.96386973504 0.0 0.435 0.48 1
154 10.8090671001 5.26053930528 0.0 0.435 0.48 1
155 5.91343818515 3.14482018082 0.0 0.435 0.48 1
156 4.96697658716 6.84953625178 0.0 0.435 0.48 1
157 4.94761379708 5.82138983461 0.0 0.435 0.48 1
158 5.09536030403 6.05742437653 0.0 0.435 0.48 1
