69 5.97889283424 5.17867899398 0.0 0.435 0.48 1
70 6.39919165816 5.01185579398 0.0 0.435 0.48 1
111 6.8197009472 4.22427845493 0.0 0.435 0.48 1
112 6.18767422299 4.34360835478 0.0 0.435 0.48 1
169 1.00286624737 8.64783784262 0.0 0.435 0.48 1
177 4.11143591653 5.44048879427 0.0 0.435 0.48 1
178 4.22045684332 6.04453674734 0.0 0.435 0.48 1
181 14.7064600002 6.02210272617 0.0 0.435 0.48 1
182 13.9795135115 5.91876303289 0.0 0.435 0.48 1
183 4.62412892358 7.11206203146 0.0 0.435 0.48 1
184 4.85921845103 7.56050379512 0.0 0.435 0.48 1
185 11.6711321892 7.21850430213 0.0 0.435 0.48 1
186 14.9527041785 8.97909764462 0.0 0.435 0.48 1
