69 5.62615331051 6.23522592731 0.0 0.435 0.48 1
70 6.57598235025 5.09801198168 0.0 0.435 0.48 1
71 5.60279168334 5.67628467638 0.0 0.435 0.48 1
103 1.59679878673 7.42828626608 0.0 0.435 0.48 1
104 2.35026387919 7.1667151256 0.0 0.435 0.48 1
105 2.38162318052 7.68794812817 0.0 0.435 0.48 1
106 4.06808010395 6.47006717023 0.0 0.435 0.48 1
107 9.74179852924 5.87866818654 0.0 0.435 0.48 1
108 8.4836381039 6.33761098139 0.0 0.435 0.48 1
109 6.16894282823 4.71162176594 0.0 0.435 0.48 1
110 6.08096841241 4.50589701859 0.0 0.435 0.48 1
111 6.21503468724 3.9149753545 0.0 0.435 0.48 1
112 5.6806637739 4.27081711587 0.0 0.435 0.48 1
113 8.7265148404 7.87768266894 0.0 0.435 0.48 1
