44 2.93935572103 8.60845897566 0.0 0.435 0.48 1
69 5.74485563234 6.2454882987 0.0 0.435 0.48 1
70 6.35015328762 6.12329448125 0.0 0.435 0.48 1
71 5.76232423644 5.54072591015 0.0 0.435 0.48 1
76 0.547209285026 3.51211761258 0.0 0.435 0.48 1
77 0.120386042706 3.87488050815 0.0 0.435 0.48 1
88 5.1187219312 5.12498053905 0.0 0.435 0.48 1
89 9.21100552276 5.12688981744 0.0 0.435 0.48 1
90 9.07693924793 4.39134031473 0.0 0.435 0.48 1
91 5.09641262958 7.37458781115 0.0 0.435 0.48 1
92 5.58700680012 7.46647183404 0.0 0.435 0.48 1
93 7.61673231735 5.26889239827 0.0 0.435 0.48 1
94 7.58852999266 4.53000165836 0.0 0.435 0.48 1
