69 5.62131261299 6.23474860771 0.0 0.435 0.48 1
70 6.64227885978 4.69205166237 0.0 0.435 0.48 1
71 5.59374168363 5.68058055278 0.0 0.435 0.48 1
103 0.79787323059 7.36122286236 0.0 0.435 0.48 1
104 1.32824530685 7.14141718683 0.0 0.435 0.48 1
105 1.49009297615 7.74045328411 0.0 0.435 0.48 1
106 3.86434987783 7.25525791129 0.0 0.435 0.48 1
107 11.1525461591 5.32139755421 0.0 0.435 0.48 1
108 10.0231903808 6.22615685492 0.0 0.435 0.48 1
109 5.06926263044 4.88226352274 0.0 0.435 0.48 1
110 4.92488356524 4.65124083662 0.0 0.435 0.48 1
111 6.56861607141 4.10256195707 0.0 0.435 0.48 1
112 5.9692114392 4.2481444349 0.0 0.435 0.48 1
113 7.1478160531 7.96837339283 0.0 0.435 0.48 1
