44 2.95156269739 8.54974866493 0.0 0.435 0.48 1
69 5.73643702795 6.2447723193 0.0 0.435 0.48 1
70 6.35688817113 6.11852128525 0.0 0.435 0.48 1
71 5.75116958563 5.55003364234 0.0 0.435 0.48 1
76 0.547209285026 3.47536400343 0.0 0.435 0.48 1
77 0.0999709270721 3.83764957939 0.0 0.435 0.48 1
88 5.00254519069 5.20779548955 0.0 0.435 0.48 1
89 11.6387205623 5.28010940886 0.0 0.435 0.48 1
90 11.5614798671 4.45291454305 0.0 0.435 0.48 1
91 2.4357127137 7.45262956565 0.0 0.435 0.48 1
92 2.89831502465 7.83424658539 0.0 0.435 0.48 1
93 9.88175782714 5.56005735392 0.0 0.435 0.48 1
94 9.97246828939 4.84479393418 0.0 0.435 0.48 1
