69 5.62783703139 6.23522592731 0.0 0.435 0.48 1
70 6.5420974676 5.26578982088 0.0 0.435 0.48 1
71 5.60510679955 5.67437539799 0.0 0.435 0.48 1
103 1.88134761494 7.45883472044 0.0 0.435 0.48 1
104 2.70089875182 7.18079605378 0.0 0.435 0.48 1
105 2.73499409958 7.71420070614 0.0 0.435 0.48 1
106 4.15626498488 6.18510736937 0.0 0.435 0.48 1
107 9.2665683117 6.03260375736 0.0 0.435 0.48 1
108 7.97347067816 6.36648881716 0.0 0.435 0.48 1
109 6.52336607284 4.64885423862 0.0 0.435 0.48 1
110 6.44023235454 4.46556351244 0.0 0.435 0.48 1
111 6.1135905044 3.87082329155 0.0 0.435 0.48 1
112 5.5276556392 4.30351350843 0.0 0.435 0.48 1
113 9.22636947576 7.77840019226 0.0 0.435 0.48 1
