69 1.88871389378 4.89133259513 0.0 0.435 0.48 1
70 1.87061389435 3.97010576823 0.0 0.435 0.48 1
111 12.6236972753 5.61327848926 0.0 0.435 0.48 1
112 12.2206565904 6.0774717997 0.0 0.435 0.48 1
169 0.976347643553 8.67790897738 0.0 0.435 0.48 1
177 2.54262898939 5.46530941344 0.0 0.435 0.48 1
178 2.56346503524 5.89083983633 0.0 0.435 0.48 1
183 -0.00673488350802 8.31968061801 0.0 0.435 0.48 1
184 0.396937196754 8.40416618711 0.0 0.435 0.48 1
185 4.26781149299 6.84524037538 0.0 0.435 0.48 1
186 10.6874182668 7.40609090471 0.0 0.435 0.48 1
187 12.2000310097 4.72546403433 0.0 0.435 0.48 1
188 12.8068019207 4.97605682403 0.0 0.435 0.48 1
