69 5.66908819287 6.23880582431 0.0 0.435 0.48 1
70 6.41245096007 6.0808130369 0.0 0.435 0.48 1
71 5.66045912338 5.62735941744 0.0 0.435 0.48 1
76 0.0671383699705 0.610014448068 0.0 0.435 0.48 1
98 0.153218599807 6.85240016937 0.0 0.435 0.48 1
99 0.424929056334 6.21135994734 0.0 0.435 0.48 1
100 9.31076598472 4.90636816251 0.0 0.435 0.48 1
101 14.7916983696 7.44356049326 0.0 0.435 0.48 1
102 9.11019273525 4.53501351415 0.0 0.435 0.48 1
103 10.670581058 7.11850584605 0.0 0.435 0.48 1
104 11.3628008036 6.73808212531 0.0 0.435 0.48 1
105 11.6155694002 7.52112492817 0.0 0.435 0.48 1
106 13.7042251482 4.31974237481 0.0 0.435 0.48 1
