69 6.0458207391 5.1660300246 0.0 0.435 0.48 1
70 6.47032886522 5.01185579398 0.0 0.435 0.48 1
111 6.85737420182 4.22427845493 0.0 0.435 0.48 1
112 6.02729980946 4.34360835478 0.0 0.435 0.48 1
160 0.582988353663 8.68960330757 0.0 0.435 0.48 1
161 4.55614869317 7.70537029355 0.0 0.435 0.48 1
162 7.72406952326 5.4142362163 0.0 0.435 0.48 1
163 7.31976604767 6.12854499684 0.0 0.435 0.48 1
164 11.8449763697 6.70872696995 0.0 0.435 0.48 1
165 12.9383426142 4.7493300143 0.0 0.435 0.48 1
166 13.0936658651 13.0995590867 0.0 0.435 0.48 1
167 14.1853483888 12.3148456652 0.0 0.435 0.48 1
168 15.0528855706 7.95954298024 0.0 0.435 0.48 1
169 14.5787076787 4.13072381344 0.0 0.435 0.48 1
170 -0.0812395323155 5.43810219627 0.0 0.435 0.48 1
