44 2.45844294554 8.72253835993 0.0 0.435 0.48 1
69 5.8008393515 6.2502614947 0.0 0.435 0.48 1
70 6.30427189372 6.15455891501 0.0 0.435 0.48 1
71 5.85050911737 5.58965116909 0.0 0.435 0.48 1
76 3.42216268251 4.20041247496 0.0 0.435 0.48 1
77 2.74656968061 6.08582489269 0.0 0.435 0.48 1
78 3.52444872579 7.00919965778 0.0 0.435 0.48 1
79 3.30977431397 5.09061352789 0.0 0.435 0.48 1
80 10.7324578002 4.29301247725 0.0 0.435 0.48 1
81 10.8328496575 3.77321143347 0.0 0.435 0.48 1
82 14.8114820899 4.89252589413 0.0 0.435 0.48 1
83 15.0636192912 4.28322742546 0.0 0.435 0.48 1
84 14.358561174 5.31304446122 0.0 0.435 0.48 1
