69 6.06307887809 5.1626887874 0.0 0.435 0.48 1
70 6.48863932976 5.01185579398 0.0 0.435 0.48 1
111 6.86705559686 4.22427845493 0.0 0.435 0.48 1
112 6.04098004158 4.34336969499 0.0 0.435 0.48 1
152 3.65514755887 5.68010323318 0.0 0.435 0.48 1
153 4.23582079632 6.62209346265 0.0 0.435 0.48 1
155 0.273604642513 4.10136865808 0.0 0.435 0.48 1
156 8.82353925594 7.35907492416 0.0 0.435 0.48 1
157 8.96328808873 6.19918829756 0.0 0.435 0.48 1
158 8.81469972134 6.57149758511 0.0 0.435 0.48 1
159 10.3393089755 5.49227797081 0.0 0.435 0.48 1
160 14.8990355755 4.86579599656 0.0 0.435 0.48 1
