43 2.53589410588 3.56867998512 0.0 0.435 0.48 1
44 1.86240575508 3.55889493333 0.0 0.435 0.48 1
45 0.215726737366 5.52449704377 0.0 0.435 0.48 1
46 0.218041853572 6.41851665349 0.0 0.435 0.48 1
47 4.34505218822 6.39751459112 0.0 0.435 0.48 1
48 6.85021838809 6.17317437939 0.0 0.435 0.48 1
49 6.59429281479 5.4149521957 0.0 0.435 0.48 1
50 11.4322542897 6.04262746894 0.0 0.435 0.48 1
51 11.4072089417 5.58463931329 0.0 0.435 0.48 1
52 12.3000019367 4.03716917195 0.0 0.435 0.48 1
53 14.5063076809 5.06030373332 0.0 0.435 0.48 1
