69 6.06581492452 5.1622114678 0.0 0.435 0.48 1
70 6.49158584129 5.01185579398 0.0 0.435 0.48 1
111 6.86852885263 4.22427845493 0.0 0.435 0.48 1
112 6.04455794845 4.34169907639 0.0 0.435 0.48 1
144 15.33006812 5.36769755536 0.0 0.435 0.48 1
145 15.1793751015 5.98320117882 0.0 0.435 0.48 1
146 0.198468598377 7.53186461916 0.0 0.435 0.48 1
150 13.5169112006 6.65860841201 0.0 0.435 0.48 1
151 13.3472763222 6.07508520171 0.0 0.435 0.48 1
152 5.75369516694 5.80205839083 0.0 0.435 0.48 1
153 6.21713933834 6.30539190843 0.0 0.435 0.48 1
154 14.4002332657 4.28585268325 0.0 0.435 0.48 1
155 3.30914291864 3.7448109173 0.0 0.435 0.48 1
156 6.88220908475 7.44785636966 0.0 0.435 0.48 1
157 7.05415907932 6.57245222431 0.0 0.435 0.48 1
158 7.10530210096 6.79917903404 0.0 0.435 0.48 1
159 12.830374013 4.97748878282 0.0 0.435 0.48 1
