69 6.05802771546 4.98703517481 0.0 0.435 0.48 1
70 6.690685835 4.87080785235 0.0 0.435 0.48 1
71 14.3625600111 4.61066867066 0.0 0.435 0.48 1
111 6.86410908533 4.20208309355 0.0 0.435 0.48 1
112 6.14179282909 4.29420577624 0.0 0.435 0.48 1
122 7.92590556339 6.90466666551 0.0 0.435 0.48 1
123 8.27127880828 6.13355685264 0.0 0.435 0.48 1
124 12.8989856387 13.0012312492 0.0 0.435 0.48 1
125 13.3662181821 12.7675833053 0.0 0.435 0.48 1
126 13.1309181895 11.6131858541 0.0 0.435 0.48 1
127 0.238456969206 5.01829960857 0.0 0.435 0.48 1
128 0.10144418284 4.19134340257 0.0 0.435 0.48 1
