69 6.060974227 5.163166107 0.0 0.435 0.48 1
70 6.48632421355 5.01185579398 0.0 0.435 0.48 1
111 6.8657928062 4.22427845493 0.0 0.435 0.48 1
112 6.03908585559 4.34360835478 0.0 0.435 0.48 1
152 1.79316273401 6.19560840056 0.0 0.435 0.48 1
153 2.78508479567 7.09010532989 0.0 0.435 0.48 1
156 10.4186543218 7.00657439999 0.0 0.435 0.48 1
157 10.470849669 5.93546921887 0.0 0.435 0.48 1
158 10.3494113007 6.25503469069 0.0 0.435 0.48 1
159 8.4945822896 5.87437231015 0.0 0.435 0.48 1
160 12.3894496083 5.14836919942 0.0 0.435 0.48 1
