44 2.96608478995 8.47934402402 0.0 0.435 0.48 1
69 5.72675563291 6.2438176801 0.0 0.435 0.48 1
70 6.3650963104 6.11303210986 0.0 0.435 0.48 1
71 5.73791028372 5.56148931272 0.0 0.435 0.48 1
76 0.547209285026 3.43145060028 0.0 0.435 0.48 1
77 0.0753465092459 3.79302019685 0.0 0.435 0.48 1
88 4.9459300762 5.2505155937 0.0 0.435 0.48 1
89 14.16851118 5.5829686947 0.0 0.435 0.48 1
90 14.1438867622 4.9175851731 0.0 0.435 0.48 1
91 0.200152319254 8.26645948267 0.0 0.435 0.48 1
92 0.467653473588 8.9101249625 0.0 0.435 0.48 1
93 12.8221658737 5.7454960183 0.0 0.435 0.48 1
94 12.7924902933 4.96913568983 0.0 0.435 0.48 1
96 1.13651159198 4.2495763937 0.0 0.435 0.48 1
97 1.93817319454 2.68611604577 0.0 0.435 0.48 1
