44 2.66617200874 8.80105743403 0.0 0.435 0.48 1
69 5.78926377047 6.2493068555 0.0 0.435 0.48 1
70 6.31374282366 6.14811510042 0.0 0.435 0.48 1
71 5.83219865283 5.5781954987 0.0 0.435 0.48 1
76 2.07308132981 4.11688154506 0.0 0.435 0.48 1
77 1.9089185443 5.59967488068 0.0 0.435 0.48 1
78 1.72181506185 6.7476285173 0.0 0.435 0.48 1
80 14.5881786086 4.54503722574 0.0 0.435 0.48 1
81 14.8377902286 4.02953205836 0.0 0.435 0.48 1
86 14.5523995399 5.38511972073 0.0 0.435 0.48 1
87 14.7216134881 6.14071664663 0.0 0.435 0.48 1
88 0.184788366251 8.45213680685 0.0 0.435 0.48 1
