44 2.96376967375 8.491277014 0.0 0.435 0.48 1
69 5.72822888868 6.2440563399 0.0 0.435 0.48 1
70 6.36362305464 6.11398674906 0.0 0.435 0.48 1
71 5.74022539993 5.55958003432 0.0 0.435 0.48 1
76 0.547209285026 3.43884905407 0.0 0.435 0.48 1
77 0.0795558114384 3.80065731044 0.0 0.435 0.48 1
88 4.95540100613 5.2433557997 0.0 0.435 0.48 1
89 13.8199809585 5.53905529155 0.0 0.435 0.48 1
90 13.6772856141 4.81448413962 0.0 0.435 0.48 1
91 0.476913938411 8.06884916851 0.0 0.435 0.48 1
92 0.737259279018 8.70893475134 0.0 0.435 0.48 1
93 12.3604054232 5.73022179112 0.0 0.435 0.48 1
94 12.3340972845 5.02044754677 0.0 0.435 0.48 1
96 1.06726857091 3.54910988154 0.0 0.435 0.48 1
97 1.76874878129 1.88851499513 0.0 0.435 0.48 1
