69 6.10285678381 5.15505167381 0.0 0.435 0.48 1
70 6.5311532819 5.01185579398 0.0 0.435 0.48 1
111 6.88957536359 4.22427845493 0.0 0.435 0.48 1
112 6.09212306322 4.31854907581 0.0 0.435 0.48 1
130 8.23823578607 7.48365533961 0.0 0.435 0.48 1
131 8.59918344908 6.89965480972 0.0 0.435 0.48 1
135 12.9865391243 5.62521147925 0.0 0.435 0.48 1
136 5.2454219272 7.50155482459 0.0 0.435 0.48 1
137 5.34854983091 5.7485985957 0.0 0.435 0.48 1
138 5.07536611862 6.12568107925 0.0 0.435 0.48 1
139 13.145229817 8.97432444862 0.0 0.435 0.48 1
140 13.3321228343 10.2788389139 0.0 0.435 0.48 1
