69 6.05823818057 5.1636434266 0.0 0.435 0.48 1
70 6.48358816712 5.01185579398 0.0 0.435 0.48 1
111 6.86431955044 4.22427845493 0.0 0.435 0.48 1
112 6.0369812045 4.34360835478 0.0 0.435 0.48 1
152 0.0751360441363 7.11206203146 0.0 0.435 0.48 1
153 1.28278484317 8.07409968411 0.0 0.435 0.48 1
156 12.5542437892 6.44381459226 0.0 0.435 0.48 1
157 12.5689763468 5.56077333332 0.0 0.435 0.48 1
158 12.352407749 5.8306975668 0.0 0.435 0.48 1
159 6.19461957161 6.08773417109 0.0 0.435 0.48 1
160 9.54038341933 5.71900478053 0.0 0.435 0.48 1
