69 6.09696376074 5.15624497281 0.0 0.435 0.48 1
70 6.52483932861 5.01185579398 0.0 0.435 0.48 1
111 6.88620792184 4.22427845493 0.0 0.435 0.48 1
112 6.08454631927 4.32212897281 0.0 0.435 0.48 1
130 8.2584404366 7.46074399884 0.0 0.435 0.48 1
131 8.79386367548 6.92185017109 0.0 0.435 0.48 1
136 0.0700848815053 6.50347954219 0.0 0.435 0.48 1
137 11.4267821969 4.44074289327 0.0 0.435 0.48 1
138 11.1260275552 5.35457126637 0.0 0.435 0.48 1
139 9.60078690579 6.30634654763 0.0 0.435 0.48 1
140 10.7337205909 7.13592801143 0.0 0.435 0.48 1
141 0.929834854326 4.98655785521 0.0 0.435 0.48 1
142 -0.139959297901 5.496812507 0.0 0.435 0.48 1
