44 2.89557897823 8.81943423861 0.0 0.435 0.48 1
69 5.77432074769 6.2481135565 0.0 0.435 0.48 1
70 6.32594980001 6.13976200743 0.0 0.435 0.48 1
71 5.80862656055 5.56315993132 0.0 0.435 0.48 1
76 1.39917204879 3.81807947582 0.0 0.435 0.48 1
77 0.731155790839 5.51542797138 0.0 0.435 0.48 1
78 1.05969182696 6.46314603604 0.0 0.435 0.48 1
86 8.831326465 4.73310114792 0.0 0.435 0.48 1
87 8.93782181047 5.59346972588 0.0 0.435 0.48 1
88 3.18223245754 7.76503524348 0.0 0.435 0.48 1
89 2.39656620331 5.10660373447 0.0 0.435 0.48 1
90 1.75612087472 4.35697330357 0.0 0.435 0.48 1
93 0.98371392239 5.24049188211 0.0 0.435 0.48 1
94 0.568255795989 4.4965892864 0.0 0.435 0.48 1
