69 5.98120795045 4.89491249212 0.0 0.435 0.48 1
70 6.53515211898 5.01185579398 0.0 0.435 0.48 1
111 6.89168001469 4.22427845493 0.0 0.435 0.48 1
112 6.09696376074 4.31616247782 0.0 0.435 0.48 1
130 8.22518694928 7.4984522472 0.0 0.435 0.48 1
131 8.60528693726 6.95573986265 0.0 0.435 0.48 1
133 13.0936658651 5.34359291558 0.0 0.435 0.48 1
134 12.7181961096 5.80969550442 0.0 0.435 0.48 1
135 9.09146134049 5.58463931329 0.0 0.435 0.48 1
136 8.44449159351 7.89725277252 0.0 0.435 0.48 1
137 1.88850342867 4.84908981058 0.0 0.435 0.48 1
138 1.4583127446 5.71423158454 0.0 0.435 0.48 1
139 13.9683588607 11.7592456515 0.0 0.435 0.48 1
