69 5.67392889039 6.23928314391 0.0 0.435 0.48 1
70 6.40824165788 6.0836769545 0.0 0.435 0.48 1
71 5.66698354178 5.62163158225 0.0 0.435 0.48 1
76 0.211306970064 1.86608097396 0.0 0.435 0.48 1
98 1.47472902315 7.11874450585 0.0 0.435 0.48 1
99 1.7011894811 6.47030583003 0.0 0.435 0.48 1
100 8.15636485843 4.71830424033 0.0 0.435 0.48 1
101 12.9621251716 6.63116253504 0.0 0.435 0.48 1
102 7.91811835433 4.40470526351 0.0 0.435 0.48 1
103 11.5612694019 7.23974502431 0.0 0.435 0.48 1
104 12.3759798413 7.03139501916 0.0 0.435 0.48 1
105 12.5512972776 7.72255379913 0.0 0.435 0.48 1
