69 5.86124283796 6.164105307 0.0 0.435 0.48 1
70 6.66774513805 4.77605991187 0.0 0.435 0.48 1
71 5.63183586847 5.63332591244 0.0 0.435 0.48 1
111 6.83359164443 4.18466092818 0.0 0.435 0.48 1
112 6.15631492166 4.28728464205 0.0 0.435 0.48 1
118 10.8627357031 7.07435378311 0.0 0.435 0.48 1
119 10.8143287279 6.60156871987 0.0 0.435 0.48 1
120 7.14002884405 6.38582026093 0.0 0.435 0.48 1
121 7.82488231077 6.45145170585 0.0 0.435 0.48 1
122 1.63426157624 7.65119451901 0.0 0.435 0.48 1
123 1.65215111056 6.75407233189 0.0 0.435 0.48 1
