69 6.09591143519 5.15648363261 0.0 0.435 0.48 1
70 6.52357653795 5.01185579398 0.0 0.435 0.48 1
111 6.88557652651 4.22427845493 0.0 0.435 0.48 1
112 6.08307306351 4.32284495221 0.0 0.435 0.48 1
130 8.26201834346 7.45668678225 0.0 0.435 0.48 1
131 8.81554158177 7.01254089498 0.0 0.435 0.48 1
137 12.6335891355 4.26556660028 0.0 0.435 0.48 1
138 12.2593821706 5.13572023003 0.0 0.435 0.48 1
139 8.71536018959 6.14167128583 0.0 0.435 0.48 1
140 9.93858340674 7.48938317481 0.0 0.435 0.48 1
141 2.16779062914 5.15505167381 0.0 0.435 0.48 1
142 1.19081159026 5.69704807896 0.0 0.435 0.48 1
