20 4.52626264761 8.18889504777 0.0 0.435 0.48 1
21 4.96318821519 7.51563575278 0.0 0.435 0.48 1
23 12.5113089068 5.60850529327 0.0 0.435 0.48 1
24 9.85124038624 6.3266326306 0.0 0.435 0.48 1
25 9.75505783114 5.86673519656 0.0 0.435 0.48 1
28 14.7956972067 4.39993206752 0.0 0.435 0.48 1
29 0.034305812869 4.64503568182 0.0 0.435 0.48 1
30 8.04671253631 5.34049033819 0.0 0.435 0.48 1
31 8.11616602249 4.67820939398 0.0 0.435 0.48 1
32 3.29967198871 5.96649499284 0.0 0.435 0.48 1
33 14.8798832505 4.95314548325 0.0 0.435 0.48 1
