69 5.62299633387 6.23474860771 0.0 0.435 0.48 1
70 6.64396258066 4.75935372589 0.0 0.435 0.48 1
71 5.59837191604 5.68010323318 0.0 0.435 0.48 1
103 1.06411159427 7.38365688353 0.0 0.435 0.48 1
104 1.6485732037 7.13879192903 0.0 0.435 0.48 1
105 1.7841127343 7.71873524233 0.0 0.435 0.48 1
106 3.91191499261 7.01659811158 0.0 0.435 0.48 1
107 10.6880496621 5.54358982774 0.0 0.435 0.48 1
108 9.50418342047 6.27961665006 0.0 0.435 0.48 1
109 5.45988587391 4.83715682059 0.0 0.435 0.48 1
110 5.3373951801 4.60136093848 0.0 0.435 0.48 1
111 6.43181375016 4.01903102717 0.0 0.435 0.48 1
112 5.89028702309 4.2481444349 0.0 0.435 0.48 1
113 7.68197650133 7.95930432044 0.0 0.435 0.48 1
