20 2.59566619701 7.98460225921 0.0 0.435 0.48 1
21 2.88274060654 7.23353986951 0.0 0.435 0.48 1
23 13.9620449074 4.87271713075 0.0 0.435 0.48 1
24 11.1521252288 5.97270014763 0.0 0.435 0.48 1
25 10.9995380244 5.37056147295 0.0 0.435 0.48 1
30 10.0391857291 4.82426919141 0.0 0.435 0.48 1
31 10.1433659584 4.30613876623 0.0 0.435 0.48 1
32 5.20311844016 5.96649499284 0.0 0.435 0.48 1
33 13.1803774903 5.5786728183 0.0 0.435 0.48 1
34 14.2419635032 5.60564137567 0.0 0.435 0.48 1
35 14.7205611625 6.30539190843 0.0 0.435 0.48 1
