169 0.893003460141 8.77241825807 0.0 0.435 0.48 1
186 4.99012774922 8.39461979512 0.0 0.435 0.48 1
189 13.7785193319 4.59563310328 0.0 0.435 0.48 1
190 13.6831786372 5.29991817224 0.0 0.435 0.48 1
191 3.15529292351 6.21613314334 0.0 0.435 0.48 1
192 3.37943826526 6.65383521601 0.0 0.435 0.48 1
193 12.0497589214 3.74003772131 0.0 0.435 0.48 1
194 3.38617314877 4.38799907753 0.0 0.435 0.48 1
195 4.54309985638 4.76579754048 0.0 0.435 0.48 1
196 10.8936740742 6.03809293275 0.0 0.435 0.48 1
197 0.176159296757 8.29653061744 0.0 0.435 0.48 1
