44 2.94419641855 8.58507031529 0.0 0.435 0.48 1
69 5.74148819058 6.2452496389 0.0 0.435 0.48 1
70 6.35288933405 6.12138520285 0.0 0.435 0.48 1
71 5.75790446914 5.54454446694 0.0 0.435 0.48 1
76 0.547209285026 3.497320705 0.0 0.435 0.48 1
77 0.11217790343 3.86008360057 0.0 0.435 0.48 1
88 5.06778937467 5.1612568286 0.0 0.435 0.48 1
89 10.144418284 5.20278363375 0.0 0.435 0.48 1
90 10.0882240997 4.39324959313 0.0 0.435 0.48 1
91 3.99568010624 7.37458781115 0.0 0.435 0.48 1
92 4.46880567268 7.5815058575 0.0 0.435 0.48 1
93 8.44512298883 5.39227951473 0.0 0.435 0.48 1
94 8.52383693983 4.65386609441 0.0 0.435 0.48 1
