69 5.61626145036 6.23427128811 0.0 0.435 0.48 1
70 6.61070909334 4.56675526752 0.0 0.435 0.48 1
71 5.57985098639 5.68201251158 0.0 0.435 0.48 1
103 -0.00126279065775 7.29415945864 0.0 0.435 0.48 1
104 0.435662776925 7.19320636336 0.0 0.435 0.48 1
105 0.732418581497 7.97314658883 0.0 0.435 0.48 1
106 3.6601987215 7.85500998797 0.0 0.435 0.48 1
107 12.5893914625 4.76579754048 0.0 0.435 0.48 1
108 11.5846310291 6.03475169555 0.0 0.435 0.48 1
109 3.78837197326 4.96412383404 0.0 0.435 0.48 1
110 3.50424407527 4.81042692302 0.0 0.435 0.48 1
111 6.67721606798 4.15268051501 0.0 0.435 0.48 1
112 6.1047509698 4.25864546609 0.0 0.435 0.48 1
113 5.62446958963 7.88531978253 0.0 0.435 0.48 1
114 0.855540670628 4.52737640056 0.0 0.435 0.48 1
115 0.222461620874 9.85999096536 0.0 0.435 0.48 1
