69 5.63941261242 6.23618056651 0.0 0.435 0.48 1
70 6.43665444768 6.06434551072 0.0 0.435 0.48 1
71 5.62047075255 5.661249109 0.0 0.435 0.48 1
103 4.41176962797 7.75644349069 0.0 0.435 0.48 1
104 5.02632774808 7.25167801429 0.0 0.435 0.48 1
105 5.53249633673 7.84880483318 0.0 0.435 0.48 1
106 5.71854749364 4.42212742889 0.0 0.435 0.48 1
107 6.3497323574 6.80084965263 0.0 0.435 0.48 1
108 4.96613472672 6.48128418082 0.0 0.435 0.48 1
109 9.49197644411 4.98798981401 0.0 0.435 0.48 1
110 9.23499854526 4.62260166065 0.0 0.435 0.48 1
111 4.14826731072 3.91879391129 0.0 0.435 0.48 1
112 3.43689524018 4.42976454248 0.0 0.435 0.48 1
113 12.6165414616 7.96025895964 0.0 0.435 0.48 1
