69 6.08033701708 5.15934755021 0.0 0.435 0.48 1
70 6.50694979429 5.01185579398 0.0 0.435 0.48 1
111 6.8767369919 4.22427845493 0.0 0.435 0.48 1
112 6.06307887809 4.332630004 0.0 0.435 0.48 1
130 10.2856403725 6.18820994677 0.0 0.435 0.48 1
131 11.1321310434 5.48559549641 0.0 0.435 0.48 1
143 3.57327663122 8.25834504948 0.0 0.435 0.48 1
144 7.53170441306 6.12329448125 0.0 0.435 0.48 1
145 7.04889745158 6.6595630512 0.0 0.435 0.48 1
146 10.465167111 7.36885997595 0.0 0.435 0.48 1
147 8.06439160552 5.36196972016 0.0 0.435 0.48 1
148 9.94952759244 7.13855326923 0.0 0.435 0.48 1
150 1.8520929647 5.78821612245 0.0 0.435 0.48 1
151 2.10465109626 5.29824755364 0.0 0.435 0.48 1
