69 5.70360447085 6.24190840171 0.0 0.435 0.48 1
70 6.38403817027 6.10014448068 0.0 0.435 0.48 1
71 5.70697191261 5.58774189069 0.0 0.435 0.48 1
76 0.547209285026 3.3288268864 0.0 0.435 0.48 1
77 0.0399883708288 3.65268823461 0.0 0.435 0.48 1
88 3.30430222112 5.12808311644 0.0 0.435 0.48 1
98 10.2233427001 7.37458781115 0.0 0.435 0.48 1
99 10.474638041 6.40348108611 0.0 0.435 0.48 1
100 0.791138347082 4.54026402975 0.0 0.435 0.48 1
101 1.19018019493 6.22902077252 0.0 0.435 0.48 1
102 0.399883708289 4.30112691044 0.0 0.435 0.48 1
