69 5.98836376418 4.89944702832 0.0 0.435 0.48 1
70 6.53620444453 5.01185579398 0.0 0.435 0.48 1
111 6.89231141002 4.22427845493 0.0 0.435 0.48 1
112 6.09843701651 4.31544649842 0.0 0.435 0.48 1
130 8.22160904241 7.50250946379 0.0 0.435 0.48 1
131 8.65958693554 6.97888986322 0.0 0.435 0.48 1
132 0.294651153476 5.12545785865 0.0 0.435 0.48 1
133 11.9180077628 5.42402126809 0.0 0.435 0.48 1
134 11.5635845182 5.94597025006 0.0 0.435 0.48 1
135 8.01387997921 5.72640323432 0.0 0.435 0.48 1
136 9.30255784545 7.61873678625 0.0 0.435 0.48 1
137 1.10894066262 4.55911815393 0.0 0.435 0.48 1
138 0.330640687222 5.64597488182 0.0 0.435 0.48 1
