69 6.09275445855 5.15719961201 0.0 0.435 0.48 1
70 6.5202090962 5.01185579398 0.0 0.435 0.48 1
111 6.88389280563 4.22427845493 0.0 0.435 0.48 1
112 6.07907422642 4.32475423061 0.0 0.435 0.48 1
130 8.27317299427 7.44403781286 0.0 0.435 0.48 1
131 8.73472297968 7.01492749298 0.0 0.435 0.48 1
139 6.22976724492 7.03402027695 0.0 0.435 0.48 1
140 7.28209279304 7.97123731043 0.0 0.435 0.48 1
141 5.84419516408 5.65910117081 0.0 0.435 0.48 1
142 5.11030332682 6.21589448354 0.0 0.435 0.48 1
143 14.8072727877 7.71372338654 0.0 0.435 0.48 1
