69 5.6871881923 6.24047644291 0.0 0.435 0.48 1
70 6.39750793729 6.09107540829 0.0 0.435 0.48 1
71 5.6848730761 5.60659601487 0.0 0.435 0.48 1
76 0.547209285026 3.25555832789 0.0 0.435 0.48 1
77 0.0155744181123 3.52786915936 0.0 0.435 0.48 1
98 5.17007541795 8.00918421858 0.0 0.435 0.48 1
99 5.52513005789 7.42566100828 0.0 0.435 0.48 1
100 4.95750565723 4.46293825464 0.0 0.435 0.48 1
101 7.48371836806 6.72901305292 0.0 0.435 0.48 1
102 4.62981148154 4.20256041315 0.0 0.435 0.48 1
103 13.90942863 8.19987339855 0.0 0.435 0.48 1
104 14.6483716299 7.67052596279 0.0 0.435 0.48 1
105 15.019000688 8.33328422659 0.0 0.435 0.48 1
