69 5.5800614515 6.23116871072 0.0 0.435 0.48 1
70 6.63554397627 4.65768465121 0.0 0.435 0.48 1
71 5.47798587333 5.69251354277 0.0 0.435 0.48 1
106 3.18707315506 7.37243987295 0.0 0.435 0.48 1
111 6.79591838981 4.163420206 0.0 0.435 0.48 1
112 6.17441492108 4.27845422946 0.0 0.435 0.48 1
115 8.52383693983 6.49154655221 0.0 0.435 0.48 1
116 10.6558485003 5.88773725893 0.0 0.435 0.48 1
117 12.1343658955 7.3268558512 0.0 0.435 0.48 1
118 0.791769742411 8.72397031873 0.0 0.435 0.48 1
119 0.0109441857005 8.39080123833 0.0 0.435 0.48 1
