69 6.07170794759 5.1610181688 0.0 0.435 0.48 1
70 6.49789979458 5.01185579398 0.0 0.435 0.48 1
111 6.87189629438 4.22427845493 0.0 0.435 0.48 1
112 6.05213469239 4.33788051959 0.0 0.435 0.48 1
144 11.0873019751 5.71351560514 0.0 0.435 0.48 1
145 10.2812206052 6.49154655221 0.0 0.435 0.48 1
146 4.37472776868 7.96192957824 0.0 0.435 0.48 1
148 3.53581384171 7.10609553647 0.0 0.435 0.48 1
150 8.88667878883 6.94428419226 0.0 0.435 0.48 1
151 8.88499506795 6.23355530872 0.0 0.435 0.48 1
152 8.98686018101 4.78274238626 0.0 0.435 0.48 1
153 9.11903226985 5.3318985854 0.0 0.435 0.48 1
154 7.23473814338 6.14954705922 0.0 0.435 0.48 1
155 9.33581133277 3.64552844062 0.0 0.435 0.48 1
156 2.31301155478 6.0774717997 0.0 0.435 0.48 1
157 2.23787551065 5.13381095164 0.0 0.435 0.48 1
158 2.47864759606 5.27127899627 0.0 0.435 0.48 1
