69 6.07696957533 5.1600635296 0.0 0.435 0.48 1
70 6.50358235254 5.01185579398 0.0 0.435 0.48 1
111 6.87505327103 4.22427845493 0.0 0.435 0.48 1
112 6.05908004101 4.3345392824 0.0 0.435 0.48 1
130 12.7682868057 6.54333572874 0.0 0.435 0.48 1
131 13.0959809813 5.93737849727 0.0 0.435 0.48 1
143 0.888794157949 8.84688011558 0.0 0.435 0.48 1
144 9.2162671505 5.80921818483 0.0 0.435 0.48 1
145 8.92014274126 6.28080994906 0.0 0.435 0.48 1
146 8.37587996777 7.86264710156 0.0 0.435 0.48 1
147 11.5414856816 5.60015220028 0.0 0.435 0.48 1
148 7.50686953012 7.23902904491 0.0 0.435 0.48 1
150 4.37767428021 6.19202850357 0.0 0.435 0.48 1
151 4.60118822663 5.79036406065 0.0 0.435 0.48 1
152 12.699885645 4.32332227181 0.0 0.435 0.48 1
153 12.9467612186 4.9970588864 0.0 0.435 0.48 1
154 0.62381858493 4.97367022603 0.0 0.435 0.48 1
155 14.7769658119 4.59276918569 0.0 0.435 0.48 1
