69 6.03887539049 5.1672233236 0.0 0.435 0.48 1
70 6.46296258638 5.01185579398 0.0 0.435 0.48 1
111 6.85337536474 4.22427845493 0.0 0.435 0.48 1
112 6.02182771661 4.34360835478 0.0 0.435 0.48 1
162 15.1888460315 4.60231557767 0.0 0.435 0.48 1
163 14.9522832482 5.4097016801 0.0 0.435 0.48 1
164 6.27017654596 7.69248266436 0.0 0.435 0.48 1
165 5.4510463393 7.44618575106 0.0 0.435 0.48 1
166 12.7072519239 8.20679453275 0.0 0.435 0.48 1
167 13.2218391169 6.14023932703 0.0 0.435 0.48 1
168 9.82808922418 7.21731100313 0.0 0.435 0.48 1
169 8.07344160524 7.19797955936 0.0 0.435 0.48 1
170 6.07718004044 6.1602867502 0.0 0.435 0.48 1
171 9.9903578237 6.34286149698 0.0 0.435 0.48 1
