169 0.889215088168 8.77671413446 0.0 0.435 0.48 1
186 4.37767428021 7.95930432044 0.0 0.435 0.48 1
189 14.7605495334 4.56890320571 0.0 0.435 0.48 1
190 14.7256123252 5.3340465236 0.0 0.435 0.48 1
191 2.08549877128 6.08677953189 0.0 0.435 0.48 1
192 2.29701620645 6.55837129613 0.0 0.435 0.48 1
193 13.1071356321 3.62548101745 0.0 0.435 0.48 1
194 2.29406969492 4.27201041487 0.0 0.435 0.48 1
195 3.42132082207 4.83691816079 0.0 0.435 0.48 1
196 9.89606945459 5.96172179684 0.0 0.435 0.48 1
197 0.847122066243 8.01300277538 0.0 0.435 0.48 1
198 0.143326739655 8.46096721944 0.0 0.435 0.48 1
