0 1.4910356624513308 -1.8156603178377966 -0.9821428826933061 0.6718284333726697 0.40843964150802814 1
30 0.34191333946712893 4.506406410564593 -0.20862138715244716 0.41149137511734174 0.5405619150763942 1
35 0.14014805414756104 2.413835704633762 -0.7608544707912781 0.35350089678250585 0.5610305394988838 1
40 0.5560341842219467 2.8980154672017444 -0.17180584824319187 0.34742589875312097 0.5179874125767667 1
45 1.5712091063188198 2.7922391097496293 1.3856623759047866 0.6708805604314659 0.4478013917122556 1
51 1.7927365233657833 4.676442358590305 -0.7117670855789375 0.45175513944816065 0.5941826198222073 1
66 5.553442519637577 -4.115013349785014 -1.4215526277308812 0.5390923599971491 0.5142239592922127 3
71 1.858048294643717 -10.536582684379747 -2.063155034515448 0.5106701860073316 0.510284036174569 3
100 8.774534421818753 6.9344047121926815 0.5645049299419161 0.6253642499287871 0.7664324374543235 3
106 5.266508121304349 -5.7457231609452055 -1.202900175770265 0.36247522939100224 0.39829481836819736 3
130 8.51616116474329 -2.0044418396141346 1.146982923114463 0.6463244510557639 0.5414290440577196 2
136 -0.6390332715535806 0.966888739613258 1.674340355633553 0.9716157983865981 0.40656788439934755 1
147 6.108027885440786 -0.52545409051526 1.7003732089184662 0.5600470435915873 0.3867638572915312 2
153 4.740787072134244 4.909396539070383 1.8691903205559615 0.5737349954108952 0.45703022544761046 2
171 1.2602665558203217 -3.963080904451216 -0.913489606744454 0.6175438887312334 0.4181461201530045 1
176 1.6053953298487744 -3.5610818904165504 -0.9498245915333827 0.4755470887427626 0.38833127863245703 1
186 2.4504481416474 11.291243107231232 1.9534090541686668 0.5637477969372083 0.3994885214691898 0
201 8.596099196923682 -5.568836797535491 -1.1155959807334197 0.5788846268586094 0.48717180509915026 3
241 9.26943477644599 6.237442283361815 -1.0617260106654494 0.6323754150639334 0.776198473031124 3
336 3.531553054355095 11.563015326221672 1.9542961872774638 0.5020353703363362 0.41483079960567776 0
364 9.134238726597124 -1.362856169525521 0.15650762389956857 0.4338075633146098 0.42457368549260505 3
394 6.590350061658276 -0.33233318460894956 1.790699696192284 0.47592390318880484 0.5417348640878341 2
425 3.4989828638666007 7.269965100652088 2.1031167598351526 0.49698297494965454 0.49886316882608905 3
287 4.837319108582179 -0.8321546119124973 -1.0055646368122493 0.5443371213332467 0.6389869269683025 2
543 4.72691768962546 2.3276853283418606 -1.1913294831216712 0.33434212872636854 0.39254125949808294 3
567 4.204449123950934 6.267770967145461 2.2048741383511525 0.4650554706009777 0.4090519183383404 3
709 -0.02189209568818365 5.857533441575184 2.8735632123357893 0.5028742331989952 0.40546489756497167 0
764 7.968564908759281 -3.6113570679588727 -1.6162718779356406 0.5456230370340417 0.5196065912963708 2
770 7.295715552910996 -3.6646934317181734 -1.6692294916482724 0.4164925342268349 0.5752441884252356 3
791 7.079984164422924 5.0976869761716905 3.0272693955159475 0.5417092237230077 0.4364893026208775 2
797 2.5703608457850406 3.763130707400233 -1.0443932789402524 0.4878163309522755 0.42067507616054634 0
858 3.6472094817397402 3.9938791214234257 -1.3946944206178755 0.4255878398209491 0.4825226029914718 2
956 8.466430930071088 0.11193388966024574 -2.6515038444437584 0.5454867903905807 0.41773098827392435 2
962 8.105285757846218 0.6746541407607135 -2.7280908416663734 0.5489953075793301 0.46532040035613426 2
967 -0.020999170641744946 -10.590412522237084 -1.878524074764963 0.4421443681444022 0.4864435187985622 2
1013 6.580342191985741 -3.3542671639274593 2.1584577022421265 0.4427761518294173 0.591598109462781 2
1062 6.1566226354594775 -4.14406390133522 1.6307309865346946 0.5417259718622942 0.5169340699159444 2
1067 6.411523352090855 3.4869259883268886 -1.3060897376499694 0.43830358777219874 0.4431566087919173 2
1072 4.515811625431088 2.1936748218015776 -1.1629862710225933 0.31610003406151704 0.37878149483762896 2
1143 3.206143075451429 3.837450466849318 -1.3440703796290925 0.4675414926084202 0.4046687806022018 3
629 4.7885818786468715 -3.6130983144199114 1.7811784674564048 0.5288218933980542 0.4682360794807946 2
1186 6.740491256345593 -4.526090889570026 1.5950235124927754 0.484795820538026 0.44410369587742027 3
1019 0.41034259019185654 -10.981545359148216 -1.902818696366592 0.5075002468677309 0.3949306685401445 3
1279 3.8804250832661347 5.3484222353054625 -1.1840602338251947 0.4651360597617087 0.5233382694299269 2
1284 -0.4837738678254933 -11.464507759897188 1.1966594914986324 0.46072941623336866 0.4294693928678317 3
1289 0.8546518953931957 -11.717348736632802 1.1726994528935766 0.5009516504763938 0.4395170061753366 3
1294 1.7200725707765117 -11.644131468226687 1.1414862485510744 0.5054857424691287 0.36859525350042155 3
