0 1.1643186922086712 -2.0464613225557784 -0.9821428826933061 0.6649880693012771 0.4385000660565452 1
10 -1.4009654863812662 -10.224058047584313 0.7284598538516568 0.4948899081438103 0.3541232940129448 3
15 -2.4848093751554874 -11.583122649421636 -2.3139646465407586 0.57096610923806 0.36071376901857083 3
20 2.248850676997589 -7.084011385726157 0.7853027230010846 0.4747434363712466 0.3661241668397114 0
30 0.3562423296935089 4.503372940063045 -0.20862138715244716 0.41149137511734174 0.5117625713345721 2
35 0.102019768483547 2.311369980407015 -0.7608544707912781 0.5604995572680355 0.4375515457009379 1
40 0.6246076788645131 2.8240201484010994 -0.17180584824319187 0.42387985764657404 0.6815498020597078 1
45 1.694712981448214 0.10895029889632973 2.1680862042212095 0.49748789994493037 0.3679254098685365 1
51 1.7773310192271836 4.689731237849529 -0.7117670855789375 0.45175513944816065 0.6338911818405863 1
56 3.1784637805583458 1.63158116584269 -1.4191207931036607 0.6270907357028418 0.5039571245978027 1
61 4.144425860855139 1.8276743132096702 -1.1855306178869292 0.3477343862568014 0.39335827307893934 2
66 2.7969860665612285 3.995616554513768 -1.3783282097258824 0.5411103159723947 0.7312734507774571 2
71 4.245735592464098 3.062406469366555 -1.025761410468055 0.5396023182699419 0.6024963356406745 2
76 3.70298286578861 6.548397813497587 2.155913374590416 0.455369008284225 0.7310831748518996 2
82 5.1387183885424355 5.058068708266103 2.1004211076710053 0.41905152543452284 0.5186258571818878 2
88 4.515772130229324 5.1388882409595835 2.109230669304982 0.36862913151591725 0.5012000466855632 2
94 5.013981793181571 6.142394531885517 2.0712056825855107 0.3872880077670085 0.6051149554575629 3
100 8.75277167730979 6.87604708226732 0.5645049299419161 0.5646399439564096 0.6213903462690826 3
106 4.733756725395863 -2.4995368449773645 -1.202900175770265 0.6124050906300451 0.7532718036307817 2
112 5.5863453719181155 -2.604025374602111 -1.3186607789166496 0.5652606785485094 0.5754564671701378 3
118 6.517783361095927 1.3831942993062505 1.9269455219195948 0.4877511095766982 0.5696832145638403 2
124 7.120502376785824 0.6483005253076577 2.0392470926293216 0.45571380705613007 0.42308608372534456 3
130 8.27935090776191 -2.4625535692584473 1.397915264631578 0.45049335893148706 0.4965501222927891 2
136 -0.6390332715535806 0.966888739613258 1.674340355633553 0.9716157983865981 0.40656788439934755 1
141 5.667144314181539 -4.8763481018863235 -1.4532779826916358 0.5301822359556047 0.6566202679197792 2
147 8.042901012498476 -3.259904848241598 1.644264350544336 0.44889791120746525 0.3228175533385765 2
153 6.411569163870374 -3.8848545238548184 -0.8926402351972254 0.6548205995658121 0.4333098028821861 2
159 5.923459442669189 0.022823603432966966 1.9285546843202506 0.4340515615472947 0.3144048852575573 0
165 6.655868953021794 -1.3391776916021372 2.0056108042465253 0.4530801886025564 0.43144594244285894 2
171 1.2461952602039494 -3.944849075522561 -0.913489606744454 0.6175438887312334 0.37297871165338004 1
176 1.5035369684191497 -3.589581921631773 -0.9498245915333828 0.2640194529576715 0.3258958667486511 3
181 5.16787964764185 -6.110555165893487 2.023012627913821 0.46076437255430985 0.43678363204115395 3
186 7.091083598622595 -3.095434716904569 2.2719102395586637 0.4612656416974038 0.5777893413157346 3
191 0.8603728700941788 8.524988192858592 -0.8802456638366076 0.4696804194368412 0.39667109522911453 3
201 5.579810881303189 6.664965810133423 -1.156903135033394 0.5036674124165781 0.5087776006047336 0
206 8.726101832170244 -1.3485463614566378 -1.327558105108648 0.7284018109685769 0.5309955043478719 2
241 9.396210235939087 6.282071329448419 -1.0617260106654494 0.6052641802447977 0.5292665509633441 0
326 3.4994189052670865 10.124583195140689 -1.0145410463326494 0.5198923945908089 0.4576295467065863 3
331 6.757969830259289 -6.267190643129352 -0.9581277113615163 0.5256950718794492 0.5374627259403535 3
336 6.994518616616164 -1.3450379580213447 1.9542961872774638 0.3656028223492655 0.5758014481385569 3
364 7.730984852150127 -2.0520916042928703 -0.5767767762450012 0.5734192504183415 0.3440975622096723 2
341 2.698510821858883 -11.266591973554721 1.193529640083669 0.4895703307564385 0.365591354506626 3
287 -1.5985716867048638 10.859799303796958 -0.7608544707912779 0.45691172464211727 0.30519362830705815 3
