0 1.3403853203621954 -1.9672363927731005 -0.9821428826933061 0.6128082444673915 0.4191851967801754 1
10 1.1021994729855549 -9.953757584033225 -2.2671485736606893 0.4948899081438103 0.5440255791939591 3
30 0.34191333946712893 4.506406410564593 -0.20862138715244716 0.41149137511734174 0.5405619150763942 1
35 -0.03470089820984068 2.463958652160441 -0.7608544707912781 0.48779630308586647 0.5610305394988838 1
40 0.7095793732426753 2.789725105841623 -0.17180584824319187 0.34742589875312097 0.48543333209663087 1
45 1.5443983346421282 2.4518635921275926 1.3856623759047866 0.5957166189440158 0.4478013917122556 1
51 1.7927365233657833 4.676442358590305 -0.7117670855789375 0.45175513944816065 0.5941826198222073 1
56 6.5314660965684554 -9.806995781541943 -1.4191207931036607 0.5838731303124436 0.5121438949534031 0
61 7.506171154854235 -9.38477500552887 -1.1855306178869292 0.5426445703733379 0.4439035302983397 0
66 4.362734697811476 -1.8518329194774055 -0.616089383076164 0.5390923599971491 0.5154472637422447 1
71 5.531667623379144 -6.471517376757962 -1.3503055947260767 0.42843068755212094 0.3954540360435329 3
100 8.774534421818753 6.9344047121926815 0.5645049299419161 0.6253642499287871 0.7664324374543235 3
106 5.25770164619318 -5.822920369991991 -1.202900175770265 0.4368706077681104 0.45286231205970306 2
118 1.994415803269166 11.74890407099228 1.9269455219195948 0.5170686051840935 0.40097410604658035 0
124 3.1279144175529026 11.683539953213003 2.0392470926293216 0.4753652756171119 0.3825711123434409 0
130 8.553044356907547 -1.973549370709181 1.146982923114463 0.6463244510557639 0.6356836997673514 2
136 -0.6491443446894966 0.9947944896693752 1.674340355633553 1.0045897239450539 0.40656788439934755 1
147 6.5121419488150485 -2.5067871515443603 1.7003732089184658 0.41665381529094436 0.4479424870692864 3
153 6.405549389525107 -0.5089070239029808 1.8691903205559615 0.6474674225312023 0.6420082484980081 2
159 0.6593762342943039 11.597580106410149 1.9285546843202506 0.4835216155562905 0.45423155810126287 0
165 3.201378278831648 9.29465139917122 2.0056108042465253 0.6088912188195689 0.47259831029807414 3
171 1.2602665558203217 -3.963080904451216 -0.913489606744454 0.6175438887312334 0.4181461201530045 1
176 1.609995777567112 -3.393820383667712 -0.9498245915333827 0.40539162760391656 0.46508451300185205 1
181 8.774112639118119 3.010832466535945 0.5424628242728624 0.5125696562416628 0.44608283899107076 2
186 3.853124607486104 7.996037743389078 1.7622628689186608 0.5637477969372083 0.5007424370670128 3
191 6.627414501729682 -5.351462905746891 -0.8802456638366076 0.6156315429624282 0.6901728478901216 3
201 8.128430049932257 -2.8506136206470467 -1.3826740204193215 0.5428277315446137 0.44241853065069436 3
241 9.26943477644599 6.237442283361815 -1.0617260106654494 0.6323754150639334 0.776198473031124 0
326 7.423386009715489 -4.630334403931545 -0.890424653636368 0.5339507247503186 0.818796967942355 2
336 4.13059064162457 9.028816233052883 1.9542961872774638 0.5020353703363362 0.41483079960567776 3
364 9.127868352393225 -1.4298073888633434 0.15650762389956857 0.3744428201967223 0.37720630972018854 2
394 7.263878193288105 -3.0377276296399964 1.436229899696973 0.4604799380903767 0.3896732716946325 3
425 4.660230020571333 3.374880215265222 2.1031167598351526 0.5246034341671674 0.6750326561124333 2
287 3.90958772386827 2.156725510319555 -1.0055646368122493 0.5642603969938961 0.5639963911300981 1
543 2.8972928118366172 4.842560111203629 -0.9638543254784883 0.4417215291586623 0.37258613886341296 0
567 5.301692172213756 2.2433021717892907 2.2048741383511525 0.5045947061780153 0.6478797243458574 2
629 3.3875479760799636 -6.111597274811657 0.987086870604687 0.5205595315297515 0.4863067736053957 0
709 -0.02189209568818365 5.857533441575184 2.8735632123357893 0.5028742331989952 0.40546489756497167 3
688 -1.0091817314685432 -12.068688871582191 -2.2330204766058426 0.483033325071849 0.4337796096493532 3
718 -0.612817624366264 -10.77557646782671 -2.2872308627762457 0.5721717969484094 0.5753368304899816 3
764 8.655311677976563 -0.3699048305982106 -2.6308794549806738 0.5952580754036042 0.5185589180986075 3
770 8.006229602113706 -0.294456264263718 -2.6114550125996177 0.37564229874701427 0.4114932581085549 3
791 7.281012374868326 5.224844637235954 3.027269395515947 0.46659450737739194 0.4364893026208775 3
797 1.5961716099518426 6.503790214612826 -1.0443932789402524 0.4878163309522755 0.42067507616054634 0
858 2.200395499275989 7.191536083856878 -1.0287926533423384 0.5160974400619469 0.40133741762392017 3
929 3.1080706910543947 10.71836513730031 2.0099903614548813 0.46022832910304884 0.34886834411819573 0
956 10.83039989814869 2.1555416354148567 -2.6515038444437584 0.6466414060078058 0.5302617175400272 2
962 10.71612001258632 2.7140423265763842 -2.7280908416663734 0.5246067665716869 0.46532040035613426 2
967 3.2923402749062025 -8.45958944737844 -2.100275255032188 0.477993319778775 0.5112784048398158 3
1013 8.655287608272381 -6.502735708666867 2.1584577022421265 0.46765149902607245 0.3754513461654237 3
1019 3.722171409197126 -8.848498828264386 -2.0112616173524955 0.4344853841551178 0.3902812900394557 3
