0 1.47919705232555 -1.8517533937557693 -0.9821428826933061 0.6128082444673915 0.40843964150802814 1
10 -0.813392798156855 -11.601703664786971 -2.2671485736606893 0.5620612412105452 0.47912847647333945 3
30 0.34191333946712893 4.506406410564593 -0.20862138715244716 0.41149137511734174 0.5405619150763942 1
35 -0.014260118252609838 2.4444974118208593 -0.7608544707912781 0.48779630308586647 0.6167580290099127 1
40 0.5852187198807336 2.8234657473548146 -0.17180584824319187 0.34742589875312097 0.541159213496921 1
45 1.579840884787893 2.8383297133007113 1.3856623759047866 0.6708805604314659 0.4478013917122556 1
51 1.7927365233657833 4.676442358590305 -0.7117670855789375 0.45175513944816065 0.5941826198222073 1
66 5.2727124429516286 -3.319798026018399 -0.616089383076164 0.5390923599971491 0.5559292054184944 2
71 3.647116486130486 -10.16053855213421 -2.063155034515448 0.42843068755212094 0.43681341104111654 0
100 8.774534421818753 6.9344047121926815 0.5645049299419161 0.6253642499287871 0.7664324374543235 0
106 5.257873873215879 -5.840474945735045 -1.202900175770265 0.36247522939100224 0.39829481836819736 3
130 8.51616116474329 -2.0044418396141346 1.146982923114463 0.6463244510557639 0.5414290440577196 3
136 -0.6390332715535806 0.966888739613258 1.674340355633553 0.9716157983865981 0.40656788439934755 1
147 6.184880318173445 -1.322285820270981 1.7003732089184658 0.5326521251202646 0.5023958451268767 2
153 5.096611224917336 3.0928297543726253 1.8691903205559615 0.6014529534086818 0.7308283750533102 2
165 2.482265056317087 11.496786353883918 2.0056108042465253 0.5486552876949432 0.47259831029807414 0
171 1.2602665558203217 -3.963080904451216 -0.913489606744454 0.6175438887312334 0.4181461201530045 1
176 1.6036872166822367 -3.509302105927318 -0.9498245915333827 0.43314424822003517 0.38833127863245703 1
181 10.834628837041164 4.60013337099909 0.5424628242728624 0.4604450458888526 0.4746778833387003 2
186 2.8424230497024277 10.137895847839744 1.9534090541686668 0.5637477969372083 0.3994885214691898 3
191 7.982901985688743 -8.018799020407528 -0.8802456638366076 0.5650417248695593 0.42661351864163805 3
201 8.60176509608041 -4.766507932970924 -1.3826740204193215 0.5788846268586094 0.48717180509915026 2
241 9.26943477644599 6.237442283361815 -1.0617260106654494 0.6323754150639334 0.776198473031124 3
326 9.540763191535952 -7.315824927621314 -0.890424653636368 0.5339507247503186 0.4056686371963981 3
336 3.4641827322878145 10.589755192018643 1.9542961872774638 0.5020353703363362 0.41483079960567776 0
364 9.126222026110982 -1.3935742169929686 0.15650762389956857 0.4338075633146098 0.42457368549260505 2
394 6.825322857878565 -1.1330456181221276 1.436229899696973 0.47592390318880484 0.5417348640878341 3
425 4.195803844749116 5.966069863459047 2.1031167598351526 0.49698297494965454 0.49886316882608905 2
287 4.54951037171258 0.12179381672751138 -1.0055646368122493 0.5145010592932145 0.5450094862837486 1
543 4.199008639738859 3.179834474805422 -0.9638543254784883 0.33434212872636854 0.3694361503600642 2
567 4.619721840400993 5.049642140789639 2.2048741383511525 0.4650554706009777 0.6716922578974036 2
709 -0.02189209568818365 5.857533441575184 2.8735632123357893 0.5028742331989952 0.40546489756497167 0
764 7.872835194622806 -2.4282517848702083 -1.9396154547832323 0.5456230370340417 0.5072414485234373 2
770 7.286849171547995 -2.4900691479320023 -1.6692294916482724 0.37564229874701427 0.3510379994177752 2
791 7.079090350201727 5.089902761079995 3.0272693955159475 0.5417092237230077 0.4364893026208775 2
797 2.5517474092685575 4.309725144588244 -1.0443932789402524 0.4878163309522755 0.42067507616054634 0
858 3.2218386153673193 5.097949529040932 -1.0287926533423384 0.4599875734347394 0.3619686105692983 3
956 8.985753347824112 0.8649650138599245 -2.6515038444437584 0.6740507194455274 0.3964101782212439 3
962 8.877476222901656 1.4982402559109156 -2.7280908416663734 0.6269853619346825 0.46532040035613426 2
967 1.0447803216083598 -9.86992261251113 -1.878524074764963 0.4421443681444022 0.4864435187985622 3
1013 7.002842243992228 -4.47938198111835 2.1584577022421265 0.4427761518294173 0.4085429493708545 0
1062 5.998300743251442 -5.451496682633891 1.6894290914782444 0.5417259718622942 0.40916934327416316 2
1067 5.690773566942162 4.899250322541368 -1.3060897376499694 0.5418204223401927 0.6502964536535809 2
1072 3.9990213435345536 3.059621377242357 -1.1629862710225933 0.402154232392294 0.41938696464294556 2
1143 2.652536553695493 4.928962338162172 -1.0769715122275947 0.44705949829033625 0.4046687806022018 0
629 4.490167422838046 -4.49718917732751 1.028264671475788 0.4618609179377551 0.3834382320126234 2
1186 6.592722124688035 -5.251263812676806 1.5950235124927754 0.484795820538026 0.44410369587742027 2
1019 1.429410513905864 -10.35443835049759 -1.902818696366592 0.45960551148273904 0.3949306685401445 3
