0 1.1643186922086712 -2.0464613225557784 -0.9821428826933061 0.6649880693012771 0.4385000660565452 1
10 0.4536381113888903 -8.810966947481766 0.7284598538516568 0.4948899081438103 0.43484336771240173 3
20 2.0322094403020015 -9.756433515330198 0.7853027230010846 0.4747434363712466 0.3980031595071121 3
30 0.44111043256776494 4.502075986701765 -0.20862138715244716 0.44350698526247834 0.34787405736445903 3
35 0.06529087621642798 2.2238641384341937 -0.7608544707912781 0.3856622047088375 0.6259162321580709 1
40 0.6088814591556784 2.783410106450326 -0.17180584824319187 0.30015535978044844 0.6287936063511653 1
45 1.444584824064235 2.014997096166839 1.3856623759047866 0.621189568678101 0.4150147558968274 1
51 1.7773310192271836 4.689731237849529 -0.7117670855789375 0.45175513944816065 0.6338911818405863 1
56 4.358921470125857 -1.9650717704799514 -1.4191207931036607 0.5442172483450287 0.5850543873718984 1
61 5.007318239127742 -1.9153158767526142 -1.1855306178869292 0.5691346884963343 0.8948225367185759 2
66 2.8243150605215805 1.9624718290786067 -0.616089383076164 0.3589524870237606 0.5969010572456978 1
71 4.104956140169163 -0.8853962962535971 -1.025761410468055 0.5435238321797323 0.47460686937811286 1
76 1.1765684695028624 10.522439103887004 2.155913374590416 0.5403997669379559 0.4983901059561865 0
82 3.9574759700370348 8.82989124746871 2.1004211076710053 0.41905152543452284 0.5390850592291067 2
88 2.946897780616141 8.953883357356457 2.109230669304982 0.4138685889465308 0.3914625826446642 3
94 3.1087766134581916 9.851497008316253 2.0712056825855107 0.4501457021261111 0.3660153369299042 3
100 8.79520111123275 6.932619660831133 0.5645049299419161 0.5646399439564096 0.6213903462690826 3
106 5.541106304592705 -6.084788157643943 -1.202900175770265 0.6326196467673487 0.6009345754930399 2
112 5.721575486009556 -6.802150814607094 -1.3186607789166496 0.5024906529222319 0.523958393167298 3
118 5.148094156289744 4.964695474688181 1.9269455219195948 0.5105911406412075 0.4151969073912965 2
124 5.730100141595049 4.2324539857484815 2.0392470926293216 0.4645010006500495 0.3584335944525569 3
130 8.563889287298478 -2.22022455129011 1.146982923114463 0.5089752551090507 0.5057636590305243 0
136 -0.6390332715535806 0.966888739613258 1.674340355633553 0.9716157983865981 0.40656788439934755 1
141 6.047700889487584 -8.643631238635141 -1.4532779826916358 0.4869169065585958 0.36023657963620875 0
147 7.997376028703226 -3.4004520699625584 -1.940484739167154 0.44889791120746525 0.4269598845334651 0
153 7.030046347271426 -3.520277086192497 1.411158040353914 0.426510559932337 0.46598012878049794 2
159 4.43056645043169 3.9428466681611964 1.9285546843202506 0.43353456008725616 0.5479279584596789 2
165 6.665747365413614 1.5161127866145208 2.0056108042465253 0.4494456065660865 0.772273937003815 2
171 1.2461952602039494 -3.944849075522561 -0.913489606744454 0.6175438887312334 0.37297871165338004 1
176 1.5964247415540156 -3.5673002510050575 -0.9498245915333828 0.4381857320537635 0.3258958667486511 1
181 5.327614007236927 -3.1244689592443877 1.4547084082512967 0.6819245966924877 0.6952294960061276 2
186 6.287669782214111 0.6120924895196976 1.7622628689186608 0.5271046822082623 0.7623667961303124 2
191 3.7414527739377417 3.953331035966344 -0.8802456638366076 0.5436473237382089 0.6884497368385556 2
201 7.496839713796097 3.5877619916565258 -1.1314445724896527 0.5575796162998723 0.4868598542448987 3
206 8.229507314589286 -4.7599742669331535 -2.0520209432780656 0.43360113936443756 0.49915520439547995 3
241 9.306572794729929 6.444049199872746 -1.0617260106654494 0.6323754150639334 0.776198473031124 0
326 6.508701707807379 5.262063999642272 -1.0145410463326494 0.5198923945908089 0.6616208923911729 3
331 7.035198655426023 -1.9998321966571142 1.5787802799914195 0.5255900069446647 0.4756957609166597 2
336 7.176296804967172 1.8644263229092595 1.9542961872774638 0.46125178914978177 0.3665475309279273 3
364 9.195784585155954 -1.5526169846576092 0.48813897369329295 0.39622653880512854 0.35566863369588925 3
341 5.095165529137284 -10.524468920348635 -1.4609419574443798 0.4895703307564385 0.365591354506626 0
394 7.587490320974239 -4.004631366637481 1.436229899696973 0.47336708838492664 0.3896732716946325 3
425 6.454189429902285 -4.23932070362974 2.1031167598351526 0.4871664973027132 0.4428770967550577 2
287 0.1477510014759127 8.307779707994424 -1.0055646368122493 0.5308248186179075 0.3899541197213932 3
488 8.759124566859589 -4.091632453206864 -2.2148766939278066 0.487268980685878 0.34755866186603274 0
517 1.643798254408467 -8.994204185160946 -2.347990284604301 0.5061206649636997 0.4013536747123872 3
543 -1.0395454222898572 10.756217955952023 -0.9638543254784883 0.45048042554023016 0.3702450753963015 3
567 7.09201401205367 -5.201990029457337 2.2048741383511525 0.47755280369484315 0.558051224925816 2
