0 1.1241481504112139 -2.0019316538618446 -0.9821428826933061 0.6128082444673915 0.37299655388803016 1
10 3.112394882035747 -9.149786760106993 -2.2671485736606893 0.4948899081438103 0.503651616829684 3
20 0.7053473103337702 -11.49866064001313 -2.220542275734761 0.5520124164545736 0.41672919938899783 3
30 0.34191333946712893 4.506406410564593 -0.20862138715244716 0.41149137511734174 0.5405619150763942 1
35 -0.06337161522747731 2.4446420982117156 -0.7608544707912781 0.43586501069277955 0.5610305394988838 1
40 0.6262962664020063 2.784138097674021 -0.17180584824319187 0.34742589875312097 0.5950337307082321 1
45 1.4845249268504819 2.0454944054516435 1.3856623759047866 0.595125456623483 0.5256703483021604 1
51 1.7927365233657833 4.676442358590305 -0.7117670855789375 0.45175513944816065 0.5941826198222073 1
56 5.561476588546386 -6.861775266710189 -1.4191207931036607 0.5838731303124436 0.6113623602013969 3
61 6.427490680774455 -6.871627902577661 -1.1855306178869292 0.5426445703733379 0.4439035302983397 0
66 3.768996776908221 -0.35600738677309296 -0.616089383076164 0.5431060351312208 0.5788535711193846 1
71 5.784376119287532 -5.840563520213931 -1.025761410468055 0.5292572976153523 0.3745339922512137 2
100 8.781475531195342 6.9388001212299315 0.5645049299419161 0.6253642499287871 0.7501152643753936 3
106 5.05872222539292 -5.834384799465195 -1.202900175770265 0.4368706077681104 0.45286231205970306 2
118 2.984841241315046 9.558759759193514 1.9269455219195948 0.5170686051840935 0.40097410604658035 3
124 3.407685288533789 10.61963188402276 2.0392470926293216 0.4753652756171119 0.3825711123434409 3
130 8.539038588399178 -2.004593670685586 1.146982923114463 0.6463244510557639 0.5337023868731849 2
136 -0.6390332715535806 0.966888739613258 1.674340355633553 0.9716157983865981 0.40656788439934755 1
147 7.7529663966665 -3.398246238464272 -1.940484739167154 0.5418867237974113 0.5883133811022341 3
153 6.855054276998096 -3.306076834182759 1.411158040353914 0.5294522199711749 0.6040484015617474 3
159 2.3648157265607095 8.484182568644952 1.9285546843202506 0.4835216155562905 0.45423155810126287 0
165 4.134388267230685 6.675126123166608 2.0056108042465253 0.4622837671453369 0.363586283644522 3
171 1.2461952602039494 -3.944849075522561 -0.913489606744454 0.6175438887312334 0.37297871165338004 1
176 1.5489441523506233 -3.500928830354211 -0.9498245915333828 0.4381857320537635 0.3258958667486511 1
181 7.333690778911563 1.499615215888694 1.454708408251296 0.5174198864097307 0.46492057750054616 2
186 4.881076472652236 5.596801444502611 1.7622628689186608 0.4556920349795866 0.5069800461615804 3
191 5.285299132171194 -2.4289954243332184 -0.8802456638366076 0.6079134040544216 0.5014534892268407 2
201 8.169914398002057 -0.6429425630888859 -1.3826740204193215 0.4975462013941449 0.43955178024453745 3
241 9.26943477644599 6.237442283361815 -1.0617260106654494 0.6323754150639334 0.776198473031124 3
326 6.381594722030002 -1.848993488180389 -1.252755644929954 0.486498702806246 0.5639509540460923 2
336 4.82857254852161 6.991051500000936 1.9542961872774638 0.5020353703363362 0.41483079960567776 0
364 9.097130383448832 -1.4335375183257677 0.48813897369329295 0.3744428201967223 0.4618001729604937 3
394 7.555031314693113 -3.8971696877353166 1.436229899696973 0.525349329063421 0.3896732716946325 3
425 5.326382788421254 0.5086567445889482 2.1031167598351526 0.5079386252028748 0.5904078404717762 2
287 3.0789150927959437 4.341521518004544 -1.0055646368122493 0.5308248186179075 0.5248845918989231 0
517 -2.0589314025711296 -11.166391994720113 -2.347990284604301 0.5061206649636997 0.5221080109954764 3
543 1.430433778643685 7.190285615524832 -0.9638543254784883 0.49213862681209986 0.32987139115991915 0
567 5.990773421155298 -0.2033262159458827 2.2048741383511525 0.502173063834053 0.4563886275363526 2
624 2.1175354189065483 -8.178977290277631 0.9410613197493677 0.44343883408637474 0.38116092671905016 0
629 1.661367388710155 -7.924115863627961 0.987086870604687 0.5205595315297515 0.4863067736053957 3
709 -0.02189209568818365 5.857533441575184 2.8735632123357893 0.5028742331989952 0.40546489756497167 3
688 1.0978087568562556 -10.536668660120684 -2.2330204766058426 0.439709016037957 0.481970750536934 3
718 1.4596554026049318 -9.592696319049132 -2.2872308627762457 0.4790217378684432 0.575713976709146 3
764 10.077964432369539 1.1956459174816016 -2.6308794549806738 0.6040328976640869 0.5747470701455368 3
770 9.318217428696737 1.4298745823531822 -2.7976783765532156 0.42392318141754504 0.4083447818606295 3
791 8.62320136116536 5.426886638319559 -2.6568603474960306 0.4674650508217358 0.4171689646471656 2
797 0.8531600513166094 9.145035883557524 -1.0443932789402524 0.4878163309522755 0.42067507616054634 3
821 -1.8093229371635078 -11.926167400598356 -2.3211522304742784 0.5047960565232918 0.3823809854657905 3
858 0.5376657889978612 10.61967756456197 -1.0287926533423384 0.5160974400619469 0.40133741762392017 0
