0 1.2620647907775187 -1.9853878345467253 -1.2901667091486013 0.5780181167661623 0.4385000660565452 1
10 -2.1659621469860246 -10.732479025179185 0.7284598538516568 0.4948899081438103 0.3541232940129448 3
15 -1.4799046599893533 -11.079868300620339 -2.3139646465407586 0.57096610923806 0.36071376901857083 3
20 1.6751537958465552 -7.538980474391378 0.7853027230010846 0.4747434363712466 0.3661241668397114 3
30 0.3562423296935089 4.503372940063045 -0.20862138715244716 0.41149137511734174 0.5117625713345721 1
35 0.053131011562301086 2.1271405045828966 -0.7608544707912781 0.3437727231933593 0.5282173598756715 1
40 0.5150712676498589 2.8675517369448147 -0.17180584824319187 0.3266916581719997 0.6877294765734615 1
45 2.0990153291426807 -0.6980900930748698 2.1680862042212095 0.6008452669840204 0.3679254098685365 1
51 1.7424351625912202 4.719832610794891 -0.7117670855789375 0.45175513944816065 0.7249826313372619 1
56 2.9565615814332236 2.878666844918902 -1.4191207931036607 0.6270907357028418 0.8207777057732855 1
61 3.627810179321038 2.9899297535908045 -1.1855306178869292 0.3766422860865586 0.4994035858532571 2
66 2.690708680454912 4.769721126265014 -1.3207769322615053 0.6068045632308301 0.5974678310338679 2
71 3.6151104104630543 4.461331918036709 -1.025761410468055 0.43526578476959255 0.5396604029786175 2
76 4.083513925772502 5.566894633836687 2.155913374590416 0.455369008284225 0.555506825260267 2
82 5.765597340542155 3.9093562080508493 2.1004211076710053 0.4979418782658024 0.6107546278235707 2
88 5.083437540758307 3.9515225049853724 2.109230669304982 0.5412319993450124 0.3894003597812446 3
94 5.430725146444337 4.9040097925836195 2.0712056825855107 0.3872880077670085 0.4331852171806464 3
100 8.67965979793641 6.76637926320729 0.5645049299419161 0.5646399439564096 0.6213903462690826 3
106 4.7723240373028295 -1.106999094090057 -1.202900175770265 0.5779738865557592 0.694488286128526 1
112 5.617162372950806 -1.1195846940581338 -1.3186607789166496 0.5652606785485094 0.4866823214497271 3
118 6.656079101122291 0.29583450582429394 1.9269455219195948 0.5432445052656039 0.5426023078048613 2
124 7.143611125951655 -0.6000329651911667 2.0392470926293216 0.42836250808368437 0.38527654485501095 2
130 7.639797739844799 -2.21250610040288 -1.754634865099005 0.5592128398319806 0.40978012102209704 3
136 -0.6390332715535806 0.966888739613258 1.674340355633553 0.9716157983865981 0.40656788439934755 1
141 5.3169353491232 -3.4727619379476664 -1.4532779826916358 0.5061644514626706 0.5213256460068701 2
147 8.089570640026034 -4.167580738876447 -1.7540972420341363 0.5406185426190555 0.49629611293125875 3
153 6.1057074303472385 -3.3121460495367967 -1.3015377520039353 0.5652238105464502 0.38203290283416447 2
159 6.35139948016249 -1.090812471474845 1.9285546843202506 0.5254585553754159 0.48204034771038606 3
165 6.538686950840018 -2.5412084948057156 2.0056108042465253 0.4854802244506577 0.3642537893722912 0
171 1.2461952602039494 -3.944849075522561 -0.913489606744454 0.6175438887312334 0.37297871165338004 1
176 1.5964247415540156 -3.5673002510050575 -0.9498245915333828 0.4381857320537635 0.3258958667486511 1
181 5.527330834465952 -5.791086764737523 2.023012627913821 0.46076437255430985 0.45893730325358395 2
186 7.40606716705918 -4.332558678628635 2.2719102395586637 0.4029248757466494 0.4900027365565913 3
191 -0.5093295237723624 10.16700874711149 -0.8802456638366076 0.4696804194368412 0.39667109522911453 0
201 5.089050337302867 7.708929694197869 -1.1001375455130582 0.48357731531867193 0.5215259982648313 3
206 8.112645307813382 -0.45414378642333697 -1.327558105108648 0.7590495870386205 0.5309955043478719 2
241 9.396210235939087 6.282071329448419 -1.0617260106654494 0.6052641802447977 0.5292665509633441 0
264 1.413565032397603 10.98340310959946 2.063884918317235 0.5291042681435255 0.48657583362126866 3
282 6.121003175647756 -7.3937024794680895 -1.1402449511145039 0.544620718304966 0.39629594599845364 3
287 -2.0548218412731236 11.667874148201603 -1.0483679991346142 0.4905676176714302 0.3547927946600112 3
