0 1.205506666421658 -2.0378879704483994 -1.2901667091486013 0.6124812336398326 0.4385000660565452 1
10 -1.9829745261300245 -10.522277555554641 0.7284598538516568 0.4948899081438103 0.3541232940129448 3
15 -1.7546525798343868 -11.293561127166402 -2.3139646465407586 0.57096610923806 0.36071376901857083 3
20 1.7798480170808384 -7.355765587231305 0.7853027230010846 0.4747434363712466 0.3661241668397114 3
30 0.3562423296935089 4.503372940063045 -0.20862138715244716 0.41149137511734174 0.5117625713345721 1
35 0.06578633750048883 2.2122594862679286 -0.7608544707912781 0.44018126476927955 0.4128114658172741 1
40 0.5867992716912341 2.8744284978249905 -0.17180584824319187 0.42387985764657404 0.6348167137020275 1
45 1.9324860473939451 -0.424004557709228 2.1680862042212095 0.43812169069268936 0.3679254098685365 1
51 1.7410000157174126 4.721070577001898 -0.7117670855789375 0.45175513944816065 0.6838707044102321 1
56 2.9989913274426345 2.4752942147067594 -1.4191207931036607 0.6270907357028418 0.6158911153698539 1
61 3.661931873391701 2.6611216540728098 -1.1855306178869292 0.662482805620917 0.4994035858532571 2
66 2.727111454299144 4.591142961856758 -1.6156731945463876 0.6245323958625941 0.6138477039472989 2
71 3.8690925536643253 4.034355960501384 -1.025761410468055 0.5396023182699419 0.6344154385863479 2
76 4.05000906725076 5.827097768096867 2.155913374590416 0.5445933637443479 0.5002686481660183 2
82 5.592741449798503 4.427102180606225 2.1004211076710053 0.41905152543452284 0.5745507982266501 0
88 4.736843681742519 4.309923969827275 2.109230669304982 0.5536581649752235 0.3303718594476198 3
94 5.100411466022941 5.534118520290116 2.0712056825855107 0.3872880077670085 0.4331852171806464 3
100 8.67965979793641 6.76637926320729 0.5645049299419161 0.5646399439564096 0.6213903462690826 0
106 4.709673936260113 -1.669626808498766 -1.202900175770265 0.5779738865557592 0.5067210616785144 2
112 5.489216584047336 -1.4851440909252525 -1.3186607789166496 0.5652606785485094 0.4866823214497271 3
118 6.6552262539312155 0.809672590150744 1.9269455219195948 0.4207118110398997 0.5394215246076374 2
124 7.223627674702798 -0.2199099968735988 2.0392470926293216 0.36449444761293076 0.45434356456169805 2
130 8.063091480598436 -3.385434341124664 1.600537075397972 0.43926476652596946 0.47193544678270066 2
136 -0.6516452573470413 0.9655781566950415 1.674340355633553 0.996771539109534 0.40656788439934755 1
141 5.46581832984495 -3.8796689949264187 -1.4532779826916358 0.536242740076738 0.39397862202841005 2
147 8.079807211402006 -4.128223682328002 1.644264350544336 0.44889791120746525 0.3228175533385765 3
153 6.198544829106316 -3.5524475535929985 -1.0318372674922525 0.5652238105464502 0.5259451235536631 2
159 6.197450562686413 -0.6777645693746935 1.9285546843202506 0.4340515615472947 0.33434877742720254 2
165 6.875481990990433 -2.4496943543878955 2.0056108042465253 0.6353896934953276 0.3642537893722912 0
171 1.2461952602039494 -3.944849075522561 -0.913489606744454 0.6175438887312334 0.37297871165338004 1
176 1.5964247415540156 -3.5673002510050575 -0.9498245915333828 0.4381857320537635 0.3258958667486511 1
181 5.492984722492027 -6.04884175568968 2.023012627913821 0.46076437255430985 0.6408376615877539 2
186 7.2139758284671975 -3.9233376491316894 2.2719102395586637 0.5408610444937938 0.3911197428419189 3
191 0.2766231794917231 9.47244589306425 -0.8802456638366076 0.4696804194368412 0.39667109522911453 0
201 5.390111000760381 7.253405396926573 -0.9712526032120087 0.48357731531867193 0.4548810375262932 3
206 8.299483744961933 -0.7303566510090758 -1.327558105108648 0.7590495870386205 0.5309955043478719 2
241 9.396210235939087 6.282071329448419 -1.0617260106654494 0.6052641802447977 0.5292665509633441 0
264 1.26009240588783 11.431453056904179 2.063884918317235 0.5291042681435255 0.48657583362126866 3
282 6.183192927698451 -7.164828148594402 -1.1402449511145039 0.544620718304966 0.4579573554531158 0
287 -1.858212169124084 11.384612460489613 -0.6994952392758524 0.49415083778728836 0.34969293858391615 3
