0 1.1641013940200344 -2.0617770913154465 -0.9821428826933061 0.6128082444673915 0.5147574084703587 1
10 1.5497470383922547 -7.866816116879984 0.7284598538516568 0.4948899081438103 0.503651616829684 3
20 2.912773262420505 -9.364833200831542 -2.220542275734761 0.4747434363712466 0.3980031595071121 0
30 0.3562423296935089 4.503372940063045 -0.20862138715244716 0.41149137511734174 0.5117625713345721 1
35 -0.06337161522747731 2.4446420982117156 -0.7608544707912781 0.43586501069277955 0.5610305394988838 1
40 0.6770739008403687 2.7753273422921017 -0.17180584824319187 0.34742589875312097 0.49373376689872456 1
45 1.4799535827669374 2.0210850663328106 1.3856623759047866 0.595125456623483 0.4421707331005999 1
51 1.7927365233657833 4.676442358590305 -0.7117670855789375 0.45175513944816065 0.5941826198222073 1
56 4.842473499540219 -3.9613442963798535 -1.4191207931036607 0.5717465070807828 0.4454324216459083 2
61 5.379425166292664 -3.9185826890015814 -1.1855306178869292 0.5426445703733379 0.45243304047553745 2
66 2.836215552211374 1.6705944602909244 -0.616089383076164 0.34339584469999035 0.5969010572456978 1
71 4.48819900542562 -2.8137959678694617 -1.025761410468055 0.5739315125350203 0.5524749768978615 1
82 3.2674997416637543 10.946826626999409 2.1004211076710053 0.5489194263949058 0.5143510181683489 0
88 1.3879907181556987 11.06252966092819 2.109230669304982 0.4521281472539742 0.4549176219105002 3
94 1.7682759587393895 11.633158836710681 2.0712056825855107 0.5090108725187504 0.3660153369299042 0
100 8.781475531195342 6.9388001212299315 0.5645049299419161 0.6253642499287871 0.7501152643753936 3
106 5.060488417293687 -5.8830535274930655 -1.202900175770265 0.3495982682528234 0.4283161591276095 3
112 7.086732361673067 -8.674175302428193 -1.3186607789166496 0.541706379274002 0.43003692743793476 3
118 4.217339863447529 6.863764767498566 1.9269455219195948 0.5105911406412075 0.4151969073912965 0
124 5.2570413928837665 6.379208154102281 2.0392470926293216 0.4732375366721466 0.48727355159233154 0
130 8.46813421191574 -1.8802431242032205 1.146982923114463 0.6463244510557639 0.6260635669876902 3
136 -0.6390332715535806 0.966888739613258 1.674340355633553 0.9716157983865981 0.40656788439934755 1
147 8.013504054905553 -3.4117470167679294 -1.940484739167154 0.5418867237974113 0.5570241196884793 3
153 7.017536058808283 -3.4657321655371653 1.411158040353914 0.5294522199711749 0.4412093533586854 3
159 3.5083744691779173 5.957556616786895 1.9285546843202506 0.43628717141595075 0.500025814796154 0
165 5.576521168518077 3.6078491559914303 2.0056108042465253 0.5640036382489193 0.4591891714089377 3
171 1.2461952602039494 -3.944849075522561 -0.913489606744454 0.6175438887312334 0.37297871165338004 1
176 1.5489441523506233 -3.500928830354211 -0.9498245915333828 0.4381857320537635 0.3258958667486511 1
181 6.3997311676922255 -1.2881450245613568 1.454708408251296 0.3614934099027111 0.5464795671424139 2
186 5.39773072147957 2.5343007961924706 1.7622628689186608 0.45765626163623596 0.45249175037749934 2
191 4.662672650204544 1.5774146270702156 -0.8802456638366076 0.6237727720561002 0.613616441407502 2
201 7.970318349570141 1.9271877569715878 -1.1314445724896527 0.4975462013941449 0.6420282953098022 2
206 8.529530962070076 -6.305692506327713 -0.8798421125953123 0.6173348553438233 0.49915520439547995 3
241 9.306572794729929 6.444049199872746 -1.0617260106654494 0.6323754150639334 0.776198473031124 3
326 6.975939461096406 2.7370131783800002 -1.252755644929954 0.5198923945908089 0.6278983273733957 2
331 9.118699727966852 0.03539575237912071 0.7063129265877393 0.5488992384492698 0.5306024420262978 2
336 6.1266736129336055 3.7704677560099586 1.9542961872774638 0.504210994586364 0.39011454280400754 0
364 9.10881982740291 -1.3819129594791868 0.48813897369329295 0.25252197437436463 0.4709293171876741 2
394 7.610512920455872 -4.031161248638892 1.436229899696973 0.525349329063421 0.3896732716946325 0
425 5.876745957884335 -2.4352300001363187 2.1031167598351526 0.4811116601522927 0.518028931685899 1
287 1.2841629043638578 6.969321067354872 -1.0055646368122493 0.5308248186179075 0.3899541197213932 3
488 8.593817901752816 -4.835512446187346 -1.9994141043430043 0.487268980685878 0.34755866186603274 0
512 8.214668286949504 -8.645075153507515 -1.3113912063721345 0.6543516599182216 0.5223589661462469 0
517 0.49371922764090503 -10.025612917216952 -2.347990284604301 0.36345240386091116 0.4464388896679359 3
543 0.07324621372135981 9.19799835890953 -0.9638543254784883 0.49213862681209986 0.3397255778192205 0
567 6.20244050786981 -3.2186765309132372 2.2048741383511525 0.47342142039587454 0.40377816706257064 2
624 -0.6745821504934268 -10.390504117111742 0.9410613197493677 0.6339753574066979 0.4228031516569069 3
629 -1.3138012952865321 -10.176554472655694 0.987086870604687 0.5205595315297515 0.4198287811452187 3
650 1.760619789878284 -10.789586013965183 -2.262622957308017 0.5317213517097212 0.4582436051658534 3
688 4.183146759603007 -8.555631867480027 -1.8301433562686449 0.504215700085493 0.400386515854026 3
