0 1.5005540309035486 -1.8299177565940778 -0.9821428826933061 0.6718284333726697 0.4420814627519299 1
30 0.4005093292951005 4.494001544356719 -0.20862138715244716 0.41149137511734174 0.42246031346475416 1
35 0.12989905565431148 2.4652507217364388 -0.7608544707912781 0.32171595223367555 0.5380947105062928 1
40 0.5273547767838189 2.9107124522957766 -0.17180584824319187 0.34742589875312097 0.5629965605286597 1
45 1.5712091063188198 2.7922391097496293 1.3856623759047866 0.6708805604314659 0.4478013917122556 1
51 1.7927365233657833 4.676442358590305 -0.7117670855789375 0.45175513944816065 0.5941826198222073 1
66 5.460113535469022 -4.380480252868722 -1.4215526277308812 0.5495537433359303 0.5488249568854223 2
71 1.5136153314789977 -10.807312293362365 -2.063155034515448 0.5106701860073316 0.510284036174569 2
100 8.774534421818753 6.9344047121926815 0.5645049299419161 0.6253642499287871 0.7664324374543235 3
106 5.214915814924092 -5.689115197273725 -1.202900175770265 0.36247522939100224 0.39829481836819736 3
130 8.466395682392239 -1.9819899297290333 1.146982923114463 0.6463244510557639 0.5414290440577196 3
136 -0.6390332715535806 0.966888739613258 1.674340355633553 0.9716157983865981 0.40656788439934755 1
147 6.042989680680018 -0.24149854029267337 1.7003732089184658 0.5600470435915873 0.4570636035151487 2
153 4.5590549410071155 5.7526659474263715 1.869190320555961 0.5737349954108952 0.45703022544761046 3
171 1.2602665558203217 -3.963080904451216 -0.913489606744454 0.6175438887312334 0.4181461201530045 1
176 1.6053953298487744 -3.5610818904165504 -0.9498245915333827 0.4755470887427626 0.38833127863245703 1
186 2.363384596231332 11.595156106994631 1.9534090541686668 0.5637477969372083 0.3994885214691898 0
201 8.854067940879837 -6.306466060753844 -1.1155959807334197 0.5788846268586094 0.5480025280187126 3
241 9.26943477644599 6.237442283361815 -1.0617260106654494 0.6323754150639334 0.776198473031124 3
336 3.531553054355095 11.563015326221672 1.9542961872774638 0.5020353703363362 0.41483079960567776 0
364 9.132750155809967 -1.4191840310499086 0.15650762389956857 0.4338075633146098 0.42457368549260505 2
394 6.660277575290225 -0.15636059679346356 1.790699696192284 0.47592390318880484 0.5417348640878341 2
425 3.3266696596409076 7.506750514848964 2.1031167598351526 0.49698297494965454 0.49886316882608905 3
287 4.917984526827819 -1.2695673378925696 -1.0055646368122493 0.571125473687427 0.6752886560978868 2
543 5.00522928314466 2.002892068055482 -1.1913294831216712 0.33434212872636854 0.40991416352819 3
567 3.8271229110363207 6.689936889873605 2.2048741383511525 0.4650554706009777 0.3528781146823089 0
709 -0.02189209568818365 5.857533441575184 2.8735632123357893 0.5028742331989952 0.40546489756497167 0
764 8.071124964689698 -3.994267937228088 -1.6162718779356406 0.5456230370340417 0.5196065912963708 3
770 7.367808795982269 -3.970976973010821 -1.6692294916482724 0.4164925342268349 0.3654966357931161 2
791 7.0474930996553695 4.843365235070391 3.0272693955159475 0.5417092237230077 0.4364893026208775 2
797 2.6465106161476672 3.621695100056229 -1.0443932789402524 0.4878163309522755 0.42067507616054634 0
858 3.7936980823024578 3.581313710775085 -1.5207539607987732 0.4255878398209491 0.43340993864344846 2
956 8.339556590907211 -0.3736690073878206 -2.6515038444437584 0.5454867903905807 0.41773098827392435 3
962 7.95185378907191 0.3643660221052434 -2.7280908416663734 0.5489953075793301 0.46532040035613426 2
967 -0.29144132125042016 -10.798701228108294 -1.878524074764963 0.47581120041149494 0.4864435187985622 3
1013 6.5060317626025785 -3.0181365461069967 1.7737016999717186 0.38870775479189995 0.42973674806803663 2
1062 6.066449978702625 -3.7414020133544588 1.6307309865346946 0.5417259718622942 0.6515202093681258 2
1067 6.603369270706227 2.9940622703035054 -1.3060897376499694 0.43830358777219874 0.4431566087919173 2
1072 4.582097828194458 1.8928844333158932 -1.1629862710225933 0.31610003406151704 0.37878149483762896 2
1143 3.3838373164380675 3.539674826472133 -1.4548605283607483 0.48021492294948226 0.44378596409625465 2
629 5.119021025987265 -3.3745277043743287 1.7811784674564048 0.5288218933980542 0.5524711633969466 2
1186 6.420954537948778 -4.413606817311015 1.5950235124927754 0.484795820538026 0.44410369587742027 0
1019 0.0597664013385249 -11.166407072599924 -1.902818696366592 0.5075002468677309 0.3949306685401445 3
1279 4.023539709170214 5.032179852785112 -1.1840602338251947 0.4651360597617087 0.6376127623414283 2
1284 -0.811987335649306 -11.75440756787721 1.1966594914986324 0.46072941623336866 0.4294693928678317 3
1289 1.1715261414087779 -11.456278688485977 1.1726994528935766 0.5009516504763938 0.4395170061753366 3
1294 2.0158490448256248 -11.380108580903052 1.1414862485510744 0.5054857424691287 0.36859525350042155 3
