0 1.1643186922086712 -2.0464613225557784 -0.9821428826933061 0.6649880693012771 0.4385000660565452 1
10 -0.5871259049809625 -9.581177236925186 0.7284598538516568 0.4948899081438103 0.3541232940129448 3
20 3.133236819055529 -8.204582309287284 0.7853027230010846 0.4747434363712466 0.35327211844435785 3
30 0.44180353355401547 4.485259494252329 -0.20862138715244716 0.41149137511734174 0.33944856517271793 3
35 0.10610953256293876 2.3074762013121 -0.7608544707912781 0.5604995572680355 0.5705326913946822 1
40 0.641634231446519 2.8210657612687187 -0.17180584824319187 0.42387985764657404 0.6474953207457579 1
45 1.530537649305677 1.1470203699096395 1.3856623759047866 0.5263238809579083 0.44369244920186246 1
51 1.7773310192271836 4.689731237849529 -0.7117670855789375 0.45175513944816065 0.6338911818405863 1
56 3.8336847816324453 -0.08233534464382963 -1.4191207931036607 0.589814862298663 0.5538242874506268 1
61 4.490686882982713 0.23899548412414187 -1.1855306178869292 0.5414264712836764 0.42860072870845367 2
66 2.7481955818039845 2.7885325468611732 -0.616089383076164 0.41512154154124736 0.6282953379164709 2
71 4.519468646476351 1.3559118937841788 -1.025761410468055 0.47264095715850973 0.6228932192942073 2
76 2.779350244367406 7.683814076128879 2.155913374590416 0.5074182460703527 0.5275398218353434 0
82 4.441130643340531 6.700582323138826 2.1004211076710053 0.41905152543452284 0.6476028238574676 2
88 3.9698396451681726 6.783376773749019 2.109230669304982 0.45020884239261216 0.5782380259001488 2
94 4.210394342036807 7.87838552191104 2.0712056825855107 0.41418658573595557 0.6051149554575629 3
100 8.79520111123275 6.932619660831133 0.5645049299419161 0.5646399439564096 0.6213903462690826 0
106 5.2758988630412675 -4.0866114085207395 -1.202900175770265 0.5810657676589747 0.6284097994729355 2
112 5.939853148025528 -4.5505452159772 -1.3186607789166496 0.5024906529222319 0.5054465269216638 0
118 5.957989891822087 2.9952978694293444 1.9269455219195948 0.4877511095766982 0.6992725197457152 3
124 6.738963228874643 2.241433300397533 2.0392470926293216 0.45571380705613007 0.42308608372534456 3
130 8.237391887960726 -2.4798900615607216 -2.192341012896991 0.4616471726946651 0.5545476001333464 2
136 -0.6390332715535806 0.966888739613258 1.674340355633553 0.9716157983865981 0.40656788439934755 1
141 5.638800184835923 -6.486334312937822 -1.4532779826916358 0.4869169065585958 0.36023657963620875 2
147 7.947694576131664 -3.441864733747399 -1.940484739167154 0.44889791120746525 0.4269598845334651 2
153 7.034604292708449 -3.624956627003855 2.0473560453885735 0.465928283211043 0.5467666698098763 2
159 5.468058901410228 1.9399372823109033 1.9285546843202506 0.4654465141965985 0.3639307160472041 3
165 6.679866663443768 -0.11738585918558786 2.0056108042465253 0.4530801886025564 0.4786228003604832 0
171 1.2356520357651564 -3.9860538975047364 -0.913489606744454 0.6175438887312334 0.42418346413680436 1
176 1.5445415255384825 -3.6407266260991062 -0.9498245915333828 0.2710880616899832 0.4117142791009789 1
181 4.898859777587049 -4.906715419390346 2.023012627913821 0.5894835839702837 0.4629928681295828 2
186 6.787301119847641 -1.4593209559585623 1.7622628689186608 0.5271046822082623 0.5202826991663846 2
191 2.1764305676406335 6.600055422283367 -0.8802456638366076 0.4696804194368412 0.39667109522911453 3
201 6.268736408349892 5.411100803363656 -1.1314445724896527 0.5663146479861391 0.5689245353077125 0
206 8.739379878918974 -3.002764982097814 -1.9253326194441198 0.6164881509521076 0.3853866323623728 3
241 9.306572794729929 6.444049199872746 -1.0617260106654494 0.6323754150639334 0.776198473031124 0
326 4.956711076601428 8.078278020770826 -1.0145410463326494 0.5198923945908089 0.5426536191409616 3
331 6.53407320339634 -4.47019528465468 1.9496773423183864 0.5535329490475331 0.5793529335513592 2
336 7.168573244821996 0.28667905519302755 1.9542961872774638 0.5681404454973497 0.4440581819766395 0
364 8.55617060100722 -1.5804368966785278 0.48813897369329295 0.49804719585823176 0.30876079524807226 3
341 4.256630870110899 -10.011873693598062 1.193529640083669 0.4895703307564385 0.365591354506626 3
394 7.955687456621977 -4.041286605028475 2.002710390123557 0.525349329063421 0.3896732716946325 0
425 7.2703647587183085 -6.256505757195419 2.1031167598351526 0.4871664973027132 0.4203361584489205 2
287 -0.6986626046416696 9.60516980323119 -1.0055646368122493 0.49701292514661904 0.3899541197213932 3
