0 1.485751699645141 -1.9319460686213703 -0.9821428826933061 0.6128082444673915 0.40843964150802814 1
10 -0.3164202020456942 -11.436945538596436 -2.2671485736606893 0.5620612412105452 0.47912847647333945 3
30 0.34191333946712893 4.506406410564593 -0.20862138715244716 0.41149137511734174 0.5405619150763942 1
35 -0.03711342777964574 2.4362511465691723 -0.7608544707912781 0.48779630308586647 0.5953043966907439 1
40 0.5852187198807336 2.8234657473548146 -0.17180584824319187 0.34742589875312097 0.541159213496921 1
45 1.6532926793490519 2.8484273473726436 1.3856623759047866 0.6708805604314659 0.4478013917122556 1
51 1.7927365233657833 4.676442358590305 -0.7117670855789375 0.45175513944816065 0.5941826198222073 1
66 5.147979224985299 -3.1053820656307445 -0.616089383076164 0.5390923599971491 0.5559292054184944 2
71 3.8008370372920175 -9.62883480564625 -2.063155034515448 0.42843068755212094 0.43681341104111654 3
100 8.774534421818753 6.9344047121926815 0.5645049299419161 0.6253642499287871 0.7664324374543235 3
106 5.257873873215879 -5.840474945735045 -1.202900175770265 0.36247522939100224 0.39829481836819736 3
130 8.51616116474329 -2.0044418396141346 1.146982923114463 0.6463244510557639 0.5414290440577196 3
136 -0.6390332715535806 0.966888739613258 1.674340355633553 0.9716157983865981 0.40656788439934755 1
147 6.227233692922031 -1.6543155033792423 1.7003732089184662 0.5326521251202646 0.5362953871746363 2
153 5.258812092533502 2.4879573721407553 1.869190320555961 0.5283064625664746 0.8140991930047224 2
165 2.6848703442912747 11.063710329221045 2.0056108042465253 0.5486552876949432 0.47259831029807414 0
171 1.2602665558203217 -3.963080904451216 -0.913489606744454 0.6175438887312334 0.4181461201530045 1
176 1.6036872166822367 -3.509302105927318 -0.9498245915333827 0.43314424822003517 0.38833127863245703 1
181 10.365725238255994 4.2850791901544 0.5424628242728624 0.4604450458888526 0.4746778833387003 2
186 3.032551390614158 9.770437402671229 1.9534090541686668 0.5637477969372083 0.3994885214691898 3
191 7.773959802554219 -7.495312513637945 -0.8802456638366076 0.5650417248695593 0.42661351864163805 3
201 8.589000223718607 -4.496158519451581 -1.3826740204193215 0.5788846268586094 0.44241853065069436 2
241 9.26943477644599 6.237442283361815 -1.0617260106654494 0.6323754150639334 0.776198473031124 3
326 9.107665405138428 -6.875481259712837 -0.890424653636368 0.5339507247503186 0.668989491125631 3
336 3.5504389360814175 10.287914326344504 1.9542961872774638 0.5020353703363362 0.41483079960567776 0
364 9.122417893898211 -1.4545025756061085 0.15650762389956857 0.4338075633146098 0.42457368549260505 2
394 6.915216305022075 -1.5662732930499312 1.436229899696973 0.47592390318880484 0.5417348640878341 3
425 4.297571791912955 5.595805030185273 2.1031167598351526 0.49698297494965454 0.6441974342155713 2
287 4.576718884297509 0.5017564378149431 -1.0055646368122493 0.4789298118424919 0.5450094862837486 1
543 4.085171799104765 3.460050033036035 -0.9638543254784883 0.33434212872636854 0.3694361503600642 2
567 4.59029811968398 4.505924379213973 2.2048741383511525 0.42796556854330303 0.45137280659818946 2
709 -0.02189209568818365 5.857533441575184 2.8735632123357893 0.5028742331989952 0.40546489756497167 3
718 -2.2528005094690124 -11.944205681597357 -2.2872308627762457 0.5721717969484094 0.5753368304899816 3
764 7.872050372860598 -2.430282343926135 -1.9396154547832323 0.5456230370340417 0.6181648245419754 3
770 7.388683567668457 -2.1648881432199727 -1.6692294916482724 0.37564229874701427 0.3510379994177752 2
791 7.093391377740877 5.214450202547108 3.0272693955159475 0.5417092237230077 0.4364893026208775 2
797 2.332075504651277 4.512819673298715 -1.0443932789402524 0.4878163309522755 0.42067507616054634 0
858 3.1210200572072466 5.446024109445587 -1.0287926533423384 0.4255878398209491 0.40133741762392017 0
956 9.26186442726604 1.031695215845701 -2.6515038444437584 0.7425539685010416 0.48467296426353473 3
962 9.264476450518401 1.7957949793747032 -2.7280908416663734 0.5514144507017379 0.5727012986529917 2
967 1.4339675152580875 -9.653307238236062 -1.878524074764963 0.4421443681444022 0.4864435187985622 3
1013 7.220099945584481 -4.95343204747433 2.1584577022421265 0.4427761518294173 0.520489442430671 2
1062 5.930803873931232 -5.867150034177384 -1.5346673213393713 0.549138099193422 0.349543200623919 2
1067 5.517411820080304 5.25411553047293 -1.3060897376499694 0.5418204223401927 0.5022915455436511 3
1072 3.7851978213059305 3.3271072960661576 -1.1629862710225933 0.43534724106273537 0.41938696464294556 2
1143 2.4736646112308818 5.1929852254858 -1.0769715122275947 0.44705949829033625 0.4046687806022018 3
629 4.277752668048666 -4.696900663390431 1.028264671475788 0.4618609179377551 0.3834382320126234 2
1186 6.419329841137752 -5.383934396575061 1.5950235124927754 0.484795820538026 0.44410369587742027 2
1019 1.8304960013566995 -10.109732348770752 -1.902818696366592 0.45960551148273904 0.3949306685401445 2
