0 1.2770921095697834 -1.5642110217756313 0.098174770424681 0.34286223208269706 0.4933267489661194 1
5 -0.3953767648101527 -11.482515357145333 -2.3340661354624515 0.5439316512565984 0.47731121175426106 3
10 -2.5933333883712866 -11.158613475333526 0.7284598538516568 0.4948899081438103 0.3541232940129448 3
15 -1.0213341225328443 -10.459674125651699 -2.3198484922750042 0.536103599097506 0.36071376901857083 3
20 1.307709311544572 -7.661450698114211 0.7853027230010846 0.4747434363712466 0.3661241668397114 3
30 0.3562423296935089 4.503372940063045 -0.20862138715244716 0.41149137511734174 0.5117625713345721 1
35 -0.04730544495865381 2.24040959448251 -0.7608544707912781 0.44018126476927955 0.3602882958751848 1
40 0.6229004067058778 2.8155467945330113 -0.17180584824319187 0.42387985764657404 0.5798465338985641 1
45 2.4714001863101784 -1.2460439290149055 2.1680862042212095 0.6008452669840204 0.27519394968244226 1
51 1.7424351625912202 4.719832610794891 -0.7117670855789375 0.45175513944816065 0.7249826313372619 2
56 2.962400997339889 3.6951244258763496 -1.4191207931036607 0.6270907357028418 0.7799772277776215 2
61 3.4435716420388656 3.7446888820634925 -1.1855306178869292 0.5049424923973831 0.4789974349049629 2
66 2.5164104572199855 5.356929875962766 -1.2654467203702038 0.47292518806157074 0.39722370614359237 2
71 3.1528611818324146 5.327573624203758 -1.025761410468055 0.4736514573626974 0.48847741160327096 2
76 4.421089365933224 5.057184113039523 2.155913374590416 0.4217703323524734 0.3255699281267436 0
82 5.949583380932895 3.278051025074499 2.1004211076710053 0.3941778820740296 0.45228331360246243 2
88 5.390159058436565 3.310427192434892 2.109230669304982 0.5539333838953825 0.7946908776488807 2
94 5.629764714575964 4.270090566850023 2.0712056825855107 0.3872880077670085 0.7127784870327 2
100 8.734984547225476 6.88554666959256 0.5645049299419161 0.5646399439564096 0.6076881237321342 3
106 4.850001805987248 -0.17898605544801463 -1.202900175770265 0.5034783225604716 0.7680300296542575 2
112 5.574806078269528 -0.2595687070808234 -1.3186607789166496 0.5652606785485094 0.5262287392312665 3
118 6.460815864450512 -0.5663953911031387 1.9269455219195948 0.3988076662439301 0.5026904045133119 0
124 7.037744269424962 -1.3643218432253135 2.0392470926293216 0.3715994534164632 0.5085953578672445 2
130 7.641783188706162 -2.1130786553921506 -1.8949086244354334 0.4752664035849852 0.3665696735983425 2
136 -0.6390332715535806 0.966888739613258 1.674340355633553 0.9716157983865981 0.40656788439934755 1
141 5.389331687956946 -2.8274758286781654 -1.1832963355922885 0.5783684882180286 0.48960655362853667 0
147 8.315573882608893 -2.358630132870941 -1.7540972420341363 0.5406185426190555 0.3301205926558466 3
153 6.292605740388992 -3.6820102893928555 -1.292454747448108 0.47108236803176123 0.38203290283416447 0
159 6.570933954788581 -2.059749833981232 2.440880402499948 0.4908119595816665 0.44600456813690853 2
165 7.223755055471259 -3.2786219393428753 2.0056108042465253 0.6353896934953276 0.3642537893722912 0
171 1.2461952602039494 -3.944849075522561 -0.913489606744454 0.6175438887312334 0.37297871165338004 1
176 1.5964247415540156 -3.5673002510050575 -0.9498245915333828 0.4381857320537635 0.3258958667486511 1
181 5.595087509458327 -5.251490965871466 1.312954412965278 0.5893666551760568 0.42141554506152173 2
186 7.809660460694141 -5.05421800425548 2.2719102395586637 0.5046835979126838 0.37193811979811475 2
191 -0.7610287440038445 10.557485673421196 -0.8802456638366077 0.4696804194368412 0.39667109522911453 3
196 0.9541490442168032 11.647055451053895 2.0453721324247036 0.49552342782417735 0.4390584732798674 0
201 4.646646482643051 8.434631722154707 -0.9879095433741238 0.4322788218673341 0.4305452393527344 3
206 7.904791695849661 0.14205259314801483 -1.327558105108648 0.6833338961679893 0.5309955043478719 2
241 9.396210235939087 6.282071329448419 -1.0617260106654494 0.6052641802447977 0.5292665509633441 3
25 4.297679638835597 -7.277320098446021 0.6258641614573417 0.4875507619992996 0.3829413546085834 3
