0 1.466179452319767 -1.8322545021371148 -0.9821428826933061 0.6128082444673915 0.40843964150802814 1
10 -1.0404799351103544 -11.815487379219093 -2.2671485736606893 0.5620612412105452 0.47912847647333945 3
30 0.34191333946712893 4.506406410564593 -0.20862138715244716 0.41149137511734174 0.5405619150763942 1
35 -0.025154427109321337 2.3857828122220393 -0.7608544707912781 0.3891886572493217 0.6811189259674186 1
40 0.5796656010505874 2.8784737557325637 -0.17180584824319187 0.34742589875312097 0.5704980851873085 1
45 1.5712091063188198 2.7922391097496293 1.3856623759047866 0.6708805604314659 0.4478013917122556 1
51 1.7927365233657833 4.676442358590305 -0.7117670855789375 0.45175513944816065 0.5941826198222073 1
66 5.357866424148198 -3.5698003619503225 -0.616089383076164 0.5390923599971491 0.5142239592922127 2
71 2.6470297965326037 -10.066364263987865 -2.063155034515448 0.42843068755212094 0.43681341104111654 0
100 8.774534421818753 6.9344047121926815 0.5645049299419161 0.6253642499287871 0.7664324374543235 3
106 5.257873873215879 -5.840474945735045 -1.202900175770265 0.36247522939100224 0.39829481836819736 3
130 8.51616116474329 -2.0044418396141346 1.146982923114463 0.6463244510557639 0.5414290440577196 2
136 -0.6390332715535806 0.966888739613258 1.674340355633553 0.9716157983865981 0.40656788439934755 1
147 6.187147856146069 -1.104873378211363 1.7003732089184662 0.5600470435915873 0.46182928930692724 2
153 4.866666499253735 3.7363454583374387 1.869190320555961 0.47561109891537284 0.45703022544761046 2
165 2.442394685999355 11.816573627549849 2.0056108042465253 0.5486552876949432 0.47259831029807414 0
171 1.3440983855650723 -3.898379635970917 -0.913489606744454 0.40825171697994417 0.4181461201530045 1
176 1.623636055338848 -3.5371878753372563 -0.9498245915333827 0.43314424822003517 0.32100363860062164 1
186 2.6532092551965887 10.581787914983575 1.9534090541686668 0.5637477969372083 0.3994885214691898 0
191 8.275234270483347 -8.530616140463575 -0.8802456638366076 0.5650417248695593 0.42661351864163805 3
201 8.368987052206041 -5.173336925836001 -1.3826740204193215 0.5788846268586094 0.48717180509915026 0
241 9.26943477644599 6.237442283361815 -1.0617260106654494 0.6323754150639334 0.776198473031124 0
336 3.3960885276142934 10.849967783103004 1.9542961872774638 0.5020353703363362 0.41483079960567776 0
364 9.122417893898211 -1.4545025756061085 0.15650762389956857 0.4338075633146098 0.42457368549260505 0
394 6.807538724859283 -0.9821214635366875 1.436229899696973 0.47592390318880484 0.5417348640878341 2
425 4.1398795820829815 6.393090144073485 2.1031167598351526 0.49698297494965454 0.49886316882608905 3
287 4.686331440728456 -0.2119399150435744 -1.0055646368122493 0.522280157418734 0.6234029637292833 1
543 4.460059358528818 2.8102913817830775 -1.1913294831216712 0.33434212872636854 0.3694361503600642 3
567 4.48697844423209 5.426399961320522 2.2048741383511525 0.4650554706009777 0.6917485903626817 2
709 -0.02189209568818365 5.857533441575184 2.8735632123357893 0.5028742331989952 0.40546489756497167 0
764 7.8971671042898945 -2.808820347667305 -1.9396154547832323 0.5456230370340417 0.5196065912963708 2
770 7.276101632622989 -2.8100809164554477 -1.6692294916482724 0.37564229874701427 0.5565401719054874 2
791 7.093391377740877 5.214450202547108 3.0272693955159475 0.5417092237230077 0.4364893026208775 0
797 2.5612835196222123 3.9731069617821975 -1.0443932789402524 0.4878163309522755 0.42067507616054634 0
858 3.351889323348321 4.818980680987514 -1.505687647008444 0.4530103411008447 0.4141956562808054 2
956 8.861262830622039 0.6037709819476353 -2.6515038444437584 0.5411675699298094 0.3964101782212439 3
962 8.552829956083526 1.2254500598910136 -2.7280908416663734 0.6269853619346825 0.46532040035613426 2
967 0.6682537597299758 -10.098434347283977 -1.878524074764963 0.4421443681444022 0.4864435187985622 3
1013 6.812084081402918 -4.130805038599967 2.1584577022421265 0.4427761518294173 0.4085429493708545 2
1062 6.03569065421715 -5.047714697466456 1.6307309865346946 0.5417259718622942 0.4796972709979711 2
1067 6.0566541930409805 4.312341477084658 -1.3060897376499694 0.5418204223401927 0.41739484647020264 3
1072 4.120110484118049 2.8175885528557796 -1.1629862710225933 0.31610003406151704 0.5110549921215604 2
1143 2.967560056169632 4.463687154318778 -1.0769715122275947 0.44705949829033625 0.4046687806022018 3
629 4.517344646350996 -4.284387269960538 1.028264671475788 0.4618609179377551 0.43954334938488565 2
1186 6.62984344663276 -5.04816928396629 1.5950235124927754 0.484795820538026 0.44410369587742027 2
1019 1.0867576741799612 -10.482711649719604 -1.902818696366592 0.5075002468677309 0.3949306685401445 3
