0 1.1641013940200344 -2.0617770913154465 -0.9821428826933061 0.6128082444673915 0.5147574084703587 1
10 1.2990517063055185 -8.072920542897048 0.7284598538516568 0.4658108331507104 0.4416082626784372 3
20 3.155870261337026 -9.312740986777989 -2.220542275734761 0.4747434363712466 0.3980031595071121 0
30 0.3562423296935089 4.503372940063045 -0.20862138715244716 0.41149137511734174 0.5117625713345721 1
35 -0.06337161522747731 2.4446420982117156 -0.7608544707912781 0.43586501069277955 0.5610305394988838 1
40 0.6770739008403687 2.7753273422921017 -0.17180584824319187 0.34742589875312097 0.49373376689872456 1
45 1.4823029728261607 2.0336299672700267 1.3856623759047866 0.595125456623483 0.4150147558968274 1
51 1.7927365233657833 4.676442358590305 -0.7117670855789375 0.45175513944816065 0.5941826198222073 1
56 4.623078458018073 -3.5695674365188568 -1.4191207931036607 0.5717465070807828 0.4454324216459083 1
61 5.274025352682722 -3.5403006336849225 -1.1855306178869292 0.671259687372711 0.45243304047553745 2
66 2.73803649403261 1.8406131797843406 -0.616089383076164 0.3875668064769977 0.5969010572456978 1
71 4.313372173547005 -2.437592980271798 -1.025761410468055 0.5739315125350203 0.47460686937811286 1
82 3.267499741663836 10.54177466371204 2.1004211076710053 0.5489194263949058 0.5143510181683489 3
88 1.785435418432538 10.478236929011105 2.109230669304982 0.4138685889465308 0.4549176219105002 0
94 2.1081640340485657 11.370944106786078 2.0712056825855107 0.5090108725187504 0.3660153369299042 0
100 8.685638006453916 6.878111677999678 0.5645049299419161 0.6253642499287871 0.7501152643753936 3
106 5.103226323352721 -6.056895943818878 -1.202900175770265 0.3495982682528234 0.40598207694353733 3
112 5.678546122940338 -8.248089407257332 -1.3186607789166496 0.541706379274002 0.43003692743793476 0
118 4.508363350725076 6.427229536582454 1.9269455219195948 0.5105911406412075 0.4151969073912965 0
124 5.385840306489013 5.746461218224604 2.0392470926293216 0.4732375366721466 0.3483893723458826 3
130 8.46813421191574 -1.8802431242032205 1.146982923114463 0.6463244510557639 0.6260635669876902 2
136 -0.6390332715535806 0.966888739613258 1.674340355633553 0.9716157983865981 0.40656788439934755 1
147 8.009198365523226 -3.3521054788054596 -1.940484739167154 0.4442768848657515 0.4504266533325135 3
153 6.965420889054883 -3.5535236496002205 1.411158040353914 0.47785431482547136 0.33675608506079696 3
159 3.6928360620309233 5.736651055073476 1.9285546843202506 0.43628717141595075 0.31516754850143064 0
165 5.854116506298126 3.197829181264815 2.0056108042465253 0.49273947983851757 0.4591891714089377 2
171 1.2461952602039494 -3.944849075522561 -0.913489606744454 0.6175438887312334 0.37297871165338004 1
176 1.4798786513878668 -3.55033670270623 -0.9498245915333828 0.27108806168998345 0.3258958667486511 1
181 6.2167637805046905 -1.646827178047336 1.454708408251296 0.5074490897049301 0.6437500752696619 2
186 5.481034055428305 2.170435075554569 1.7622628689186608 0.45765626163623596 0.6947373460387855 2
191 4.528638756503626 2.050080070857633 -0.8802456638366076 0.5873865283710012 0.5809772370080425 2
201 7.9520479299914575 2.2217873204300957 -1.1314445724896527 0.5575796162998723 0.7220313527619464 3
206 8.6342424082629 -6.123401162571481 -0.8798421125953123 0.5291773256395562 0.49915520439547995 3
241 9.306572794729929 6.444049199872746 -1.0617260106654494 0.6323754150639334 0.776198473031124 0
326 7.02008930578931 3.6696616101636303 -1.0145410463326494 0.5198923945908089 0.6278983273733957 0
331 8.657147846686309 -0.34911669865965633 0.7063129265877393 0.44424347374864187 0.5306024420262978 2
336 6.27554881968078 3.4131672598168836 1.9542961872774638 0.504210994586364 0.39011454280400754 3
364 9.112062208802904 -1.3880191389017447 0.48813897369329295 0.4870392694834982 0.4709293171876741 2
394 7.610512920455872 -4.031161248638892 1.436229899696973 0.525349329063421 0.3896732716946325 3
425 6.023920434301321 -2.9180860190720153 2.1031167598351526 0.4811116601522927 0.5153219334046957 2
287 1.0958056859976049 7.245301008390544 -1.0055646368122493 0.5308248186179075 0.3899541197213932 3
488 8.593817901752816 -4.835512446187346 -1.9994141043430043 0.487268980685878 0.34755866186603274 0
512 7.798116720825919 -8.502304203530391 -1.3113912063721345 0.5279483125654528 0.3797405502348689 0
517 0.7837307828994708 -9.811173382814518 -2.347990284604301 0.5061206649636997 0.4464388896679359 3
543 -0.19003756241541758 9.279008751567106 -0.9638543254784883 0.49213862681209986 0.3397255778192205 0
567 6.181324974363442 -3.8395629646668024 2.2048741383511525 0.41826502318676 0.34903582430017804 0
624 -0.9803518485324492 -10.802473339087495 0.9410613197493677 0.5182379242198513 0.4046296063428943 3
629 -1.529585112844369 -10.648094950686675 0.9870868706046869 0.5205595315297515 0.4198287811452187 3
650 2.1353315613590267 -10.543873829197393 -2.262622957308017 0.5317213517097212 0.4582436051658534 3
