0 1.3158087404132912 -1.8241559856393983 -1.2901667091486013 0.5780181167661623 0.4385000660565452 1
5 -0.7357259687369235 -11.761533267304905 -2.3043699978583514 0.5229232682368141 0.47731121175426106 3
10 -2.327193995893216 -10.947454823722145 0.7284598538516568 0.4948899081438103 0.3541232940129448 3
15 -1.2787421136272654 -10.809712437600416 -2.3139646465407586 0.536103599097506 0.36071376901857083 3
20 1.419870035076818 -7.6061604114360675 0.7853027230010845 0.4747434363712466 0.3661241668397114 3
30 0.3562423296935089 4.503372940063045 -0.20862138715244716 0.41149137511734174 0.5117625713345721 1
35 -0.04730544495865381 2.24040959448251 -0.7608544707912781 0.44018126476927955 0.3602882958751848 1
40 0.5721706340659993 2.8769668072423613 -0.17180584824319187 0.42387985764657404 0.5798465338985641 1
45 2.3320310570629297 -0.9618234525461609 2.1680862042212095 0.6008452669840204 0.3679254098685365 1
51 1.7424351625912202 4.719832610794891 -0.7117670855789375 0.45175513944816065 0.7249826313372619 1
56 2.9430211359571006 3.2834895385253704 -1.4191207931036607 0.6270907357028418 0.8207777057732855 2
61 3.547172421387946 3.3700791838470887 -1.1855306178869292 0.3766422860865586 0.4994035858532571 2
66 2.556739366534929 5.127487265626991 -1.515680994589438 0.6871370287222446 0.6183423590318661 2
71 3.403422555257857 4.877233822553915 -1.025761410468055 0.43526578476959255 0.46760211376586736 2
76 4.173657965859771 5.286366792782319 2.155913374590416 0.455369008284225 0.38786546916735515 3
82 5.864806446281926 3.580315013720384 2.1004211076710053 0.41905152543452284 0.49636581997481083 2
88 5.2903026367718535 3.7446262062568634 2.109230669304982 0.4852546208557703 0.5870141006633206 2
94 5.502190260309598 4.5512415916485764 2.0712056825855107 0.3872880077670085 0.741516175063769 2
100 8.67965979793641 6.76637926320729 0.5645049299419161 0.5646399439564096 0.6213903462690826 3
106 4.864183976312139 -0.6591587457076225 -1.202900175770265 0.5779738865557592 0.694488286128526 1
112 5.615809556792397 -0.5472810406591151 -1.3186607789166496 0.5652606785485094 0.4866823214497271 3
118 6.747189805091459 -0.0013579102057079545 1.9269455219195948 0.5432445052656039 0.5160676910948564 2
124 7.106676222644538 -1.0041621280307518 2.0392470926293216 0.6280121401668639 0.5836200904846192 0
130 7.639797739844799 -2.21250610040288 -1.754634865099005 0.5592128398319806 0.40978012102209704 3
136 -0.6390332715535806 0.966888739613258 1.674340355633553 0.9716157983865981 0.40656788439934755 1
141 5.362214546739375 -3.100152628947789 -1.1832963355922888 0.5783684882180286 0.5213256460068701 3
147 8.216287116778169 -2.5663452599181307 -1.7540972420341363 0.5406185426190555 0.49629611293125875 3
153 6.090079758745292 -3.1351901389544974 -1.6939847564829917 0.47108236803176123 0.38203290283416447 3
159 6.460533287891589 -1.6364815101200954 1.9285546843202506 0.5254585553754159 0.48204034771038606 2
165 7.203007445834262 -3.339811379992108 2.0056108042465253 0.6353896934953276 0.3642537893722912 0
171 1.2461952602039494 -3.944849075522561 -0.913489606744454 0.6175438887312334 0.37297871165338004 1
176 1.5964247415540156 -3.5673002510050575 -0.9498245915333828 0.4381857320537635 0.3258958667486511 1
181 5.540766821874904 -5.576110966194589 2.023012627913821 0.46076437255430985 0.45893730325358395 2
186 7.580294507583196 -4.7273591347617065 2.2719102395586637 0.5177497217404028 0.4900027365565913 2
191 -0.5093295237723624 10.16700874711149 -0.8802456638366076 0.4696804194368412 0.39667109522911453 0
201 4.9339129719963255 8.03303243815299 -0.9211302215207233 0.5645646980702796 0.4522127714095786 2
206 7.991469181025192 -0.2532950246394486 -1.327558105108648 0.6833338961679893 0.5309955043478719 3
241 9.396210235939087 6.282071329448419 -1.0617260106654494 0.6052641802447977 0.5292665509633441 0
264 1.756814024024703 10.603228384603188 2.063884918317235 0.5291042681435255 0.48657583362126866 0
