0 1.1641013940200344 -2.0617770913154465 -0.9821428826933061 0.6128082444673915 0.5147574084703587 1
10 1.6594148574523389 -7.811982207349999 0.7284598538516568 0.4948899081438103 0.503651616829684 3
20 2.773694380238765 -9.491396465504586 -2.220542275734761 0.4747434363712466 0.3980031595071121 3
30 0.34191333946712893 4.506406410564593 -0.20862138715244716 0.41149137511734174 0.5405619150763942 1
35 -0.06337161522747731 2.4446420982117156 -0.7608544707912781 0.43586501069277955 0.5610305394988838 1
40 0.6262962664020063 2.784138097674021 -0.17180584824319187 0.34742589875312097 0.5950337307082321 1
45 1.4799535827669374 2.0210850663328106 1.3856623759047866 0.595125456623483 0.4421707331005999 1
51 1.7927365233657833 4.676442358590305 -0.7117670855789375 0.45175513944816065 0.5941826198222073 2
56 5.015807161575479 -4.351738486281872 -1.4191207931036607 0.5717465070807828 0.5416965509843561 2
61 5.553822841557294 -4.429787401387235 -1.1855306178869292 0.5426445703733379 0.45243304047553745 2
66 2.9983919509823793 1.5074489238932438 -0.616089383076164 0.4203660129430154 0.5580690402489729 1
71 4.594791627343372 -3.2614849799241603 -1.025761410468055 0.5739315125350203 0.5524749768978615 2
82 2.006969504503317 11.423565459546039 2.1004211076710053 0.5489194263949058 0.5143510181683489 0
88 1.237223935243152 11.394037792527977 2.109230669304982 0.4793169962480818 0.4549176219105002 3
100 8.781475531195342 6.9388001212299315 0.5645049299419161 0.6253642499287871 0.7501152643753936 3
106 5.077390166331482 -5.864232165549939 -1.202900175770265 0.3935930513382672 0.4508292990155865 3
118 4.2173398634475445 7.412252371304063 1.9269455219195948 0.5105911406412075 0.4151969073912965 3
124 5.116001723333801 7.507525510502155 2.0392470926293216 0.4732375366721466 0.48727355159233154 0
130 8.46813421191574 -1.8802431242032205 1.146982923114463 0.6463244510557639 0.6260635669876902 2
136 -0.6390332715535806 0.966888739613258 1.674340355633553 0.9716157983865981 0.40656788439934755 1
147 8.05543771249255 -3.42799650796439 -1.940484739167154 0.5418867237974113 0.5570241196884793 3
153 6.941517864795347 -3.5465425786012776 1.411158040353914 0.5294522199711749 0.5516266083553323 2
159 3.415280531122872 6.437158916309364 1.9285546843202506 0.46985872608719215 0.40835978572492215 2
165 5.407418245472569 3.909757150250485 2.0056108042465253 0.42440643311769327 0.4591891714089377 2
171 1.2461952602039494 -3.944849075522561 -0.913489606744454 0.6175438887312334 0.37297871165338004 1
176 1.4565056383640933 -3.5670572191415406 -0.9498245915333828 0.3134997140838572 0.3258958667486511 1
181 6.6559939442649565 -0.9869332705310929 1.454708408251296 0.43560421753707573 0.5969240456872832 2
186 5.179668913141645 3.018393812183381 1.7622628689186608 0.45765626163623596 0.45249175037749934 3
191 4.713033461053357 0.9691040708915095 -0.8802456638366076 0.6237727720561002 0.7266297065521117 2
201 8.025152259100222 1.5433503902612917 -1.1314445724896527 0.4975462013941449 0.6420282953098022 3
206 8.535592252687158 -6.9137340050413645 -0.8798421125953123 0.6173348553438233 0.6263184335986423 3
241 9.306572794729929 6.444049199872746 -1.0617260106654494 0.6323754150639334 0.776198473031124 0
326 6.9278056580918115 2.1002138971024693 -1.252755644929954 0.552302047183745 0.6278983273733957 2
331 9.672931013447469 0.3850196877966409 0.7063129265877393 0.5488992384492698 0.7656432313619559 2
336 5.851420111461884 4.067159517342022 1.9542961872774638 0.504210994586364 0.40133505484809767 2
364 9.10881982740291 -1.3819129594791868 0.48813897369329295 0.25252197437436463 0.4709293171876741 2
394 7.610512920455872 -4.031161248638892 1.436229899696973 0.525349329063421 0.3896732716946325 3
425 5.698011185549377 -2.0275148768580484 2.1031167598351526 0.6500850052840138 0.518028931685899 2
287 1.2375738731481307 7.042775026746719 -1.0055646368122493 0.5308248186179075 0.3899541197213932 3
488 8.431797116437796 -5.281069605803634 -1.821825507997899 0.487268980685878 0.34755866186603274 0
517 0.2550877515505432 -10.302941310556069 -2.347990284604301 0.5061206649636997 0.5221080109954764 3
543 0.2200284488231818 8.986611338273173 -0.9638543254784883 0.49213862681209986 0.32987139115991915 3
567 6.239016774077481 -2.8958712129439004 2.2048741383511525 0.6212691216198749 0.5713545393347295 2
624 -0.3563506848516487 -10.081846282760603 0.9410613197493677 0.6339753574066979 0.4228031516569069 3
629 -0.9190444868446348 -9.75130098269872 0.987086870604687 0.5205595315297515 0.4198287811452187 3
650 1.5706181361182783 -11.149406851853863 -2.262622957308017 0.4616094053826389 0.4834390563826322 3
709 0.03291087722010433 5.959094500266105 2.8735632123357893 0.5028742331989952 0.40546489756497167 3
688 3.8249072413500977 -8.869537256309485 -2.137420832362826 0.47926958192458624 0.34315993825010316 0
718 3.941109901443347 -8.082676715346029 -2.1426519886921653 0.4765352244845776 0.413559167005288 0
