0 1.3577530162178542 -1.3924471399472274 0.09817477042468101 0.42487185124765803 0.4933267489661194 1
5 -0.10789542564127397 -11.336228705853054 -2.23682797507543 0.5229232682368141 0.47731121175426106 3
10 -2.7055263142118533 -11.362203987584982 0.7284598538516568 0.4948899081438103 0.3541232940129448 3
15 -0.6914167668603672 -10.303397483491073 -2.235169467557964 0.536103599097506 0.36071376901857083 3
20 1.1861608120862872 -7.852455482977209 0.7853027230010845 0.4747434363712466 0.3661241668397114 3
25 4.052338186664823 -7.400977082948857 0.6334196446826206 0.4729418451361931 0.3789219824564506 3
30 0.3562423296935089 4.503372940063045 -0.20862138715244716 0.41149137511734174 0.5117625713345721 1
35 -0.04730544495865381 2.24040959448251 -0.7608544707912781 0.44018126476927955 0.3602882958751848 1
40 0.6937258288811854 2.821466769033952 -0.17180584824319187 0.3886299085790885 0.7157471741923995 1
45 2.637787221267174 -1.5708594113163354 2.1680862042212095 0.5722991461154299 0.38214670976260545 1
51 1.767228755385011 4.699426079579342 -0.7117670855789375 0.3785427307463993 0.6614389763619052 1
56 2.870941308552137 4.166623896752262 -1.2905603920651623 0.6564734118043769 0.7086299225014078 2
61 3.4243584023014426 4.24248750950289 -1.3272071345307126 0.48702825785841125 0.5931233548891481 2
66 2.4120506009765466 5.5267189251382405 -1.3849525574369952 0.5230935476036493 0.503597536596485 3
71 2.9782898489945637 5.8323632704627935 -0.6013204688511713 0.48410156973834545 0.48847741160327096 2
76 4.423952496889736 4.377540053034236 2.155913374590416 0.4217703323524734 0.6118558751984671 2
82 6.139389180027551 2.782999035864168 2.1004211076710053 0.5017396084886889 0.4750256988858882 3
88 5.614178739315156 3.101745539891834 2.109230669304982 0.5158657659235947 0.4509847587174972 2
94 5.799722118814926 3.869686851191581 2.0712056825855107 0.3872880077670085 0.5621476272494532 2
100 8.729147401287234 6.881850337692758 0.5645049299419161 0.5646399439564096 0.6213903462690826 3
106 4.859518815452699 0.23508652226877125 -1.202900175770265 0.5652535338514961 0.6385326690732337 1
112 5.553069720232122 0.28369409140106977 -1.3186607789166498 0.5652606785485094 0.711352165630509 3
118 6.510522212390811 -0.8506092048160372 1.9269455219195948 0.43744737537525347 0.5026904045133119 2
124 6.984146978731176 -1.7748428849311362 2.0392470926293216 0.6280121401668639 0.5836200904846192 2
130 7.642923304722926 -2.195696381656978 -1.754634865099005 0.5592128398319806 0.4259271847520665 3
136 -0.6390332715535806 0.966888739613258 1.674340355633553 0.9716157983865981 0.40656788439934755 1
141 5.345651696512702 -2.207000771999128 -1.1832963355922888 0.5783684882180286 0.48960655362853667 2
147 8.189583117905322 -2.5577889840289214 -1.7540972420341363 0.5406185426190555 0.4805030791871058 2
153 5.875633477558115 -2.640314105446014 -0.5332932663273695 0.47108236803176123 0.38203290283416447 2
159 6.605785782218458 -2.429390911707364 2.4168463624440975 0.4908119595816665 0.350882782328115 2
165 7.0004617937466485 -3.5610501865430413 2.0056108042465253 0.6353896934953276 0.3666458926754737 3
171 1.2461952602039494 -3.944849075522561 -0.913489606744454 0.6175438887312334 0.37297871165338004 1
176 1.5964247415540156 -3.5673002510050575 -0.9498245915333828 0.4381857320537635 0.3258958667486511 1
181 5.365483200335123 -5.979761032632639 2.023012627913821 0.46076437255430985 0.42141554506152173 3
186 8.06142116446574 -5.370024591892289 2.659952902320391 0.4957288275997752 0.37193811979811475 3
191 -1.1317424968590806 10.91341825245956 -0.891940153046912 0.4696804194368412 0.39667109522911453 3
196 1.112157196636816 11.325383573422933 2.0453721324247036 0.49552342782417735 0.4390584732798674 3
201 4.765449397048689 8.63610852628539 -1.0757333162052691 0.4805130134913401 0.4040881747652363 3
206 7.9450737028474565 0.6014026981561302 -1.2611783316369531 0.5127774231336832 0.4340688096177166 3
