0 1.1641013940200344 -2.0617770913154465 -0.9821428826933061 0.6128082444673915 0.5147574084703587 1
10 2.084377656310271 -7.647480478759683 0.7284598538516568 0.4948899081438103 0.503651616829684 0
20 2.2887438273808103 -10.022637276421044 -2.220542275734761 0.4747434363712466 0.3980031595071121 3
30 0.34191333946712893 4.506406410564593 -0.20862138715244716 0.41149137511734174 0.5405619150763942 1
35 -0.06337161522747731 2.4446420982117156 -0.7608544707912781 0.43586501069277955 0.5610305394988838 1
40 0.6262962664020063 2.784138097674021 -0.17180584824319187 0.34742589875312097 0.5950337307082321 1
45 1.4766854067775144 2.0036341778046394 1.3856623759047866 0.595125456623483 0.4421707331005999 1
51 1.7927365233657833 4.676442358590305 -0.7117670855789375 0.45175513944816065 0.5941826198222073 1
56 5.432517300917301 -5.126876760707633 -1.4191207931036607 0.6329606287541643 0.564284213312432 2
61 5.957561374928107 -5.128216573532046 -1.1855306178869292 0.5426445703733379 0.5878143878486313 3
66 3.1447614773921155 0.971233417622683 -0.616089383076164 0.4203660129430154 0.5802329317676678 1
71 5.046980336053061 -4.032326798170476 -1.025761410468055 0.5612340619093399 0.46255503090404093 2
100 8.781475531195342 6.9388001212299315 0.5645049299419161 0.6253642499287871 0.7501152643753936 3
106 5.0934816220676415 -5.858029797868782 -1.202900175770265 0.3935930513382672 0.4508292990155865 2
118 3.8460722751503034 8.057797300652465 1.9269455219195948 0.5105911406412075 0.4714060937856462 3
124 4.395176312616901 8.374286080442179 2.0392470926293216 0.4732375366721466 0.48727355159233154 0
130 8.415551659129335 -1.8459981714963005 1.146982923114463 0.6463244510557639 0.6449782972637886 3
136 -0.6390332715535806 0.966888739613258 1.674340355633553 0.9716157983865981 0.40656788439934755 1
147 8.077492058848224 -3.4076044242799144 -1.940484739167154 0.6359228245446916 0.5570241196884793 2
153 7.04225915044137 -3.550500355042832 1.411158040353914 0.40404274533734863 0.4786412405792566 2
159 3.115149965843956 7.160944636541817 1.9285546843202506 0.4182600871594594 0.45423155810126287 3
165 4.980417351388419 4.646002000977146 2.0056108042465253 0.42440643311769327 0.6130299780069399 2
171 1.2461952602039494 -3.944849075522561 -0.913489606744454 0.6175438887312334 0.37297871165338004 1
176 1.5489441523506233 -3.500928830354211 -0.9498245915333828 0.4381857320537635 0.3258958667486511 1
181 7.066460749390684 -0.41004211160949033 1.454708408251296 0.4859829953912155 0.44129078455835746 2
186 5.10949875409046 3.650234368580265 1.7622628689186608 0.5054891732538156 0.4895295639018684 2
191 4.865225314304564 -0.02061202816642027 -0.8802456638366076 0.6352995677902594 0.47014373168327733 2
201 8.151304734261071 0.8671813931520151 -1.382674020419322 0.4975462013941449 0.5454036210957496 2
241 9.30657279472997 6.227058003218584 -1.0617260106654494 0.6323754150639334 0.776198473031124 0
326 6.680712460110636 0.9295960409852957 -1.252755644929954 0.552302047183745 0.643846702704039 2
331 10.561163087356034 0.7784323001467379 0.7063129265877393 0.4517225893452843 0.4244199016972727 2
336 5.473420925518837 4.8141478312536385 1.9542961872774638 0.504210994586364 0.5061175425844664 3
364 9.161129456311473 -1.4252769198362563 0.48813897369329295 0.3744428201967223 0.432392805591119 2
394 7.610512920455872 -4.031161248638892 1.436229899696973 0.525349329063421 0.3896732716946325 0
425 5.60793455695206 -1.4218955514435663 2.1031167598351526 0.6500850052840138 0.710358660333342 2
287 1.9449298413819371 5.946862921633529 -1.0055646368122493 0.5308248186179075 0.3899541197213932 3
517 -0.4269898186523782 -10.507875895218078 -2.347990284604301 0.5061206649636997 0.5221080109954764 3
543 0.45453221704229807 8.474966753067918 -0.9638543254784883 0.49213862681209986 0.32987139115991915 0
567 6.111726495909251 -1.9817067938883624 2.2048741383511525 0.46395892875313083 0.48530123991150176 2
624 0.41949542211043633 -9.455767900756463 0.9410613197493677 0.547705608048796 0.38116092671905016 3
629 -0.18562244633942948 -8.99828420602938 0.987086870604687 0.5205595315297515 0.4198287811452187 3
650 0.8849014303388381 -11.695724590231348 -2.262622957308017 0.5896734373205657 0.4582436051658534 3
709 0.03291087722010433 5.959094500266105 2.8735632123357893 0.5028742331989952 0.40546489756497167 3
688 2.9968550559913982 -9.399827484515635 -2.2330204766058426 0.49476442078235905 0.4580763891429829 3
718 3.2717624175285485 -8.387309271989567 -2.2872308627762457 0.557826014582837 0.39509720881196353 3
764 11.68046992647241 2.2711852121012717 -2.630879454980674 0.5518000081658038 0.3886626179424087 3
770 11.253556927138087 2.5839797704183938 -2.7976783765532156 0.42392318141754504 0.3421936811719695 3
