0 1.1643186922086712 -2.0464613225557784 -0.9821428826933061 0.6649880693012771 0.4385000660565452 1
10 -0.02496549722645769 -9.194012994421534 0.7284598538516568 0.4948899081438103 0.3541232940129448 3
20 3.34115568971216 -8.309880355740916 0.7853027230010846 0.4747434363712466 0.42720022522924855 3
30 0.41157336591443994 4.491659269836144 -0.20862138715244716 0.41149137511734174 0.40032991159944975 3
35 0.10610953256293876 2.3074762013121 -0.7608544707912781 0.5604995572680355 0.5705326913946822 1
40 0.6085390345374803 2.784323664940201 -0.17180584824319187 0.3416373868440258 0.6995368530544855 1
45 1.4613485757472544 1.707522890748986 1.3856623759047866 0.6606814180989997 0.4150147558968274 1
51 1.784395821255268 4.683637097709884 -0.7117670855789375 0.45175513944816065 0.615450847190535 1
56 4.1655681966738625 -1.203457528634602 -1.4191207931036607 0.589814862298663 0.5301144393918994 1
61 4.809041173437807 -1.1109702426383925 -1.1855306178869292 0.5059348016445437 0.4712915093104863 2
66 2.8330719550787884 2.087169847326253 -0.616089383076164 0.36510191085690524 0.5909030474816174 1
71 4.316888288225568 -0.05467794028735409 -1.025761410468055 0.49127232023410705 0.7146512006990972 1
76 2.0453610806248617 9.304361751124455 2.155913374590416 0.5403997669379559 0.4983901059561865 0
82 4.0869888421175755 8.017604717360605 2.1004211076710053 0.41905152543452284 0.6132296314471124 2
88 3.456804227139172 8.201041912347197 2.109230669304982 0.4138685889465308 0.6038113376993962 3
94 3.5145281961353496 8.868939781918696 2.0712056825855107 0.5090108725187504 0.3660153369299042 0
100 8.76954575744442 6.931064418241333 0.5645049299419161 0.42453452613046316 0.5768045927975183 3
106 5.606583918085166 -5.164105219767708 -1.202900175770265 0.5812944063837773 0.44935089021750474 2
112 5.926394610119481 -5.861552652586975 -1.3186607789166496 0.5024906529222319 0.5054465269216638 3
118 5.460783659979629 4.135470002419533 1.9269455219195948 0.5105911406412075 0.36985157937899493 3
124 6.231861041864085 3.38845968796809 2.0392470926293216 0.5552921292913521 0.4435559559407124 2
130 8.30491516503503 -2.3906180860598387 -2.192341012896991 0.5089752551090507 0.5211705016033626 0
136 -0.6390332715535806 0.966888739613258 1.674340355633553 0.9716157983865981 0.40656788439934755 1
141 5.711376047554101 -7.128378895226783 -1.4532779826916358 0.4869169065585958 0.36023657963620875 0
147 7.997376028703226 -3.4004520699625584 -1.940484739167154 0.44889791120746525 0.4269598845334651 3
153 7.075144863538665 -3.5336537835820745 1.411158040353914 0.5294522199711749 0.4891000827141429 2
159 4.870938976695084 3.00783967756691 1.9285546843202506 0.38040122432339274 0.4722048636087342 2
165 7.058310585266265 0.9501879588887685 2.0056108042465253 0.492620475390723 0.4786228003604832 2
171 1.2461952602039494 -3.944849075522561 -0.913489606744454 0.6175438887312334 0.37297871165338004 1
176 1.5549649236007705 -3.509345051550926 -0.9498245915333828 0.4381857320537635 0.4651217520399835 1
181 4.922584144632309 -3.781674638197694 2.023012627913821 0.6228762523087947 0.7245050727561714 2
186 6.437036012759047 -0.31131839454729004 1.7622628689186608 0.5271046822082623 0.5202826991663846 3
191 3.1504636629975256 4.968373555994297 -0.8802456638366076 0.5436473237382089 0.5392989402638405 2
201 7.252910502622618 4.183335774268255 -1.1314445724896527 0.6122032036799205 0.5689245353077125 3
206 8.483943295715374 -3.980823838159383 -2.1145609222312842 0.5291773256395562 0.49915520439547995 3
241 9.306572794729929 6.444049199872746 -1.0617260106654494 0.6323754150639334 0.776198473031124 0
326 5.35671465170292 7.18978888569519 -1.0145410463326494 0.5198923945908089 0.5426536191409616 0
331 6.6358165231387645 -2.9495901546780328 1.5787802799914195 0.7699471627957226 0.6419157623542371 2
336 7.495108147755628 0.9319789856453636 1.9542961872774638 0.4462424826317319 0.4440581819766395 3
364 9.086278215087068 -1.5634975950263303 0.48813897369329295 0.42563231410058255 0.4102251355178866 3
341 4.8801897305943776 -9.583949801723268 1.193529640083669 0.4895703307564385 0.365591354506626 0
394 7.622032600160608 -4.065720287753213 1.436229899696973 0.525349329063421 0.3896732716946325 3
425 6.765056926913187 -5.011110111435062 2.1031167598351526 0.4871664973027132 0.368489601342037 3
287 -0.10760301550342333 8.957463550317984 -1.0055646368122493 0.5308248186179075 0.3899541197213932 3
488 8.920400082725871 -3.377412311513436 -1.9330513480122802 0.487268980685878 0.34755866186603274 0
512 7.227614724051835 -8.577159170430539 -1.0570584403901209 0.49732111780877714 0.6103247225949625 2
517 2.2787172068615877 -8.724844629574834 -2.3471322193901285 0.5061206649636997 0.4013536747123872 3
543 -1.4856515999840576 11.254810530397739 -0.9638543254784883 0.49213862681209986 0.3397255778192205 3
