0 1.1740035610260704 -2.060968160016405 -0.9821428826933061 0.6649880693012771 0.4727744797544169 1
10 0.6871210493100516 -8.623784429893146 0.7284598538516568 0.4948899081438103 0.43484336771240173 3
20 2.580548535602518 -9.555375847053098 0.7853027230010846 0.4747434363712466 0.3980031595071121 0
30 0.40148575658550945 4.455190826541532 -0.20862138715244716 0.3373492946280715 0.40496489375555444 3
35 0.10610953256293876 2.3074762013121 -0.7608544707912781 0.5604995572680355 0.5705326913946822 1
40 0.6770739008403687 2.7753273422921017 -0.17180584824319187 0.34742589875312097 0.49373376689872456 1
45 1.4386757515057336 2.0418004072435836 1.3856623759047866 0.595125456623483 0.4150147558968274 1
51 1.769826835558709 4.681031803510094 -0.7117670855789375 0.4291554537363707 0.6338911818405863 1
56 4.407751937868127 -2.3567289672398766 -1.4191207931036607 0.5442172483450287 0.5850543873718984 1
61 5.023793388545691 -2.2945906156624405 -1.1855306178869292 0.5691346884963343 0.5214565871005622 2
66 2.8376619825858516 1.9813228364744677 -0.616089383076164 0.40430887960018475 0.5969010572456978 1
71 4.032973524356305 -1.3398418826701999 -1.025761410468055 0.5046029631357946 0.47460686937811286 1
76 0.9527845716146056 10.920277144577343 2.155913374590416 0.5403997669379559 0.4983901059561865 0
82 3.698091573677404 9.25902356908931 2.1004211076710053 0.5489194263949058 0.5143510181683489 3
88 1.9888427678326268 9.829472414401572 2.109230669304982 0.4138685889465308 0.4549176219105002 0
94 2.7122615375267967 10.73608812842753 2.0712056825855107 0.5090108725187504 0.3660153369299042 0
100 8.79520111123275 6.932619660831133 0.5645049299419161 0.5646399439564096 0.6213903462690826 0
106 5.47419015229216 -6.3908833552331625 -1.202900175770265 0.5723305878814099 0.42438020028762213 2
112 5.775252180484516 -7.671967487882365 -1.3186607789166496 0.541706379274002 0.43003692743793476 0
118 5.06561481737163 5.360596301495168 1.9269455219195948 0.5105911406412075 0.4151969073912965 3
124 5.625940494746208 4.60761086044384 2.0392470926293216 0.5552921292913521 0.4435559559407124 3
130 8.51813577096898 -2.1327725111233424 1.146982923114463 0.6463244510557639 0.6260635669876902 3
136 -0.6390332715535806 0.966888739613258 1.674340355633553 0.9716157983865981 0.40656788439934755 1
147 8.16143414201197 -3.2742189245138578 -1.940484739167154 0.5418867237974113 0.4269598845334651 3
153 7.004542803317013 -3.3515528480905683 1.411158040353914 0.5294522199711749 0.5155082772802261 0
159 4.249171837955117 4.336139315498257 1.9285546843202506 0.4009365068390931 0.6325125013189079 2
165 6.5657529004160935 1.9268589528175042 2.0056108042465253 0.46132355723682034 0.4287217879647347 2
171 1.2461952602039494 -3.944849075522561 -0.913489606744454 0.6175438887312334 0.37297871165338004 1
176 1.5964247415540156 -3.5673002510050575 -0.9498245915333828 0.4381857320537635 0.3258958667486511 1
181 5.64024133755976 -2.651837074315828 1.4547084082512964 0.4733254250167129 0.34741641014516733 3
186 5.99310586121923 0.973104254045652 1.7622628689186608 0.4436704470412581 0.567949505399615 2
191 3.9717472599555417 3.420156976513476 -0.8802456638366076 0.5436473237382089 0.8604327577960089 2
201 7.734043891850397 3.1661984220651633 -1.1314445724896527 0.5575796162998723 0.5140709128694517 3
206 7.982867593338149 -5.091952504645139 -2.113385895407595 0.5291773256395562 0.49915520439547995 3
241 9.306572794729929 6.444049199872746 -1.0617260106654494 0.6323754150639334 0.776198473031124 0
326 6.644923784786381 4.891927057557927 -1.0145410463326494 0.5198923945908089 0.6278983273733957 3
331 7.450179367883364 -1.5013878435866288 1.1407637428354394 0.5255900069446647 0.5306024420262978 2
336 6.883626455674618 2.326200234441802 1.9542961872774638 0.46125178914978177 0.3589120191843258 3
364 9.208376760169122 -1.5501519428685193 0.48813897369329295 0.4870392694834982 0.3902474692289695 3
394 7.610512920455872 -4.031161248638892 1.436229899696973 0.525349329063421 0.3896732716946325 0
425 6.329419296974161 -3.8561216362150206 2.1031167598351526 0.4871664973027132 0.3586320457953804 2
287 0.25741952740199736 8.47670409984749 -1.0055646368122493 0.5308248186179075 0.3899541197213932 0
488 8.593817901752816 -4.835512446187346 -1.9994141043430043 0.487268980685878 0.34755866186603274 0
512 6.967975296374046 -8.662203031653762 -1.2365777600546513 0.6543516599182216 0.574367170791182 0
517 1.4685733263447909 -9.195261853437442 -2.347990284604301 0.5061206649636997 0.4013536747123872 3
543 -0.6022717752812059 10.58331965280912 -0.9638543254784883 0.49213862681209986 0.3397255778192205 0
567 6.805613295256797 -4.812905448717997 2.2048741383511525 0.41826502318676 0.6010370642229061 2
