0 1.1641013940200344 -2.0617770913154465 -0.9821428826933061 0.6128082444673915 0.5147574084703587 1
10 2.7268482963040395 -7.456475693896652 0.7284598538516568 0.4948899081438103 0.503651616829684 3
20 2.0053481688120987 -10.333056736432976 -2.220542275734761 0.5520124164545736 0.41672919938899783 3
30 0.34191333946712893 4.506406410564593 -0.20862138715244716 0.41149137511734174 0.5405619150763942 1
35 -0.06337161522747731 2.4446420982117156 -0.7608544707912781 0.43586501069277955 0.5610305394988838 1
40 0.6262962664020063 2.784138097674021 -0.17180584824319187 0.34742589875312097 0.5950337307082321 1
45 1.4766854067775144 2.0036341778046394 1.3856623759047866 0.595125456623483 0.4421707331005999 1
51 1.7927365233657833 4.676442358590305 -0.7117670855789375 0.45175513944816065 0.5941826198222073 1
56 5.499697237962025 -5.3955965088862845 -1.4191207931036607 0.6329606287541643 0.564284213312432 2
61 5.915924464149298 -5.478013400357941 -1.1855306178869292 0.5426445703733379 0.5878143878486313 3
66 3.2256729023776116 0.7474275177272784 -0.616089383076164 0.4203660129430154 0.5802329317676678 1
71 5.170559401489731 -4.43511193086302 -1.025761410468055 0.5612340619093399 0.46255503090404093 2
100 8.781475531195342 6.9388001212299315 0.5645049299419161 0.6253642499287871 0.7501152643753936 3
106 5.166773067176091 -5.848262118644346 -1.202900175770265 0.5343106619199941 0.4508292990155865 2
118 3.728370840689652 8.304283136073979 1.9269455219195948 0.5105911406412075 0.4714060937856462 3
124 4.395131811437779 8.050420180785492 2.0392470926293216 0.4112114870098958 0.3310957157845911 2
130 8.405745389252901 -1.8868947875207132 1.146982923114463 0.5143536420915862 0.39615096482165735 3
136 -0.6390332715535806 0.966888739613258 1.674340355633553 0.9716157983865981 0.40656788439934755 1
147 7.998617526909569 -3.4252705815634354 -1.940484739167154 0.5418867237974113 0.5570241196884793 2
153 7.043876119435358 -3.475026486388057 1.411158040353914 0.5294522199711749 0.5272315822400949 2
159 2.913610154709912 7.779000057352816 1.9285546843202506 0.4182600871594594 0.45423155810126287 0
165 4.887707397605011 5.038086907794941 2.0056108042465253 0.42440643311769327 0.39118901363739644 2
171 1.2461952602039494 -3.944849075522561 -0.913489606744454 0.6175438887312334 0.37297871165338004 1
176 1.5489441523506233 -3.500928830354211 -0.9498245915333828 0.4381857320537635 0.3258958667486511 1
181 7.083921516544335 0.043339929566712204 1.454708408251296 0.5550698528990234 0.46293529601059263 2
186 5.110557031827092 3.9723003104783174 1.7622628689186608 0.5054891732538156 0.6045291805917772 2
191 4.825780056025187 -0.4378459914712698 -0.8802456638366076 0.5701520851347183 0.6584754020100437 2
201 8.143097274868929 0.667262643870403 -1.3826740204193215 0.4975462013941449 0.5454036210957496 2
241 9.30657279472997 6.227058003218584 -1.0617260106654494 0.6323754150639334 0.776198473031124 3
326 6.583518700367161 0.40979292354111174 -1.252755644929954 0.552302047183745 0.6152716568233797 2
331 11.010192383137658 1.086883159955222 0.7063129265877393 0.5697453973042369 0.4244199016972727 3
336 5.401233895945797 5.192278702820563 1.9542961872774638 0.543816791988163 0.35578185967140613 2
364 9.161129456311473 -1.4252769198362563 0.48813897369329295 0.3744428201967223 0.432392805591119 3
394 7.610512920455872 -4.031161248638892 1.436229899696973 0.525349329063421 0.3896732716946325 3
425 5.687808310324721 -1.0558879803612782 2.1031167598351526 0.5079386252028748 0.5905991011330716 2
287 2.3308730515016842 5.656011753332406 -1.0055646368122493 0.5308248186179075 0.3899541197213932 3
517 -0.7048149602712552 -10.664152537378701 -2.347990284604301 0.5061206649636997 0.5221080109954764 3
543 0.8566475535959888 8.273909084791095 -0.9638543254784883 0.49213862681209986 0.32987139115991915 0
567 6.070941874668828 -1.6182440275234198 2.2048741383511525 0.4711721942809208 0.48530123991150176 2
624 0.7110475909089519 -9.093182773054572 0.9410613197493677 0.547705608048796 0.38116092671905016 3
629 0.12693083798188987 -8.772551278463993 0.9870868706046869 0.5205595315297515 0.4198287811452187 3
650 0.4855277892616845 -11.938821589147892 -2.262622957308017 0.5896734373205657 0.4582436051658534 3
709 -0.02189209568818365 5.857533441575184 2.8735632123357893 0.5028742331989952 0.40546489756497167 3
688 2.6039105138372967 -9.548412354649948 -2.2330204766058426 0.57970466960252 0.4580763891429829 3
718 2.774758164638757 -8.761792461687017 -2.2872308627762457 0.557826014582837 0.37556081794487245 3
764 11.282992017239716 2.050290147656448 -2.6308794549806738 0.5518000081658038 0.4618487499110189 3
770 10.92826460039548 2.5698366257774365 -2.7976783765532156 0.42392318141754504 0.3421936811719695 0
791 10.09617980794838 5.729960404926626 -2.6568603474960306 0.43654394170309246 0.48051753451599233 2
797 0.06101054877674761 10.27899459921058 -1.0443932789402524 0.4878163309522755 0.42067507616054634 3
