0 1.1643186922086712 -2.0464613225557784 -0.9821428826933061 0.6649880693012771 0.4385000660565452 1
10 -0.17136150311773182 -9.250874017882886 0.7284598538516568 0.4948899081438103 0.3541232940129448 3
20 4.084576200548467 -7.692001258028462 0.7853027230010846 0.4747434363712466 0.42720022522924855 0
30 0.44180353355401547 4.485259494252329 -0.20862138715244716 0.41149137511734174 0.33944856517271793 3
35 0.10610953256293876 2.3074762013121 -0.7608544707912781 0.5604995572680355 0.5705326913946822 1
40 0.641634231446519 2.8210657612687187 -0.17180584824319187 0.42387985764657404 0.6474953207457579 1
45 1.5351859010802211 1.4766719592043864 1.3856623759047866 0.6473139445652987 0.4150147558968274 1
51 1.7773310192271836 4.689731237849529 -0.7117670855789375 0.45175513944816065 0.6338911818405863 1
56 4.159918742111873 -0.8321584134626689 -1.4191207931036607 0.589814862298663 0.5971391848310745 1
61 4.728284647663334 -0.589656733889513 -1.1855306178869292 0.5824975674934552 0.4712915093104863 2
66 2.8691276655225146 2.221745998345836 -0.616089383076164 0.3444045064894056 0.3782567375971777 1
71 4.356738887830494 0.46622055391753986 -1.025761410468055 0.47264095715850973 0.4913256270368216 1
76 2.5732288497007394 8.479568361943352 2.155913374590416 0.5403997669379559 0.4983901059561865 3
82 4.257934092885832 7.496006579221094 2.1004211076710053 0.41905152543452284 0.47688150028811116 3
88 3.5722753016244866 7.706165878838535 2.109230669304982 0.4138685889465308 0.6038113376993962 2
94 3.8032863941788904 8.644914422602765 2.0712056825855107 0.5090108725187504 0.3660153369299042 3
100 8.79520111123275 6.932619660831133 0.5645049299419161 0.5646399439564096 0.6213903462690826 0
106 5.521917758538763 -4.755988815233316 -1.202900175770265 0.5812944063837773 0.44935089021750474 3
112 6.06816279727024 -5.517258483792322 -1.3186607789166496 0.5024906529222319 0.5054465269216638 3
118 5.634424373491455 3.684004147288891 1.9269455219195948 0.5105911406412075 0.36985157937899493 2
124 6.319957161847422 2.937848402018188 2.0392470926293216 0.5320978723621954 0.4435559559407124 2
130 8.273995543357527 -2.433787231489261 -2.192341012896991 0.5089752551090507 0.6260635669876902 2
136 -0.6390332715535806 0.966888739613258 1.674340355633553 0.9716157983865981 0.40656788439934755 1
141 5.529102664074863 -6.784084726432122 -1.4532779826916358 0.4869169065585958 0.36023657963620875 0
147 7.967600987353832 -3.4451146319866366 -1.940484739167154 0.44889791120746525 0.4269598845334651 2
153 7.065733817608137 -3.3207503084502337 2.0473560453885735 0.465928283211043 0.5932463043613355 2
159 5.062609546443067 2.594866074324655 1.9285546843202506 0.4654465141965985 0.766162675469667 2
165 7.115377764104965 0.40798012407993056 2.0056108042465253 0.39549153737250686 0.4786228003604832 3
171 1.2461952602039494 -3.944849075522561 -0.913489606744454 0.6175438887312334 0.37297871165338004 1
176 1.4928094401045422 -3.562238088521274 -0.9498245915333828 0.36297997521004327 0.4518640732442367 1
181 4.813096853046835 -4.105136881219414 2.023012627913821 0.6228762523087947 0.673567717859663 2
186 6.709955856834747 -0.5535001661327437 1.7622628689186608 0.4275689606642653 0.5202826991663846 2
191 2.941070279419734 5.46959941971119 -0.8802456638366076 0.4993374269405981 0.4908324956351145 2
201 6.867698549261211 4.669933767125143 -1.1314445724896527 0.5663146479861391 0.5689245353077125 3
206 8.48944153445224 -3.799371086504075 -1.8956271072701905 0.5291773256395562 0.49915520439547995 3
241 9.306572794729929 6.444049199872746 -1.0617260106654494 0.6323754150639334 0.776198473031124 0
326 5.389706387270122 7.024830207858979 -1.0145410463326494 0.5198923945908089 0.5426536191409616 2
331 6.409861970669789 -3.419836937233634 1.9496773423183864 0.6742374705986799 0.5793529335513592 2
336 7.505298765162841 0.403740734882744 1.9542961872774638 0.4462424826317319 0.4440581819766395 2
364 8.994701882796766 -1.4671075236941313 0.48813897369329295 0.470300831613928 0.39755062660167223 0
341 4.923331156867681 -9.475074663248794 1.193529640083669 0.4895703307564385 0.4057982293652768 0
394 7.756020286233133 -4.110382849777276 1.436229899696973 0.525349329063421 0.3896732716946325 3
425 6.9135197369659345 -5.456498541592587 2.1031167598351526 0.4871664973027132 0.368489601342037 2
287 -0.27865140000656863 9.077193501786903 -1.0055646368122493 0.5486774566326988 0.3899541197213932 3
488 8.88264225012483 -3.3594329729522485 -2.1024273440210397 0.4276785578236238 0.5243752660755047 2
512 6.983135532367008 -8.461476812513233 -0.9775513567121266 0.4695026240975367 0.41406335108192494 3
517 2.3783178340933224 -9.08609718730564 -2.3140443492640785 0.4856897138771157 0.40183680090932766 0
