0 1.1641013940200344 -2.0617770913154465 -0.9821428826933061 0.6128082444673915 0.5147574084703587 1
10 2.2092404136166532 -9.148815878670808 -2.2671485736606893 0.4948899081438103 0.44160826267843606 3
20 -0.009800517205585502 -11.893059643122093 -2.220542275734761 0.5520124164545736 0.41672919938899783 3
30 0.34191333946712893 4.506406410564593 -0.20862138715244716 0.41149137511734174 0.5405619150763942 1
35 -0.06337161522747731 2.4446420982117156 -0.7608544707912781 0.43586501069277955 0.5610305394988838 1
40 0.6886172807581262 2.7733243758707458 -0.17180584824319187 0.34742589875312097 0.4701260557465286 1
45 1.513654794109329 2.068463547084498 1.3856623759047866 0.7332443904441581 0.4706112938350062 1
51 1.7927365233657833 4.676442358590305 -0.7117670855789375 0.45175513944816065 0.5941826198222073 1
56 5.859888482281868 -7.6645932011191995 -1.4191207931036607 0.5838731303124436 0.6113623602013969 0
61 6.694106135888133 -7.374642442658482 -1.1855306178869292 0.5426445703733379 0.4439035302983397 0
66 3.9375850147679192 -0.9326104431200536 -0.616089383076164 0.5431060351312208 0.5154472637422447 1
71 5.822425309018017 -6.620904509857491 -1.025761410468055 0.6936930862687629 0.3745339922512137 3
100 8.781475531195342 6.9388001212299315 0.5645049299419161 0.6253642499287871 0.7501152643753936 3
106 5.132533585897558 -5.808942463527827 -1.202900175770265 0.4368706077681104 0.45286231205970306 2
118 3.047906634909929 9.582220893455544 1.9269455219195948 0.5170686051840935 0.40097410604658035 3
124 3.9286508392475916 9.784810743636417 2.0392470926293216 0.4753652756171119 0.3825711123434409 3
130 8.539038588399178 -2.004593670685586 1.146982923114463 0.6463244510557639 0.5337023868731849 3
136 -0.6390332715535806 0.966888739613258 1.674340355633553 0.9716157983865981 0.40656788439934755 1
147 7.3991234230259 -3.1141514923426197 1.290138991401242 0.48021942265922946 0.4479424870692864 3
153 6.885832665772876 -2.421421021290705 1.411158040353914 0.5294522199711749 0.6040484015617474 2
159 1.792821511163607 10.146100008175495 1.9285546843202506 0.4835216155562905 0.45423155810126287 3
165 3.9580063343862117 7.7016850798364445 2.0056108042465253 0.5039327486387812 0.47259831029807414 2
171 1.2461952602039494 -3.944849075522561 -0.913489606744454 0.6175438887312334 0.37297871165338004 1
176 1.6101497912057814 -3.586486007946465 -0.9498245915333828 0.4381857320537635 0.3880266812600181 1
181 7.660861472164342 1.947637340185519 1.454708408251296 0.5174198864097307 0.4836537500491955 3
186 4.4926804451010725 6.553976016081381 1.7622628689186608 0.5104410833645195 0.45738321882551924 0
191 5.821540218350594 -3.4917097357228446 -0.8802456638366076 0.6156315429624282 0.7350792835972728 2
201 7.902896242884704 -1.3843934190033307 -1.3826740204193215 0.4975462013941449 0.54925645042553 3
241 9.26943477644599 6.237442283361815 -1.0617260106654494 0.6323754150639334 0.776198473031124 3
326 6.222162913098924 -2.7992895521548715 -1.252755644929954 0.5323851938441228 0.6387740159819645 2
336 4.595224064837934 7.830068451178542 1.9542961872774638 0.5020353703363362 0.41483079960567776 0
364 9.111475625491758 -1.3850492205563745 0.48813897369329295 0.3744428201967223 0.4618001729604937 3
394 7.393437906460011 -3.715728660196541 1.436229899696973 0.525349329063421 0.3896732716946325 3
425 5.019439734246816 1.4314015687480643 2.1031167598351526 0.5079386252028748 0.7659406186302167 2
287 3.2639721618358313 3.4911978798921552 -1.0055646368122493 0.5308248186179075 0.4655500607098761 2
517 -2.700440044152013 -11.355039883471612 -2.347990284604301 0.5061206649636997 0.5221080109954764 3
543 2.027493046284405 6.134360118695817 -0.9638543254784883 0.49213862681209986 0.32987139115991915 3
567 5.940872761557601 0.6419600725450091 2.2048741383511525 0.5427237102041119 0.6489841904873663 2
624 3.100570555677065 -7.535429073459006 0.9410613197493677 0.44343883408637474 0.38116092671905016 3
629 1.9748924840683082 -7.444784611676102 0.9870868706046869 0.5205595315297515 0.4863067736053957 0
709 -0.02189209568818365 5.857533441575184 2.8735632123357893 0.5028742331989952 0.40546489756497167 3
688 0.44193242969032764 -11.10862625534621 -2.2330204766058426 0.483033325071849 0.4337796096493532 3
718 0.7495849905205905 -10.043103147033994 -2.2872308627762457 0.5751570007988599 0.6518754699375188 3
764 9.436471759912205 0.6022494280193914 -2.6308794549806738 0.4528900339509743 0.45401616212914003 3
770 8.797115823033655 1.0367232819071543 -2.7976783765532156 0.42392318141754504 0.4083447818606295 3
791 8.082414762040589 5.385927054772782 -2.6568603474960306 0.5746875318948128 0.42643455110892026 2
797 1.2509854584828577 8.50516907533166 -1.0443932789402524 0.4878163309522755 0.42067507616054634 3
858 0.9708094814493615 10.125336680612156 -1.0287926533423384 0.5160974400619469 0.40133741762392017 3
