0 1.1643186922086712 -2.0464613225557784 -0.9821428826933061 0.6649880693012771 0.4385000660565452 1
10 -1.2578810548608919 -10.084068336137232 0.7284598538516568 0.5096633031708969 0.3541232940129448 3
15 -2.8642143341787896 -11.682097856123438 -2.3139646465407586 0.57096610923806 0.36071376901857083 3
20 2.545776297102768 -6.95204444345724 0.7853027230010846 0.4747434363712466 0.3661241668397114 3
30 0.3562423296935089 4.503372940063045 -0.20862138715244716 0.41149137511734174 0.5117625713345721 2
35 0.08115839190539348 2.3312316620185505 -0.7608544707912781 0.5604995572680355 0.7559508113940205 1
40 0.641634231446519 2.8210657612687187 -0.17180584824319187 0.42387985764657404 0.6474953207457579 1
45 1.629026237949844 0.3661533879798735 1.3856623759047866 0.44933877800610783 0.43500529639055024 1
51 1.7773310192271836 4.689731237849529 -0.7117670855789375 0.45175513944816065 0.6338911818405863 2
56 3.3487054589404774 1.2762921799467364 -1.4191207931036607 0.6270907357028418 0.5039571245978027 1
61 4.38862102604479 1.6162235162086813 -1.1855306178869292 0.40090501378453763 0.5861333493686326 3
66 2.7885147406529835 3.70978971093081 -1.4849691617171437 0.6787400553023171 0.7445108165353355 1
71 4.335897898120872 2.652141747991627 -1.025761410468055 0.37475299518207916 0.45291022869210606 1
76 3.5098494170897903 6.907483522362607 2.155913374590416 0.455369008284225 0.6682257453766054 2
82 4.967254619871843 5.467222383977315 2.1004211076710053 0.41905152543452284 0.5186258571818878 2
88 4.332141683659089 5.867389351627136 2.109230669304982 0.36862913151591725 0.5012000466855632 0
94 4.7464966074424355 6.738056342686959 2.0712056825855107 0.3872880077670085 0.6051149554575629 3
100 8.809261456865423 6.910415948711976 0.5645049299419161 0.5646399439564096 0.6213903462690826 3
106 4.881602353782752 -2.8543131695689583 -1.202900175770265 0.6394377935737953 0.5241768644976307 2
112 5.504149246484165 -3.1860195688805915 -1.3186607789166496 0.5652606785485094 0.5754564671701378 3
118 6.079345877225482 1.6236277582028082 1.9269455219195948 0.4877511095766982 0.5696832145638403 0
124 7.063929798221899 1.058451719896007 2.0392470926293216 0.45571380705613007 0.42308608372534456 0
130 8.248093782162844 -2.5059529104797744 -0.6241687171412427 0.5553978752189237 0.4965501222927891 2
136 -0.6390332715535806 0.966888739613258 1.674340355633553 0.9716157983865981 0.40656788439934755 1
141 5.762827646699117 -5.3103498932431705 -1.4532779826916358 0.5301822359556047 0.4169028515905669 2
147 7.990380601626486 -3.432695604858972 1.644264350544336 0.44889791120746525 0.3364204331743562 3
153 6.646072932089396 -4.43913615782738 1.914564934810532 0.6548205995658121 0.4333098028821861 0
159 5.928331592688626 0.5747359157715234 1.9285546843202506 0.4340515615472947 0.44769337604320686 3
165 6.772097868124781 -0.9062412786289379 2.0056108042465253 0.4530801886025564 0.6054539754284977 2
171 1.2461952602039494 -3.944849075522561 -0.913489606744454 0.6175438887312334 0.37297871165338004 1
176 1.5964247415540156 -3.5673002510050575 -0.9498245915333828 0.4381857320537635 0.3258958667486511 1
181 5.144280748563514 -5.842674909896291 2.023012627913821 0.5627585282174562 0.33430994975575234 2
186 6.901789869839763 -2.7645276410624002 2.2719102395586637 0.4612656416974038 0.5233996794828687 2
191 1.265424833381655 8.077299180803909 -0.8802456638366076 0.4696804194368412 0.39667109522911453 3
201 5.934934392146496 6.302720242579553 -1.1314445724896531 0.5036674124165781 0.5087776006047336 3
206 8.77132823904914 -1.834855844410834 -1.327558105108648 0.5134012986881509 0.5054887690729895 2
241 9.257676724276827 6.559742082196304 -1.0617260106654494 0.6052641802447977 0.5292665509633441 3
326 3.8661580429005657 9.554997741999273 -1.0145410463326494 0.5198923945908089 0.3773874420867195 3
331 6.884868197705406 -5.846185732960489 1.9600701246735366 0.4966776410547892 0.7064703959972856 2
336 7.2099664097606455 -1.1611830465436719 1.9542961872774638 0.3656028223492655 0.5890171819606426 3
364 7.8599742446585745 -1.9880699402885689 -0.5767767762450012 0.6075568406070898 0.3440975622096723 2
341 3.127403384233024 -11.052145692367713 1.193529640083669 0.4895703307564385 0.365591354506626 3
394 8.086680290094884 -4.114609884526369 2.002710390123557 0.45218140626300696 0.35084949846319136 3
287 -1.4112168550550717 10.4464486705465 -1.0895185290808045 0.4616852689674325 0.4084349717944904 3
