0 1.1643186922086712 -2.0464613225557784 -0.9821428826933061 0.6649880693012771 0.4385000660565452 1
10 0.8498636449350356 -8.394959116460502 0.7284598538516568 0.4948899081438103 0.503651616829684 3
20 3.5184623381099014 -8.85566237534122 0.7853027230010846 0.4747434363712466 0.3980031595071121 3
30 0.3562423296935089 4.503372940063045 -0.20862138715244716 0.41149137511734174 0.5117625713345721 1
35 -0.03482411222824272 2.4922991436495128 -0.7608544707912781 0.41151431097450797 0.5705326913946822 1
40 0.6143606701100763 2.7927400169086942 -0.17180584824319187 0.33483214279291895 0.6213020565214563 1
45 1.4852549735911018 1.9933211627370966 1.3856623759047866 0.595125456623483 0.4150147558968274 1
51 1.7773310192271836 4.689731237849529 -0.7117670855789375 0.45175513944816065 0.6338911818405863 2
56 4.474678245263567 -2.714755448762198 -1.4191207931036607 0.5442172483450287 0.7465714456529571 1
61 5.071442362369869 -2.7567213123250234 -1.1855306178869292 0.5691346884963343 0.4665019436235592 2
66 2.7853899926877856 1.9074946037613514 -0.616089383076164 0.36021905516308217 0.5969010572456978 1
71 4.136459478995152 -1.6624649547472934 -1.025761410468055 0.624418929571908 0.47460686937811286 1
76 0.6257051112599832 11.535956128774352 2.155913374590416 0.5403997669379559 0.4983901059561865 0
82 3.117009033627423 9.86796615928667 2.1004211076710053 0.5489194263949058 0.5143510181683489 0
88 1.8349230217833925 10.098831969987781 2.109230669304982 0.4138685889465308 0.4549176219105002 0
94 2.462141950196792 10.966967747501418 2.0712056825855107 0.5090108725187504 0.3660153369299042 0
100 8.659963179479428 6.918656660444913 0.5645049299419161 0.5304514283277072 0.7501152643753936 3
106 5.314586537204388 -6.47826043567805 -1.202900175770265 0.5723305878814099 0.5780036298554293 3
112 5.842432117529276 -8.021303160514496 -1.3186607789166496 0.541706379274002 0.43003692743793476 0
118 5.1707150611785835 5.620188659839597 1.9269455219195948 0.5105911406412075 0.4151969073912965 3
124 5.588255326832175 4.972865044272567 2.0392470926293216 0.3792328374320347 0.47507722920468665 2
130 8.457505877786256 -2.011512724757563 1.146982923114463 0.6463244510557639 0.6260635669876902 2
136 -0.6390332715535806 0.966888739613258 1.674340355633553 0.9716157983865981 0.40656788439934755 1
147 8.038862726491931 -3.615079504164003 -1.940484739167154 0.5418867237974113 0.4269598845334651 0
153 6.980988559383091 -3.386036971042682 1.411158040353914 0.5294522199711749 0.4412093533586854 2
159 4.103633633952162 4.631338391484638 1.9285546843202506 0.41569132250341506 0.31516754850143064 3
165 6.206904426026639 2.402889548018012 2.0056108042465253 0.49273947983851757 0.4287217879647347 2
171 1.2461952602039494 -3.944849075522561 -0.913489606744454 0.6175438887312334 0.37297871165338004 1
176 1.4878754901962548 -3.4896523530337586 -0.9498245915333828 0.4381857320537635 0.3739676058596653 1
181 5.733722791658185 -2.5243627107913804 1.454708408251296 0.4733254250167129 0.34741641014516733 3
186 5.890926097976638 1.3465953680592584 1.7622628689186608 0.48369096932109573 0.663578021285018 2
191 4.230514727324673 2.956662868456438 -0.8802456638366076 0.43078126955094737 0.5448049213957139 3
201 7.960526939963557 2.6963614155916384 -1.1314445724896527 0.5575796162998723 0.45619161205831826 3
206 8.005906952747706 -5.449062575491748 -2.113385895407595 0.5291773256395562 0.49915520439547995 3
241 9.306572794729929 6.444049199872746 -1.0617260106654494 0.6323754150639334 0.776198473031124 0
326 7.018675644120135 4.300364794895038 -1.0145410463326494 0.5198923945908089 0.4110845179229383 3
331 7.776249989204733 -1.1219774032492906 1.1407637428354394 0.400798988138314 0.6380238526586298 2
336 6.670969547186959 2.7011233288014997 1.9542961872774638 0.504210994586364 0.3589120191843258 3
364 9.104699642826606 -1.5731913022778479 0.48813897369329295 0.4870392694834982 0.3902474692289695 3
394 7.610512920455872 -4.031161248638892 1.436229899696973 0.525349329063421 0.3896732716946325 0
425 6.314188758029186 -3.356122122959881 2.1031167598351526 0.5367172743184832 0.6498649593811391 3
287 0.818433326969173 7.848368644332288 -1.0055646368122493 0.5308248186179075 0.3899541197213932 3
488 8.593817901752816 -4.835512446187346 -1.9994141043430043 0.487268980685878 0.34755866186603274 0
512 7.088112483551456 -8.525215330440792 -1.3113912063721345 0.6543516599182216 0.5223589661462469 3
517 1.2739975217801436 -9.395749537809577 -2.347990284604301 0.5061206649636997 0.4120806037557119 3
543 -0.45511042598470386 10.246679763653646 -0.9638543254784883 0.49213862681209986 0.3397255778192205 0
567 6.482908911801956 -4.4077366257803945 2.2048741383511525 0.41826502318676 0.4784154364924927 2
624 -1.5704353834069416 -11.562944073208994 0.941061319749368 0.45839301575760627 0.4046296063428943 3
629 -1.9981263262335769 -11.47426353196601 0.987086870604687 0.5205595315297515 0.4198287811452187 3
