0 1.1641013940200344 -2.0617770913154465 -0.9821428826933061 0.6128082444673915 0.5147574084703587 1
10 3.9236235040058984 -8.747277347965253 0.7284598538516568 0.4948899081438103 0.503651616829684 0
20 1.4813074410620017 -10.915197972500598 -2.220542275734761 0.5520124164545736 0.41672919938899783 3
30 0.34191333946712893 4.506406410564593 -0.20862138715244716 0.41149137511734174 0.5405619150763942 1
35 -0.06337161522747731 2.4446420982117156 -0.7608544707912781 0.43586501069277955 0.5610305394988838 1
40 0.6262962664020063 2.784138097674021 -0.17180584824319187 0.34742589875312097 0.5950337307082321 1
45 1.4766854067775144 2.0036341778046394 1.3856623759047866 0.595125456623483 0.4421707331005999 1
51 1.7927365233657833 4.676442358590305 -0.7117670855789375 0.45175513944816065 0.5941826198222073 2
56 5.632095515448546 -6.11649857980788 -1.4191207931036607 0.475326581160576 0.6113623602013969 2
61 6.050366253214187 -6.346356596620473 -1.1855306178869292 0.3951393108425337 0.45289518052335276 3
66 3.527019412660502 0.1445906007353631 -0.616089383076164 0.5431060351312208 0.5580017977516293 1
71 5.498671633996608 -5.165863019007047 -1.025761410468055 0.49247243481650577 0.5220760807522181 2
100 8.781475531195342 6.9388001212299315 0.5645049299419161 0.6253642499287871 0.7501152643753936 3
106 5.1580246563553995 -5.825565195030818 -1.202900175770265 0.5343106619199941 0.5046237411116022 2
118 2.8075449338346026 8.97112302872988 1.9269455219195948 0.5170686051840935 0.40097410604658035 0
124 4.041028653079257 8.78028218788317 2.0392470926293216 0.36326110492903113 0.3825711123434409 3
130 8.539356656422521 -2.0300136165756966 1.146982923114463 0.5361993986723934 0.5846464117663165 2
136 -0.6390332715535806 0.966888739613258 1.674340355633553 0.9716157983865981 0.40656788439934755 1
147 8.03512213225406 -3.3310663014197166 -1.940484739167154 0.5418867237974113 0.5883133811022341 2
153 6.847991192540813 -3.3499446492297302 1.411158040353914 0.5294522199711749 0.6040484015617474 2
159 2.5007354521873504 8.249549983184059 1.9285546843202506 0.4835216155562905 0.45423155810126287 0
165 4.586527521250442 5.807403554813964 2.0056108042465253 0.4622837671453369 0.363586283644522 3
171 1.2461952602039494 -3.944849075522561 -0.913489606744454 0.6175438887312334 0.37297871165338004 1
176 1.5489441523506233 -3.500928830354211 -0.9498245915333828 0.4381857320537635 0.3258958667486511 1
181 7.269335609890434 0.7935486890290804 1.454708408251296 0.4403336533919803 0.5086244956353921 2
186 4.962558084867064 4.705845956383498 1.7622628689186608 0.5104410833645195 0.5018574967502097 2
191 4.97103188479591 -1.5433539352331485 -0.8802456638366076 0.6883486661528256 0.49443330622774134 2
201 8.132692185430157 -0.11336738412716521 -1.3826740204193215 0.4975462013941449 0.43955178024453745 3
241 9.26943477644599 6.237442283361815 -1.0617260106654494 0.6323754150639334 0.776198473031124 3
326 6.573008599656299 -0.7146693448289456 -1.252755644929954 0.552302047183745 0.4731700826437957 2
336 5.088312119979793 5.977105172901485 1.9542961872774638 0.5020353703363362 0.41483079960567776 3
364 9.130157838765788 -1.3988513318491782 0.48813897369329295 0.3744428201967223 0.4618001729604937 3
394 7.610512920455872 -4.031161248638892 1.436229899696973 0.525349329063421 0.3896732716946325 0
425 5.5278681227327855 -0.2552894779554912 2.1031167598351526 0.5079386252028748 0.6261567492288554 1
287 2.64974499110391 5.044361033311918 -1.0055646368122493 0.6033174234025428 0.5972718788191866 2
517 -1.5905966512302596 -10.825512264414797 -2.347990284604301 0.5061206649636997 0.5221080109954764 3
543 1.3152369815963276 7.50131696755267 -0.9638543254784883 0.49213862681209986 0.32987139115991915 0
567 6.072502827548553 -0.9801876061559747 2.2048741383511525 0.4711721942809208 0.48530123991150176 2
624 1.617269384848217 -8.592366651150817 0.9410613197493677 0.547705608048796 0.38116092671905016 3
629 1.0072142644036741 -8.242398831700108 0.9870868706046869 0.5205595315297515 0.4198287811452187 3
709 -0.02189209568818365 5.857533441575184 2.8735632123357893 0.5028742331989952 0.40546489756497167 3
688 1.919505311991308 -10.071813878380114 -2.2330204766058426 0.57970466960252 0.5935757386047422 3
718 2.17419212482093 -9.219860703168184 -2.2872308627762457 0.557826014582837 0.575713976709146 3
764 10.60781839213581 1.7111060486205825 -2.6308794549806738 0.5048785999914546 0.5747470701455368 2
770 10.105066647302388 1.8790083730093334 -2.7976783765532156 0.42392318141754504 0.32218527093066635 2
791 9.33023897544269 5.507958421209909 -2.6568603474960306 0.5322671697245852 0.48051753451599233 3
797 0.35952096732423594 9.712441942604226 -1.0443932789402524 0.4878163309522755 0.42067507616054634 3
821 -1.275104292968547 -11.510470896706869 -2.321152230474279 0.42774497526198113 0.3322132498268858 3
