0 1.421781696604603 -1.959134606695794 -0.9821428826933061 0.7094683234806018 0.41346581281933675 1
30 0.34191333946712893 4.506406410564593 -0.20862138715244716 0.41149137511734174 0.5405619150763942 1
35 0.1546718958593329 2.4696115299222563 -0.7608544707912781 0.4106013135294111 0.5953043966907436 1
40 0.4905056993191969 2.909385737940267 -0.17180584824319187 0.34742589875312097 0.617853799377477 1
45 1.5906634558484471 2.7885957286163463 1.3856623759047866 0.6317512358544062 0.4478013917122556 1
51 1.7927365233657833 4.676442358590305 -0.7117670855789375 0.45175513944816065 0.5941826198222073 1
66 5.737271134779314 -5.575655932415891 -1.4215526277308812 0.5651276873535463 0.43498937082771166 2
71 -0.38379387755302435 -11.86794328259964 -2.063155034515448 0.41398854986261296 0.3677676685874786 3
100 8.774534421818753 6.9344047121926815 0.5645049299419161 0.6253642499287871 0.7664324374543235 3
106 5.204335084416075 -5.331843029636432 -1.4533568618142685 0.45900026157672086 0.39829481836819736 3
130 8.700073454430498 -2.1805502549283804 1.146982923114463 0.6463244510557639 0.5414290440577196 0
136 -0.6390332715535806 0.966888739613258 1.674340355633553 0.9716157983865981 0.40656788439934755 1
147 5.742043754439045 1.4761916917231441 1.7003732089184658 0.5510098397385611 0.6273511500681271 2
153 3.8276585811514043 8.976688912828804 2.0464192301957125 0.47708042097451836 0.4617189171604987 3
171 1.2602665558203217 -3.963080904451216 -0.913489606744454 0.6175438887312334 0.4181461201530045 1
176 1.6053953298487744 -3.5610818904165504 -0.9498245915333827 0.4755470887427626 0.38833127863245703 1
241 9.380310297666307 6.221390249542838 -1.0617260106654494 0.6323754150639334 0.776198473031124 3
364 9.132750155809967 -1.4191840310499086 0.15650762389956857 0.4338075633146098 0.42457368549260505 3
394 6.473330911612514 1.4964366317040947 1.790699696192284 0.47592390318880484 0.5417348640878341 3
425 2.0346987390363522 9.04885641183436 2.1031167598351526 0.49698297494965454 0.5272444955101141 3
287 5.251097108779109 -2.739186417904511 -1.0712764304834101 0.6038712364877138 0.6203113400536747 2
543 5.349079550598687 0.26802815852160244 -1.1913294831216712 0.34694057348453466 0.40991416352819 3
567 2.6397151055532864 8.331345584974365 2.2048741383511525 0.5162778548006705 0.4465471441759927 3
709 -0.02189209568818365 5.857533441575184 2.8735632123357893 0.5028742331989952 0.40546489756497167 0
764 8.372874416286567 -5.816323271653916 -1.3179368582839621 0.5456230370340417 0.40671432346301273 2
770 7.655231701095789 -5.939922665677657 -1.3190064827462422 0.4164925342268349 0.2832760352220658 2
791 7.023527413797608 3.507581645116336 -2.2560158852176615 0.49751621497314563 0.4078577419456375 0
858 4.6915662852645115 2.0301570441226535 -1.5269266549042135 0.4054136096555468 0.4843251562967555 3
956 7.626702785274284 -1.878180737478228 -2.405358205475785 0.5867081457378297 0.48595101499905125 3
962 7.214943378668764 -1.409624020834716 -2.4108075897134773 0.5715427843284759 0.46745516286797795 2
1013 6.281477423378585 -0.9997036334867568 1.7737016999717186 0.43941901461530414 0.4447807594616249 2
1062 5.942705946082355 -1.4373067656387086 1.7641493297254152 0.47419955165312994 0.5978960989628416 2
1067 7.330707775398812 0.5896602456642734 -1.3060897376499694 0.43830358777219874 0.4634785776402199 2
1072 4.814615235461554 0.16754771720329642 -1.1629862710225933 0.3932363966654933 0.4008867112608838 2
1143 4.132767558567077 1.8361800314490353 -1.4757283023523597 0.4188269606790604 0.5324902834496955 2
629 5.48282340727909 -1.6404575966362744 1.8197084105215917 0.5107011021203249 0.6460306486031443 2
1186 6.558157717654442 -2.909373605544864 1.5950235124927754 0.484795820538026 0.44410369587742027 2
1279 5.942119709096296 4.347101390233707 -0.7544205876071063 0.4071515461079173 0.4755378244526874 2
1284 -0.31469993479586666 -10.723036325862541 1.1966594914986324 0.4175320125112851 0.4294693928678317 0
1289 2.5803180392609733 -9.694732101055934 1.1726994528935766 0.5378657778261908 0.38010915148351204 3
1294 3.0424070727468724 -10.65554652866898 1.1414862485510744 0.5054857424691287 0.36859525350042155 0
1405 -1.3855228582265224 -10.890209471652758 1.2926942721287324 0.5660794402331714 0.40285074239934326 3
1410 -2.2030625384291005 -10.923388845184656 1.0982277700482828 0.5093899306730512 0.3914992512245693 3
1415 4.749606268918349 -9.881605066363026 1.1197725726750922 0.557232014052964 0.3772710326080553 0
