0 1.4910356624513308 -1.8156603178377966 -0.9821428826933061 0.6718284333726697 0.40843964150802814 1
30 0.34191333946712893 4.506406410564593 -0.20862138715244716 0.41149137511734174 0.5405619150763942 1
35 0.1756405659269222 2.5058675190360766 -0.7608544707912781 0.48779630308586647 0.5610305394988838 1
40 0.504388405198438 2.886993005180052 -0.17180584824319187 0.38694004192271925 0.6530148564324454 1
45 1.5712091063188198 2.7922391097496293 1.3856623759047866 0.6708805604314659 0.4478013917122556 1
51 1.7927365233657833 4.676442358590305 -0.7117670855789375 0.45175513944816065 0.5941826198222073 1
66 5.470844985477867 -4.69355112177318 -1.4215526277308812 0.5651276873535463 0.4442341389414531 2
71 0.970363496314226 -10.993168807784146 -2.063155034515448 0.5106701860073316 0.510284036174569 3
100 8.774534421818753 6.9344047121926815 0.5645049299419161 0.6253642499287871 0.7664324374543235 3
106 5.215178009033536 -5.525932837258848 -1.202900175770265 0.45900026157672086 0.39829481836819736 3
130 8.51616116474329 -2.0044418396141346 1.146982923114463 0.6463244510557639 0.5414290440577196 2
136 -0.6390332715535806 0.966888739613258 1.674340355633553 0.9716157983865981 0.40656788439934755 1
147 6.008832131436865 0.09241258407954153 1.7003732089184662 0.5600470435915873 0.5864340343903857 2
153 4.638520217505559 6.319720563742916 1.8691903205559615 0.5737349954108952 0.5594145805406877 2
171 1.2602665558203217 -3.963080904451216 -0.913489606744454 0.6175438887312334 0.4181461201530045 1
176 1.6053953298487744 -3.5610818904165504 -0.9498245915333827 0.4755470887427626 0.38833127863245703 1
201 9.065834120724185 -6.575281098092762 -1.1155959807334197 0.5788846268586094 0.5480025280187126 2
241 9.26943477644599 6.237442283361815 -1.0617260106654494 0.6323754150639334 0.776198473031124 3
364 9.132750155809967 -1.4191840310499086 0.15650762389956857 0.4338075633146098 0.42457368549260505 2
394 6.600743939433468 0.2689743750297585 1.790699696192284 0.47592390318880484 0.5417348640878341 3
425 3.1074662619277684 7.669045908052428 2.1031167598351526 0.49698297494965454 0.6395633778718217 3
287 4.873127257598335 -1.4522311690640093 -1.0055646368122493 0.45421082297503806 0.6389869269683025 2
543 5.024335040328611 1.7528322437778947 -1.1913294831216712 0.33434212872636854 0.40991416352819 3
567 3.771590162051158 6.947732645746395 2.2048741383511525 0.4650554706009777 0.3528781146823089 0
709 -0.02189209568818365 5.857533441575184 2.8735632123357893 0.5028742331989952 0.40546489756497167 0
764 8.225537283933322 -4.226928606903446 -1.6162718779356406 0.5456230370340417 0.5196065912963708 0
770 7.596057889574558 -4.2763441019596975 -1.6692294916482724 0.4164925342268349 0.3654966357931161 0
791 6.986860095269026 4.623093178626526 -2.2560158852176615 0.4203519350486722 0.5834755351010551 2
858 3.883835540487705 3.341920350385575 -1.6308638314143857 0.4255878398209491 0.4404670348999114 2
956 8.117907155293215 -0.5556880108849085 -2.261710000958775 0.5454867903905807 0.41773098827392435 2
962 7.6337379510228285 -0.0453050480699769 -2.4108075897134773 0.5489953075793301 0.46532040035613426 3
967 -0.6069356483079624 -11.050421378224533 -1.878524074764963 0.47581120041149494 0.4864435187985622 3
1013 6.518834555392437 -2.6406853769697634 1.7737016999717186 0.43941901461530414 0.42973674806803663 2
1062 5.959069262957869 -3.191676547367338 1.6307309865346946 0.47419955165312994 0.4573786127037813 2
1067 6.816027515189138 2.609681928035643 -1.3060897376499694 0.43830358777219874 0.4951869641829918 2
1072 4.691831216400182 1.568508371684585 -1.1629862710225933 0.36833525828745606 0.44637373617335285 2
1143 3.4677305518243613 3.230266795565586 -1.5550911540821475 0.48021492294948226 0.5682809855252551 2
629 5.308706140276004 -2.991710946152355 1.5702549350792292 0.5288218933980542 0.5956919243221506 2
1186 6.645726351695095 -4.151970397245051 1.5950235124927754 0.484795820538026 0.44410369587742027 3
1019 -0.22825844267054962 -11.505433184425945 -1.902818696366592 0.5075002468677309 0.3949306685401445 3
1279 4.389441956974041 4.782745034872777 -1.1840602338251947 0.403840993290367 0.488254052460857 2
1284 -1.2213794388563382 -11.88655314339993 1.1966594914986324 0.46072941623336866 0.4294693928678317 3
1289 1.5271974641792812 -11.15687830882954 1.1726994528935766 0.5378657778261908 0.4395170061753366 2
1294 2.352655713583415 -11.226938002692451 1.1414862485510744 0.5054857424691287 0.36859525350042155 3
